786
0 1 2 4
0 6 11 6
0 8 11 8
0 9 11 9
0 11 11 11
0 12 2 15
0 16 3 18
0 19 5 20
0 21 11 21
0 22 0 33
0 34 2 37
0 38 5 39
0 40 11 40
0 41 3 43
0 44 11 44
0 45 1 50
0 51 3 53
0 54 1 59
1 10 12 10
1 23 6 24
1 25 12 25
1 26 4 28
1 29 4 31
2 45 5 47
2 57 13 57
2 58 7 59
3 1 5 4
3 13 14 13
3 32 5 35
3 36 8 37
3 48 14 48
3 54 14 54
4 7 15 7
4 14 6 17
4 18 15 18
4 41 15 41
4 42 9 43
4 50 15 50
4 51 15 51
5 5 16 5
5 22 16 22
5 26 8 28
6 0 17 0
6 1 11 2
6 12 17 12
6 19 17 19
6 29 17 29
6 32 17 32
6 33 17 33
6 34 17 34
6 38 17 38
6 46 11 47
7 14 10 16
7 24 18 24
7 55 18 55
8 31 19 31
8 52 19 52
8 58 19 58
9 23 20 23
9 26 20 26
9 27 14 28
9 35 12 37
9 49 20 49
10 42 21 42
10 43 21 43
10 45 21 45
12 4 23 4
12 9 23 9
12 16 17 17
12 21 23 21
12 30 23 30
12 40 23 40
12 44 23 44
12 47 23 47
13 6 24 6
13 25 24 25
13 36 24 36
13 37 24 37
14 1 19 2
14 20 25 20
14 46 25 46
14 57 25 57
15 54 26 54
16 28 27 28
16 41 27 41
17 10 28 10
17 14 22 15
17 50 22 51
18 0 29 0
18 7 29 7
18 11 21 13
18 17 23 18
18 19 29 19
18 32 21 34
18 35 29 35
19 55 30 55
19 59 30 59
20 2 25 3
20 39 31 39
20 48 31 48
20 52 25 53
21 23 26 24
22 11 33 11
22 22 33 22
22 42 27 43
23 12 28 13
23 15 28 16
23 31 25 34
23 49 26 51
24 8 35 8
24 9 35 9
24 18 35 18
24 26 35 26
25 21 36 21
25 25 36 25
25 36 36 36
25 56 36 56
26 1 31 2
26 3 28 6
26 20 37 20
26 29 31 30
26 37 31 38
26 52 31 53
27 23 32 24
27 49 30 51
27 54 38 54
28 28 39 28
28 32 39 32
28 41 33 42
28 43 39 43
28 57 39 57
29 3 31 6
29 12 31 15
29 16 34 17
29 27 40 27
29 47 40 47
29 58 40 58
30 19 41 19
31 33 36 34
31 40 42 40
31 49 34 51
31 55 42 55
32 0 34 3
32 4 37 5
32 6 37 7
32 12 34 15
32 38 43 38
32 48 43 48
33 52 38 53
34 22 37 24
34 29 45 29
34 35 45 35
34 41 45 41
35 1 46 1
35 2 46 2
35 10 40 11
35 12 37 15
35 16 46 16
36 17 41 18
36 30 47 30
36 45 47 45
36 49 39 51
37 8 42 9
37 33 48 33
37 44 48 44
37 46 48 46
38 5 41 7
38 12 41 14
38 15 49 15
38 20 40 23
38 24 49 24
39 52 44 53
40 37 51 37
40 49 51 49
41 4 52 4
41 10 52 10
41 20 52 20
41 21 46 22
41 23 52 23
41 25 43 28
41 54 52 54
41 57 44 59
42 7 53 7
42 13 47 14
43 19 54 19
43 31 54 31
43 32 54 32
43 39 48 40
44 11 55 11
44 25 46 28
45 9 56 9
45 38 56 38
45 42 56 42
45 50 47 53
45 55 56 55
45 57 56 57
46 0 57 0
46 47 51 48
47 3 58 3
47 25 52 26
47 27 52 28
47 34 52 35
48 1 59 1
48 16 51 18
48 29 53 30
48 50 53 51
48 52 53 53
49 5 54 6
49 21 54 22
49 41 60 41
49 44 60 44
49 45 54 46
51 13 56 14
51 24 62 24
52 15 54 18
52 36 57 37
52 43 63 43
52 47 63 47
53 4 64 4
53 25 55 28
54 10 65 10
54 12 65 12
54 49 56 52
55 5 60 6
55 15 56 20
55 30 60 31
55 32 66 32
55 34 66 34
55 40 66 40
55 45 66 45
56 25 59 27
56 56 67 56
57 14 58 19
57 20 59 23
57 28 62 29
57 35 68 35
57 42 68 42
57 46 68 46
57 48 59 51
57 54 62 55
58 38 63 39
59 2 70 2
59 3 70 3
59 8 70 8
59 11 70 11
59 13 70 13
59 14 70 14
59 16 62 18
59 19 70 19
59 52 64 53
60 0 71 0
60 1 71 1
60 20 63 22
60 50 65 51
60 59 71 59
61 5 64 7
61 15 72 15
61 31 72 31
61 41 72 41
61 44 72 44
62 26 67 27
62 37 73 37
62 57 67 58
63 25 74 25
63 28 66 30
63 54 74 54
63 55 74 55
64 20 75 20
64 33 75 33
64 36 75 36
64 43 75 43
65 4 68 6
65 7 76 7
65 9 76 9
65 16 68 18
65 21 68 23
65 38 70 39
65 48 76 48
66 10 77 10
66 49 77 49
66 50 77 50
66 51 71 52
67 28 72 29
68 40 79 40
68 57 79 57
69 4 72 6
69 16 72 18
69 34 80 34
69 45 72 47
70 22 81 22
70 23 75 24
71 2 76 3
71 11 73 14
71 26 82 26
72 0 77 1
72 32 83 32
72 51 77 52
72 59 83 59
73 4 84 4
73 6 84 6
73 15 78 16
73 17 78 18
73 27 78 28
73 29 78 30
73 41 78 42
73 44 76 46
74 11 76 14
74 21 85 21
74 35 85 35
75 25 86 25
75 53 78 55
76 8 87 8
76 19 87 19
76 24 87 24
76 36 79 38
76 43 87 43
77 11 88 11
77 12 80 14
77 39 88 39
77 45 80 47
78 0 81 2
78 9 83 10
78 48 80 51
79 15 81 18
79 27 81 30
79 33 90 33
79 53 84 54
79 56 90 56
80 3 91 3
80 36 85 37
80 40 83 42
80 57 91 57
81 23 92 23
81 34 92 34
81 38 92 38
81 44 86 45
81 46 82 51
82 0 85 2
82 14 93 14
82 16 87 17
82 27 84 30
82 52 93 52
83 13 94 13
83 26 94 26
83 46 86 48
83 55 94 55
84 9 95 9
84 15 95 15
84 32 95 32
84 40 89 41
84 59 95 59
85 4 87 7
85 27 88 29
85 30 90 31
85 51 96 51
85 53 90 54
86 0 89 2
86 22 97 22
86 42 97 42
87 35 92 36
87 44 89 47
88 6 99 6
88 7 93 8
88 18 93 19
88 20 93 21
88 43 99 43
88 49 99 49
88 58 99 58
89 25 100 25
89 27 100 27
89 28 94 29
89 39 100 39
90 0 95 1
90 44 101 44
90 45 93 47
91 2 102 2
91 17 102 17
91 40 96 41
91 53 96 54
92 3 103 3
92 10 103 10
92 11 103 11
92 24 103 24
92 50 103 50
92 56 97 57
93 23 104 23
93 31 104 31
93 33 96 35
93 36 96 38
94 4 105 4
94 7 99 8
94 16 105 16
94 18 96 21
94 45 96 48
94 52 105 52
95 29 106 29
96 9 107 9
96 13 107 13
96 28 107 28
97 0 102 1
97 18 102 19
97 21 108 21
97 30 108 30
97 33 98 38
97 46 108 46
97 53 100 55
98 20 109 20
98 22 109 22
98 51 109 51
99 32 101 35
99 36 110 36
99 37 104 38
99 40 104 41
99 48 110 48
99 59 110 59
100 5 102 8
100 49 111 49
101 25 104 27
101 42 106 43
101 47 112 47
101 53 106 54
102 32 113 32
102 33 113 33
102 34 113 34
102 44 107 45
102 55 107 56
102 57 113 57
103 5 108 6
103 17 114 17
103 19 114 19
103 35 114 35
104 0 106 3
105 7 116 7
105 23 107 26
105 37 108 39
106 4 117 4
106 11 117 11
106 12 117 12
106 15 111 16
106 31 117 31
107 0 110 2
107 29 118 29
107 40 110 42
107 53 118 53
108 18 119 18
108 23 111 25
108 28 119 28
109 5 120 5
109 6 120 6
109 21 120 21
109 38 120 38
109 39 120 39
109 44 114 45
109 46 120 46
110 8 113 10
110 13 115 14
110 26 121 26
110 50 113 52
111 0 114 2
111 27 122 27
111 42 116 43
111 48 122 48
111 59 122 59
112 15 117 16
112 23 123 23
112 37 123 37
112 49 123 49
112 54 117 55
113 25 124 25
114 8 117 10
114 41 125 41
114 51 119 52
114 56 117 58
115 1 120 2
115 17 126 17
115 19 120 20
115 33 120 34
115 44 120 45
116 0 127 0
116 13 127 13
117 32 128 32
117 35 122 36
117 40 128 40
118 7 120 10
118 12 129 12
118 14 121 16
118 54 121 56
119 11 130 11
119 30 130 30
119 50 130 50
120 31 131 31
120 52 125 53
121 1 122 6
121 7 124 9
121 10 132 10
121 20 126 21
121 28 126 29
121 38 126 39
121 43 124 45
121 57 126 58
122 26 133 26
122 46 127 47
122 54 133 54
122 55 127 56
123 2 134 2
123 5 134 5
123 14 128 15
123 19 134 19
123 33 128 34
123 36 134 36
124 1 135 1
124 42 135 42
124 48 135 48
124 59 135 59
125 22 127 25
125 37 136 37
125 44 130 45
126 3 131 4
126 6 128 9
126 43 137 43
126 51 129 53
127 16 132 17
127 20 132 21
127 27 130 29
127 38 132 39
127 41 138 41
128 0 139 0
128 22 130 25
128 46 139 46
128 55 133 56
128 57 133 58
129 7 134 8
129 13 134 14
129 34 134 35
129 40 140 40
129 47 140 47
130 9 141 9
130 12 141 12
130 15 141 15
130 51 135 52
131 18 142 18
131 25 142 25
131 28 136 29
132 3 143 3
132 22 143 22
132 27 143 27
132 30 137 31
133 17 144 17
133 20 138 21
133 50 144 50
134 10 139 11
134 16 145 16
134 38 145 38
134 53 145 53
134 56 137 58
135 4 138 6
135 7 140 8
135 13 146 13
135 23 146 23
135 33 146 33
135 34 138 36
135 44 140 45
135 54 146 54
136 1 147 1
136 2 147 2
136 48 147 48
136 55 147 55
137 28 148 28
137 29 148 29
137 59 148 59
138 30 143 31
138 56 141 58
139 34 142 36
139 41 142 43
140 14 151 14
140 19 151 19
140 20 145 21
141 0 152 0
141 7 152 7
141 37 152 37
141 40 152 40
141 44 152 44
142 4 147 5
142 8 144 11
142 15 153 15
142 46 153 46
142 56 153 56
143 6 154 6
143 18 154 18
143 24 148 25
143 32 154 32
143 34 148 35
144 22 155 22
144 27 155 27
144 31 155 31
145 3 156 3
145 9 148 11
145 41 156 41
146 49 149 51
146 52 151 53
147 8 158 8
147 33 158 33
147 39 158 39
147 57 152 58
148 2 159 2
148 4 153 5
148 42 159 42
149 10 160 10
149 23 152 25
149 28 160 28
149 29 154 30
149 34 154 35
150 1 161 1
150 11 155 12
150 20 155 21
150 47 152 50
151 55 162 55
152 19 163 19
152 51 154 54
153 23 156 25
153 45 164 45
153 57 158 58
154 7 165 7
154 14 159 15
154 37 165 37
155 4 166 4
155 29 166 29
155 34 158 36
155 49 160 50
155 51 166 51
155 53 160 54
156 5 161 6
156 11 161 12
156 17 167 17
156 22 167 22
156 26 161 27
156 30 161 31
156 40 167 40
156 47 167 47
157 23 168 23
157 24 162 25
158 13 169 13
158 16 169 16
158 41 169 41
159 8 170 8
159 32 162 34
159 35 170 35
159 43 170 43
159 46 170 46
159 56 162 58
159 59 170 59
160 2 165 3
160 14 171 14
160 52 171 52
161 38 166 39
161 48 166 49
161 54 172 54
162 0 167 1
162 5 167 6
162 9 167 10
162 11 173 11
162 20 167 21
162 27 167 28
162 30 167 31
162 36 173 36
163 12 174 12
163 24 168 25
163 33 174 33
163 50 174 50
163 56 168 57
164 58 175 58
165 45 176 45
167 2 172 3
167 37 178 37
167 44 178 44
167 48 172 49
168 1 179 1
168 18 173 19
168 22 179 22
168 27 179 27
168 28 171 30
168 31 173 32
168 38 171 40
168 47 179 47
168 55 179 55
169 4 172 6
169 56 174 57
170 41 175 42
171 7 173 10
171 15 176 16
171 23 176 24
172 29 177 30
172 52 177 53
173 3 175 6
173 48 178 49
174 7 179 8
174 18 177 20
174 25 179 26
174 31 179 32
174 34 177 36
175 9 176 14
176 2 178 5
176 41 179 43
176 57 179 59
177 10 178 15
178 16 179 21
3 56 14 56
4 53 15 53
37 36 48 36
42 17 47 18
49 33 60 33
108 54 111 56
133 39 144 39
138 51 143 52
141 45 152 45
146 16 157 16
153 43 158 44
167 51 178 51
172 38 175 40
40 43 51 43
42 5 47 6
73 31 84 31
76 20 87 20
176 38 179 40
12 8 23 8
35 3 46 3
102 58 113 58
47 2 58 2
34 42 44 42
68 56 78 56
120 18 130 18
8 59 18 59
35 0 45 0
145 17 155 17
160 15 170 15
149 59 158 59
65 53 74 53
143 42 147 43
15 56 24 56
142 57 146 58
71 38 75 39
17 5 25 5
113 47 121 47
139 4 141 6
89 10 91 12
141 47 149 47
13 10 16 11
131 44 134 45
32 37 39 37
58 36 61 37
117 42 120 43
146 20 149 21
153 47 154 50
172 28 179 28
37 25 40 26
98 56 101 57
159 44 166 44
2 49 8 49
103 8 109 8
173 54 179 54
60 25 61 27
95 26 100 26
123 35 128 35
148 54 150 55
168 9 170 10
88 16 90 17
120 51 125 51
155 48 160 48
13 35 17 35
69 35 73 35
71 19 75 19
135 19 139 19
148 43 152 43
155 52 159 52
2 55 6 55
0 7 3 7
6 45 9 45
44 47 45 48
108 26 109 27
125 6 125 9
155 32 158 32
16 53 19 53
136 51 137 52
144 51 145 52
3 12 5 12
122 14 122 16
