749
0 19 2 19
0 44 0 46
1 25 3 25
1 28 1 30
2 38 2 40
3 12 5 12
4 34 4 36
4 41 6 41
5 53 7 53
6 54 6 56
7 49 9 49
8 26 10 26
9 43 11 43
10 21 10 23
10 33 10 35
11 21 11 23
13 32 15 32
15 29 17 29
16 4 16 6
16 11 18 11
16 53 18 53
17 1 19 1
17 9 19 9
17 59 19 59
19 8 21 8
20 17 20 19
21 0 21 2
21 54 21 56
22 11 24 11
25 52 25 54
26 22 26 24
26 41 28 41
29 7 29 9
29 14 31 14
30 47 30 49
31 4 33 4
31 29 31 31
32 40 32 42
33 10 35 10
33 49 33 51
34 2 36 2
34 54 36 54
35 12 37 12
35 31 35 33
36 0 38 0
36 20 36 22
37 25 39 25
39 8 41 8
39 37 41 37
40 4 40 6
41 14 41 16
41 17 43 17
42 25 44 25
43 0 45 0
44 21 46 21
44 47 46 47
44 50 46 50
46 13 46 15
46 34 48 34
47 5 49 5
47 46 49 46
48 40 48 42
50 23 50 25
50 42 50 44
51 27 53 27
53 16 55 16
54 30 54 32
55 13 57 13
55 29 57 29
55 38 57 38
55 41 57 41
56 2 58 2
56 31 56 33
58 38 60 38
59 4 59 6
60 36 62 36
61 41 61 43
61 46 63 46
63 6 65 6
63 21 65 21
64 25 64 27
64 40 66 40
65 36 65 38
67 18 69 18
67 51 67 53
67 56 67 58
68 19 68 21
68 31 70 31
69 2 69 4
71 4 73 4
71 24 71 26
71 39 73 39
71 44 71 46
72 35 74 35
73 10 73 12
73 19 75 19
75 48 77 48
76 56 78 56
77 30 79 30
77 40 79 40
78 38 80 38
80 34 80 36
82 9 82 11
82 47 84 47
83 20 85 20
84 57 86 57
87 8 87 10
87 28 89 28
87 54 87 56
88 17 90 17
90 10 92 10
90 24 90 26
90 30 90 32
91 24 93 24
92 41 92 43
93 44 93 46
94 13 96 13
94 34 96 34
97 38 97 40
98 9 100 9
99 27 101 27
99 54 101 54
99 57 101 57
99 58 101 58
100 18 102 18
100 28 100 30
100 52 102 52
100 56 102 56
101 34 101 36
102 57 102 59
104 3 106 3
105 36 105 38
105 44 105 46
109 24 109 26
109 27 111 27
109 46 109 48
109 55 111 55
110 43 112 43
112 15 112 17
112 31 112 33
112 47 112 49
113 52 115 52
114 1 116 1
114 44 116 44
115 12 115 14
115 20 117 20
117 23 119 23
118 41 118 43
121 9 121 11
121 14 123 14
121 42 121 44
121 50 121 52
122 48 124 48
123 7 125 7
123 36 123 38
123 51 123 53
125 41 125 43
126 54 128 54
127 25 129 25
127 35 127 37
128 45 128 47
129 15 131 15
130 28 130 30
131 2 131 4
131 47 131 49
133 16 133 18
134 55 136 55
135 28 135 30
135 51 137 51
136 52 138 52
138 15 138 17
139 4 141 4
139 19 139 21
141 27 143 27
141 46 143 46
141 48 143 48
142 2 142 4
142 24 142 26
142 57 142 59
143 20 143 22
143 52 145 52
144 14 146 14
144 37 144 39
144 51 146 51
144 53 146 53
145 33 147 33
145 43 145 45
145 56 145 58
146 11 146 13
147 20 149 20
148 34 150 34
148 47 150 47
149 43 151 43
149 55 151 55
151 2 153 2
151 48 153 48
153 32 155 32
153 50 155 50
155 46 155 48
156 30 156 32
157 16 159 16
157 48 159 48
157 51 157 53
158 43 158 45
159 42 159 44
160 33 160 35
163 14 163 16
163 31 163 33
164 7 166 7
164 15 166 15
164 56 164 58
165 44 167 44
167 10 169 10
167 34 167 36
168 32 168 34
169 28 171 28
169 41 171 41
169 46 171 46
169 50 169 52
173 28 175 28
175 54 177 54
175 58 177 58
177 20 179 20
177 37 179 37
0 6 1 7
0 9 0 12
1 34 2 35
1 45 2 46
2 4 5 4
2 48 3 49
2 54 3 55
3 16 4 17
3 50 4 51
3 57 4 58
6 15 7 16
6 45 7 46
7 10 8 11
8 56 11 56
9 8 10 9
9 50 10 51
9 58 10 59
13 46 16 46
15 55 16 56
16 31 19 31
17 13 17 16
17 41 17 44
18 33 19 34
18 44 19 45
19 35 20 36
21 12 24 12
21 50 22 51
22 53 22 56
23 28 23 31
23 49 26 49
24 5 25 6
27 4 28 5
27 15 28 16
27 57 28 58
28 23 29 24
28 55 31 55
29 58 32 58
30 7 33 7
31 17 32 18
33 36 34 37
34 28 37 28
37 37 38 38
39 26 40 27
39 44 39 47
40 57 43 57
42 3 45 3
42 5 45 5
42 7 45 7
42 36 45 36
42 43 42 46
43 41 44 42
44 1 47 1
44 33 47 33
45 29 46 30
46 16 47 17
46 42 47 43
47 4 50 4
48 2 51 2
49 9 50 10
49 36 52 36
49 47 49 50
50 32 51 33
50 54 53 54
53 2 54 3
55 26 56 27
55 34 56 35
55 57 58 57
57 47 58 48
58 19 58 22
60 12 61 13
60 23 61 24
61 52 64 52
62 19 63 20
62 32 63 33
63 50 66 50
64 4 65 5
65 51 65 54
66 0 67 1
66 14 69 14
66 26 66 29
66 42 67 43
67 8 70 8
69 15 72 15
69 28 70 29
69 32 69 35
73 44 74 45
74 0 75 1
74 3 75 4
74 9 74 12
74 17 75 18
74 52 75 53
74 57 77 57
76 2 79 2
76 11 77 12
77 43 78 44
77 53 80 53
78 13 78 16
80 22 81 23
82 29 83 30
82 40 83 41
83 6 86 6
83 52 84 53
85 23 86 24
85 40 85 43
86 44 89 44
87 24 88 25
89 0 89 3
90 58 91 59
92 8 93 9
92 21 93 22
92 31 95 31
93 15 94 16
93 37 94 38
94 30 97 30
94 42 94 45
95 17 96 18
97 22 98 23
97 59 100 59
98 16 99 17
98 41 101 41
98 49 101 49
99 37 100 38
101 7 104 7
101 10 101 13
102 4 105 4
103 50 104 51
106 6 107 7
106 23 106 26
106 42 107 43
107 33 108 34
107 58 108 59
108 49 109 50
109 8 112 8
110 2 110 5
111 58 112 59
113 28 114 29
116 5 117 6
116 13 119 13
116 18 119 18
117 11 118 12
119 7 120 8
121 45 122 46
122 2 122 5
122 19 123 20
122 35 125 35
122 58 123 59
123 39 123 42
125 8 126 9
125 18 128 18
127 9 127 12
128 31 129 32
128 56 128 59
129 35 129 38
132 5 135 5
133 34 133 37
135 40 136 41
136 19 137 20
137 9 137 12
138 41 138 44
139 8 142 8
139 29 140 30
141 39 142 40
141 41 141 44
144 0 144 3
145 38 146 39
146 27 146 30
146 56 147 57
147 30 148 31
148 13 148 16
148 25 151 25
149 4 149 7
149 39 150 40
150 27 150 30
151 20 154 20
153 16 153 19
153 42 154 43
154 52 155 53
155 23 155 26
157 11 160 11
157 17 160 17
157 31 157 34
157 58 158 59
158 46 159 47
159 13 160 14
159 26 160 27
160 2 163 2
160 43 161 44
160 58 161 59
162 25 165 25
163 28 164 29
166 22 167 23
167 1 168 2
168 35 169 36
169 48 172 48
171 9 174 9
171 39 172 40
171 51 174 51
173 0 174 1
174 6 175 7
174 35 175 36
175 43 176 44
176 10 177 11
176 22 177 23
176 39 177 40
178 40 178 43
179 55 179 58
0 23 0 27
8 17 8 21
12 48 12 52
13 35 17 35
16 10 20 10
17 4 17 8
21 21 25 21
22 2 26 2
23 37 27 37
31 39 31 43
33 20 33 24
35 3 39 3
35 49 35 53
39 23 43 23
40 53 44 53
48 29 52 29
50 19 54 19
50 21 54 21
52 47 52 51
55 11 59 11
56 51 56 55
58 25 62 25
58 37 62 37
59 35 63 35
64 10 68 10
65 12 69 12
65 41 65 45
66 33 66 37
70 34 70 38
71 55 75 55
73 41 77 41
74 28 78 28
75 39 79 39
77 45 81 45
78 33 82 33
81 32 85 32
85 16 89 16
90 1 94 1
93 20 97 20
93 56 97 56
94 26 98 26
97 6 101 6
97 42 97 46
102 21 102 25
104 42 104 46
110 34 114 34
110 44 110 48
114 4 114 8
118 49 118 53
119 55 123 55
120 47 124 47
124 0 128 0
124 17 128 17
124 25 124 29
124 51 128 51
126 43 130 43
127 2 127 6
127 14 131 14
127 21 131 21
128 38 128 42
129 8 133 8
131 31 135 31
132 1 136 1
134 50 134 54
135 9 135 13
137 57 141 57
144 18 144 22
144 50 148 50
145 17 149 17
146 41 146 45
149 57 153 57
152 37 152 41
152 45 156 45
154 6 154 10
155 33 155 37
156 8 160 8
160 10 164 10
162 4 166 4
163 37 167 37
164 54 168 54
165 29 165 33
165 55 165 59
173 49 177 49
175 25 179 25
175 32 179 32
0 40 1 42
2 6 3 8
2 11 2 16
3 23 5 24
5 33 7 34
7 1 9 2
7 12 9 13
8 36 10 37
11 7 13 8
11 17 12 19
12 37 14 38
13 57 18 57
16 18 17 20
19 25 19 30
21 5 22 7
23 56 25 57
26 25 31 25
29 36 30 38
29 51 31 52
31 46 32 48
33 55 34 57
34 13 34 18
36 5 37 7
36 32 37 34
36 49 38 50
39 30 39 35
40 47 41 49
41 27 42 29
46 37 47 39
47 24 48 26
48 15 49 17
52 1 57 1
52 9 52 14
53 52 55 53
55 19 57 20
56 8 57 10
57 17 59 18
57 31 58 33
59 26 61 27
59 29 64 29
61 10 63 11
62 54 62 59
65 2 67 3
68 43 69 45
71 0 72 2
73 14 75 15
73 31 78 31
75 32 75 37
76 25 78 26
76 49 76 54
77 19 78 21
79 6 79 11
79 15 80 17
80 2 85 2
81 24 83 25
84 34 84 39
87 14 92 14
88 34 89 36
88 53 89 55
89 18 91 19
90 39 91 41
91 3 96 3
92 34 92 39
95 7 97 8
95 50 97 51
97 1 99 2
99 20 101 21
101 30 102 32
105 28 110 28
106 15 107 17
108 20 110 21
109 41 111 42
110 51 111 53
111 35 112 37
112 53 113 55
113 38 115 39
114 11 114 16
114 47 116 48
115 26 120 26
115 58 120 58
117 29 117 34
118 33 119 35
119 38 121 39
120 15 122 16
120 57 125 57
125 30 126 32
129 46 130 48
130 17 132 18
131 44 136 44
132 38 134 39
135 35 137 36
140 11 141 13
141 52 142 54
143 4 143 9
143 28 143 33
145 3 150 3
145 6 147 7
145 18 147 19
146 35 151 35
147 27 149 28
149 21 151 22
151 15 152 17
152 51 152 56
156 40 158 41
157 5 162 5
158 55 160 56
159 51 161 52
161 21 162 23
162 48 163 50
165 11 166 13
166 20 168 21
166 38 167 40
167 14 169 15
168 7 169 9
168 55 170 56
171 3 172 5
172 14 172 19
173 4 178 4
173 10 174 12
173 18 174 20
174 45 175 47
175 15 177 16
8 24 14 24
8 28 14 28
16 40 22 40
35 20 35 26
70 20 70 26
71 47 71 53
72 42 72 48
82 17 82 23
92 47 92 53
95 53 101 53
98 29 98 35
105 50 105 56
108 11 108 17
126 55 132 55
134 16 134 22
138 6 138 12
139 47 145 47
141 16 141 22
155 11 155 17
0 51 0 58
1 59 8 59
2 42 5 43
4 5 7 6
8 45 9 48
10 0 17 0
11 54 14 55
14 11 14 18
15 47 22 47
23 18 26 19
23 38 26 39
24 42 27 43
27 26 30 27
30 1 33 2
39 11 40 14
42 20 49 20
42 48 45 49
45 44 48 45
48 0 55 0
51 43 58 43
64 17 71 17
64 55 65 58
71 7 78 7
71 59 78 59
74 21 75 24
79 46 86 46
80 51 87 51
82 31 89 31
88 12 91 13
100 8 107 8
101 0 102 3
102 11 103 14
103 55 104 58
104 21 105 24
115 21 118 22
122 25 122 32
123 10 126 11
129 56 130 59
136 58 139 59
139 23 140 26
140 0 141 3
158 22 159 25
174 38 175 41
175 52 178 53
2 27 4 29
3 3 11 3
18 13 18 21
34 41 36 43
38 19 40 21
38 41 40 43
42 14 44 16
47 30 49 32
56 3 58 5
87 38 89 40
113 17 115 19
126 20 126 28
131 11 133 13
139 34 141 36
145 0 147 2
155 1 163 1
166 25 168 27
168 11 170 13
22 34 26 35
23 8 27 9
24 0 33 0
45 55 46 59
46 51 50 52
53 45 57 46
81 35 82 39
93 48 94 52
103 26 103 35
108 0 109 4
110 56 114 57
159 6 163 7
163 52 167 53
170 27 179 27
172 29 176 30
22 59 32 59
138 18 138 28
31 8 36 9
37 18 48 18
44 8 47 10
119 49 120 54
123 33 128 34
129 50 132 52
130 24 133 26
137 45 138 50
143 23 146 25
147 8 149 11
148 44 151 46
151 28 154 30
158 18 163 19
168 22 171 24
