1102
45 24 56 24
9 43 19 43
70 25 73 27
62 54 72 54
174 6 178 7
61 33 63 35
71 34 71 44
45 1 56 1
50 50 52 52
106 42 115 42
119 41 123 42
76 7 76 15
2 38 4 41
113 28 116 30
163 51 164 56
19 41 28 41
14 33 14 42
97 58 101 58
10 16 10 27
110 16 118 16
32 53 33 58
46 2 46 13
60 41 66 41
27 0 27 11
123 48 129 48
125 27 125 36
105 25 112 25
64 0 65 5
17 30 28 30
105 43 114 43
57 23 60 25
77 30 82 30
118 24 119 28
76 30 86 30
102 15 102 24
102 26 108 26
91 31 96 31
68 0 75 0
92 10 93 15
146 24 146 32
149 51 150 55
92 34 94 37
149 3 149 14
134 5 145 5
28 13 32 14
57 0 59 2
98 52 99 57
9 57 12 59
133 6 133 15
46 39 48 40
128 35 135 35
65 45 65 51
119 6 119 16
122 19 128 19
42 0 47 1
176 16 176 23
151 12 151 22
158 25 164 25
44 25 52 25
156 48 160 49
126 49 126 58
68 30 70 33
81 6 87 6
102 51 111 51
2 38 2 49
16 44 21 45
134 40 135 45
50 27 54 28
159 32 162 34
136 52 138 53
106 25 116 25
45 44 46 47
165 53 170 54
86 5 87 9
3 50 6 52
16 15 16 26
136 42 138 44
113 1 116 2
94 24 95 29
39 53 46 53
16 5 18 8
93 43 95 46
12 45 14 48
147 17 147 28
167 32 172 33
17 2 17 9
155 51 157 54
104 16 109 17
66 50 67 55
150 45 152 47
113 35 124 35
79 35 81 37
64 52 65 56
128 38 128 43
77 36 77 47
177 15 177 24
178 15 178 26
162 49 166 50
115 19 115 29
65 38 65 49
47 2 47 12
61 4 64 6
56 47 56 55
152 32 155 32
10 32 11 36
148 44 148 53
105 24 108 26
143 47 145 49
124 16 125 20
77 30 79 32
124 25 129 25
84 40 85 44
64 21 64 31
34 7 44 7
118 51 126 51
154 47 159 47
48 45 51 47
45 42 50 43
59 37 68 37
16 41 17 44
144 37 145 40
99 0 99 7
103 4 103 13
153 14 153 24
123 14 127 15
52 51 62 51
36 3 47 3
163 39 173 39
76 26 85 26
26 8 37 8
89 27 90 32
15 27 16 31
3 43 12 43
32 17 33 20
34 26 42 26
6 46 13 46
49 26 60 26
166 43 167 45
99 21 108 21
175 25 175 35
71 24 72 27
23 20 25 22
71 48 82 48
121 27 122 32
106 41 108 44
68 9 77 9
86 8 89 9
166 36 174 36
133 10 133 18
45 44 45 55
106 7 115 7
23 53 32 53
16 54 26 54
14 28 16 29
67 50 72 51
113 43 118 44
38 25 39 26
19 4 19 15
178 38 179 43
69 34 72 36
171 2 171 12
30 54 40 54
40 26 40 36
14 42 17 44
168 55 170 58
85 2 85 12
58 38 65 38
76 16 87 16
131 47 131 58
16 57 27 57
53 20 58 21
156 29 157 32
140 52 142 55
22 33 25 35
85 25 92 25
32 42 42 42
7 9 11 10
76 39 84 39
125 8 136 8
121 10 124 12
160 58 165 59
129 30 132 31
122 51 130 51
89 12 89 19
24 5 31 5
77 19 79 21
56 2 56 11
16 17 17 21
31 49 38 49
9 42 14 43
122 25 122 32
32 19 33 22
151 44 162 44
22 12 24 15
159 22 161 24
12 9 19 9
69 28 75 28
59 2 70 2
7 26 11 26
48 10 52 11
57 29 58 32
2 24 3 28
109 27 112 27
24 2 27 4
158 32 162 33
107 24 112 25
57 41 64 41
99 37 100 40
150 46 154 47
54 26 54 33
50 15 54 16
36 37 42 37
151 34 160 34
169 18 174 19
136 28 141 29
26 13 26 23
80 17 80 27
54 36 63 36
145 3 153 3
132 40 143 40
65 47 65 53
86 56 88 58
7 39 7 48
28 52 31 54
37 0 44 0
44 17 54 17
58 12 62 13
147 30 148 32
5 10 5 19
132 50 134 52
21 0 24 1
9 0 9 9
104 7 105 10
71 45 73 46
136 7 140 8
97 49 101 50
8 18 8 27
48 46 50 47
173 11 178 11
159 14 159 24
110 39 110 49
80 45 83 47
18 59 27 59
163 10 165 13
35 19 37 22
55 20 55 30
29 18 33 19
12 37 14 38
62 54 64 57
79 24 79 33
95 40 106 40
65 41 65 50
153 19 163 19
138 25 145 25
51 21 62 21
86 26 95 26
62 43 63 47
149 47 149 55
145 40 147 43
64 19 66 22
57 11 63 11
104 16 112 16
53 15 55 16
69 24 71 27
17 1 20 1
45 47 45 50
112 31 122 31
49 54 52 55
47 0 52 1
144 33 144 40
56 41 67 41
143 17 143 25
8 10 8 14
76 49 77 53
88 26 89 30
16 9 16 16
81 23 89 23
120 50 124 51
92 40 92 45
129 24 129 35
168 15 168 23
82 57 86 57
140 45 143 47
105 41 107 44
173 7 173 15
7 53 8 56
68 35 68 45
124 37 124 48
82 30 82 41
45 50 50 51
0 25 1 30
94 43 97 45
145 10 145 20
69 27 72 29
35 6 42 6
119 9 130 9
115 18 116 20
142 37 142 48
17 0 28 0
157 28 157 36
39 2 42 4
122 30 130 30
66 2 72 2
143 20 143 22
144 11 144 22
67 52 71 53
47 3 47 14
121 25 128 25
177 56 179 58
26 36 31 37
111 9 122 9
16 9 17 12
104 39 104 47
28 24 37 24
65 6 66 8
160 50 162 52
57 39 57 49
144 33 153 33
175 48 178 50
78 16 86 16
81 30 82 32
61 18 72 18
7 4 7 10
138 53 145 53
83 6 85 9
129 36 133 37
79 4 79 11
40 53 48 53
149 0 149 9
44 21 44 26
23 54 25 57
89 26 89 36
168 41 170 44
129 56 130 59
93 1 94 3
12 7 16 8
145 42 146 44
142 11 153 11
26 14 37 14
121 41 124 42
135 27 144 27
147 27 151 28
85 25 95 25
167 1 169 4
18 45 20 48
68 38 79 38
122 32 133 32
71 0 76 0
78 25 80 28
104 55 111 55
82 32 90 32
19 53 21 55
75 51 76 55
93 37 95 39
95 21 100 22
5 42 6 47
82 28 90 28
128 44 130 46
49 8 51 11
143 51 147 52
37 0 38 3
26 55 31 55
31 2 31 7
106 25 111 25
33 10 36 10
141 35 151 35
0 23 9 23
66 29 74 29
129 12 131 15
62 21 68 21
28 12 28 18
154 23 159 24
128 37 131 39
65 57 67 59
83 55 86 57
58 55 69 55
70 12 80 12
107 44 114 44
74 9 74 16
58 51 68 51
1 8 3 11
138 6 138 17
133 4 140 4
91 44 97 44
64 40 66 43
58 26 66 26
122 24 127 25
85 9 94 9
39 27 43 28
151 42 151 50
41 3 46 3
136 36 137 41
123 0 128 1
106 33 111 34
74 28 74 37
0 28 1 32
150 20 158 20
123 31 124 35
92 8 100 8
29 0 33 1
4 13 4 23
135 44 144 44
142 4 143 5
62 19 67 20
153 8 156 9
35 3 36 7
69 12 69 18
116 11 121 11
141 39 141 45
158 5 167 5
120 55 127 55
27 13 27 22
22 10 23 14
31 25 41 25
128 36 131 38
82 51 83 54
88 41 98 41
98 25 101 27
9 9 9 16
166 7 167 12
145 25 150 26
174 26 174 35
12 33 18 33
153 45 157 46
166 39 167 44
55 27 55 33
61 12 72 12
97 4 108 4
90 40 100 40
165 22 165 33
77 17 79 20
175 7 177 10
7 25 9 28
57 3 62 4
41 35 45 36
52 38 62 38
97 4 98 9
162 14 162 25
167 43 169 46
91 14 94 15
121 43 125 44
96 56 102 56
141 6 141 17
1 28 6 29
135 28 145 28
16 45 16 56
31 37 32 40
10 8 13 10
27 14 35 14
89 20 90 25
101 52 105 53
64 54 75 54
135 44 146 44
56 39 56 47
169 8 171 9
57 2 59 4
88 23 88 34
49 28 49 39
10 54 12 56
49 41 49 52
58 11 60 12
57 47 60 48
19 44 19 53
28 54 36 54
70 24 75 25
92 7 103 7
136 52 140 52
145 14 146 17
120 24 121 29
77 11 86 11
134 37 134 47
128 47 129 50
115 13 117 14
41 35 42 40
55 27 56 31
87 18 91 19
44 14 53 14
25 36 30 37
32 53 42 53
87 55 88 56
5 3 5 12
101 7 101 18
100 29 103 30
155 44 160 45
109 27 111 29
62 32 62 42
93 23 98 23
62 17 62 28
62 8 62 16
10 23 13 25
39 11 40 14
148 54 151 55
112 37 115 38
74 31 75 35
99 4 105 4
164 11 166 13
44 35 49 36
41 57 43 59
155 34 161 34
108 20 108 31
158 35 169 35
142 53 150 53
114 0 116 2
137 33 137 44
130 28 135 29
154 50 156 53
41 16 41 22
87 14 93 14
46 44 54 44
17 1 18 6
32 54 34 56
16 14 16 22
0 57 5 58
156 25 156 36
31 14 31 20
66 37 67 42
4 45 6 48
118 19 128 19
28 41 38 41
142 2 152 2
49 20 57 20
118 43 127 43
53 1 54 5
29 35 32 37
2 28 2 39
173 18 175 21
36 37 39 39
163 1 163 9
147 16 147 27
131 8 139 8
60 23 61 27
59 3 61 6
131 51 141 51
70 43 75 44
33 8 35 11
17 0 27 0
56 42 58 45
66 39 74 39
112 13 119 13
88 7 89 12
21 5 21 14
12 36 15 38
64 36 65 41
101 42 111 42
138 47 138 57
160 44 161 47
99 2 99 12
140 27 148 27
33 22 38 22
150 39 152 41
149 25 149 35
24 17 25 22
162 31 171 31
75 47 75 53
96 5 99 7
89 28 89 38
2 25 13 25
140 53 149 53
71 24 73 27
40 14 44 15
123 10 124 14
43 46 46 47
98 26 101 28
117 23 118 26
104 2 105 5
56 44 56 53
90 20 96 20
11 47 22 47
8 49 13 50
68 41 78 41
93 36 96 38
135 0 140 1
33 21 44 21
107 31 108 36
86 7 87 12
76 0 79 2
108 49 112 49
116 41 116 50
63 36 71 36
160 4 171 4
162 12 162 22
71 23 71 26
143 43 148 43
44 17 52 17
121 10 127 10
18 8 24 8
123 13 123 23
21 11 25 11
70 22 70 32
152 19 157 20
161 32 168 32
116 1 116 11
125 41 126 45
168 47 179 47
4 15 5 20
114 4 114 8
86 2 90 3
5 44 8 46
35 33 35 43
10 9 21 9
175 13 177 16
41 17 44 18
65 26 67 29
159 7 159 16
18 31 24 31
59 40 61 43
56 47 58 49
78 42 78 49
49 9 52 10
21 41 28 41
135 44 140 45
155 50 164 50
82 39 84 40
77 55 78 57
126 28 131 28
128 12 129 15
134 9 143 9
106 5 111 6
77 45 77 53
139 26 139 36
33 10 38 10
133 54 135 57
35 31 40 32
100 33 101 38
143 50 145 51
0 44 0 46
102 48 105 50
52 47 62 47
10 56 19 56
61 52 71 52
133 36 133 46
128 21 138 21
39 21 45 21
91 39 96 40
60 32 61 36
62 37 62 46
35 30 37 33
26 36 36 36
32 38 32 49
153 43 155 46
123 12 134 12
116 39 125 39
95 34 98 35
118 43 120 44
99 36 108 36
112 51 114 53
75 49 75 57
61 52 68 52
157 16 160 18
172 36 172 44
71 49 71 59
50 33 50 43
126 28 134 28
0 42 1 47
19 21 19 30
2 14 2 21
61 7 61 13
42 38 42 45
90 28 90 37
90 9 90 20
115 42 124 42
37 21 38 25
22 7 22 18
144 0 144 11
49 42 49 51
119 39 120 43
42 7 50 7
142 0 143 4
128 45 128 52
88 1 92 2
142 30 151 30
2 38 8 38
143 28 152 28
100 50 108 50
168 5 168 14
59 45 70 45
0 23 0 28
91 26 100 26
112 5 112 15
102 3 108 3
3 7 3 13
142 57 145 59
31 4 31 11
44 0 48 0
79 38 81 38
101 8 101 15
3 18 3 28
162 5 164 7
99 50 102 52
56 12 58 15
45 32 54 32
119 49 119 57
97 42 105 42
66 38 74 38
34 10 39 11
149 15 153 16
101 9 101 13
63 0 71 0
6 53 6 57
83 31 84 34
124 6 125 10
86 43 89 44
133 4 133 14
157 44 167 44
11 33 21 33
67 28 74 28
117 37 118 42
87 11 89 14
16 5 24 5
84 37 94 37
33 34 35 37
82 22 82 31
102 5 105 7
3 5 7 6
138 27 139 30
153 10 164 10
71 13 73 15
0 40 0 50
24 20 29 21
62 33 67 34
78 41 85 41
37 3 42 4
123 33 124 35
151 45 157 45
168 33 169 36
35 50 35 59
118 41 118 47
103 2 105 4
13 52 18 53
55 57 63 57
49 19 53 20
134 50 134 54
160 24 163 26
90 24 93 25
64 19 67 21
122 15 133 15
143 34 148 35
107 33 108 37
20 34 25 35
2 13 2 24
1 5 1 15
151 1 161 1
56 18 58 21
93 43 98 44
56 28 56 36
72 57 80 57
115 1 120 2
59 24 64 25
64 42 67 44
65 40 66 41
117 11 118 13
134 52 145 52
74 47 77 48
147 19 149 20
151 41 151 49
42 13 47 14
16 29 17 33
42 43 47 44
133 28 133 38
143 22 143 31
48 39 48 43
41 15 49 15
127 15 129 18
177 7 177 15
99 52 103 52
52 46 63 46
16 34 24 34
66 49 77 49
4 5 7 6
27 37 35 37
39 22 42 24
91 10 95 10
166 15 169 17
61 20 63 23
129 28 131 31
73 52 75 54
26 55 32 55
109 47 109 56
101 28 102 32
89 56 97 56
54 31 58 31
28 14 33 15
7 9 7 20
47 37 50 39
77 38 77 43
45 29 50 30
114 47 120 47
57 17 68 17
134 38 136 40
65 3 75 3
1 24 1 29
62 11 62 21
165 3 167 5
31 18 31 29
143 0 151 0
40 45 41 49
82 22 83 25
40 23 40 29
101 22 111 22
95 17 96 18
113 18 113 29
113 51 113 57
113 10 118 11
108 49 119 49
88 17 93 17
35 23 35 32
49 1 50 5
51 0 51 8
63 46 63 54
172 5 174 7
45 5 48 7
154 45 156 48
169 46 176 46
104 45 105 50
69 38 71 40
46 50 49 51
30 1 30 10
61 42 61 49
114 4 116 5
62 35 65 36
88 43 89 48
11 19 11 22
52 10 52 17
144 42 148 43
37 43 47 43
31 12 36 13
158 15 159 19
160 23 160 33
101 11 102 13
47 32 49 35
57 1 67 1
165 6 165 17
164 31 168 32
2 9 2 18
107 33 109 36
125 47 133 47
121 54 129 54
126 40 133 40
10 32 17 32
158 9 159 14
122 13 123 16
1 39 2 40
64 2 71 2
152 35 152 42
168 13 170 15
23 11 28 12
148 3 150 4
53 53 56 55
163 14 165 16
69 35 72 37
83 21 83 31
147 45 153 45
62 34 63 39
111 27 113 30
66 50 67 52
29 21 29 29
144 13 144 23
40 6 41 9
105 13 115 13
76 1 76 12
118 26 126 26
31 20 36 20
41 14 41 21
102 43 113 43
73 15 75 17
50 16 50 25
53 30 55 32
41 17 42 19
120 15 123 16
98 20 109 20
162 30 163 33
124 8 126 10
169 9 170 11
54 31 55 35
154 22 156 25
62 10 62 16
117 55 123 55
40 24 40 27
15 5 17 6
130 5 141 5
56 13 58 15
34 28 35 33
155 53 165 53
12 48 12 56
20 52 23 54
3 53 4 58
61 51 62 56
95 49 98 51
65 3 65 11
3 51 10 51
114 20 117 21
150 1 161 1
10 23 10 31
71 39 78 39
110 39 119 39
28 20 38 20
67 18 72 19
40 42 40 52
50 41 52 43
102 51 112 51
142 45 146 46
90 21 90 31
0 14 2 17
88 16 93 17
79 31 79 40
75 39 76 42
29 23 30 27
160 7 171 7
114 12 121 12
46 40 47 45
20 17 22 19
0 6 1 8
9 21 19 21
78 41 78 49
119 12 129 12
18 8 23 8
163 15 173 15
84 55 88 56
79 0 79 11
142 47 144 48
159 25 170 25
111 15 122 15
120 7 121 11
116 41 127 41
30 51 32 54
145 19 150 20
27 5 34 5
107 48 114 48
87 28 98 28
42 4 47 5
77 37 77 45
91 39 95 40
133 32 133 42
64 1 75 1
14 0 25 0
54 14 54 24
84 31 86 33
97 21 108 21
100 28 102 31
2 50 4 51
21 7 21 12
54 41 56 44
120 36 120 46
35 18 36 23
132 5 139 5
150 17 155 18
131 16 140 16
23 34 23 43
40 3 43 5
120 15 123 17
54 12 58 13
98 41 106 41
2 11 12 11
59 12 70 12
19 40 19 45
4 34 6 36
26 48 37 48
153 45 155 47
64 33 75 33
105 33 115 33
174 18 174 29
152 45 152 51
99 37 102 39
111 29 117 29
78 37 78 45
112 1 121 1
69 9 78 9
8 17 8 27
26 24 37 24
161 41 172 41
137 17 145 17
141 47 141 56
170 17 173 19
63 36 63 46
45 24 53 24
141 39 143 42
148 8 148 18
74 51 74 58
102 23 106 24
146 49 147 53
132 19 139 19
42 50 46 50
109 21 109 27
136 9 137 12
9 54 11 56
11 32 15 33
127 33 127 44
50 53 54 54
21 50 23 53
164 10 165 14
54 35 59 35
98 21 98 32
98 54 100 56
154 3 154 14
36 27 42 27
129 33 129 44
39 21 47 21
88 34 89 37
67 20 69 23
168 11 179 11
68 36 68 46
137 18 142 19
119 50 121 51
30 3 32 6
98 37 103 38
39 6 39 12
165 29 168 31
32 54 35 55
112 17 123 17
57 52 66 52
64 31 71 31
91 44 100 44
5 53 7 53
0 6 4 6
175 25 179 25
29 58 38 58
98 57 101 59
108 24 110 27
81 26 81 37
167 32 177 32
29 2 31 5
90 39 94 40
66 22 66 29
35 49 37 52
6 10 10 11
52 27 63 27
73 37 73 46
140 2 140 12
127 47 134 47
30 8 40 8
54 30 54 38
59 21 70 21
7 45 7 49
44 36 44 45
2 10 5 12
43 2 47 3
141 16 149 16
24 10 24 12
96 52 103 52
109 44 109 55
46 36 46 43
146 9 148 12
75 16 85 16
49 13 49 21
89 15 92 17
167 7 170 8
118 23 128 23
50 22 50 25
36 38 45 38
33 0 33 8
135 57 144 57
30 39 30 50
124 9 124 18
152 14 154 17
45 17 51 17
41 25 43 28
14 9 14 20
129 13 129 21
110 42 115 43
11 21 11 23
62 34 63 37
16 2 16 6
53 19 55 21
167 13 167 23
68 24 72 25
60 11 63 12
146 15 151 16
52 26 57 27
136 4 139 6
54 29 54 33
170 30 173 32
99 20 102 21
112 44 112 54
138 42 138 50
101 27 101 32
32 41 39 41
159 45 159 56
7 22 17 22
59 42 61 44
19 1 26 1
83 21 94 21
125 40 125 43
56 33 56 36
78 55 79 59
117 40 118 44
82 39 84 42
0 39 0 44
35 9 35 20
23 23 23 33
144 33 151 33
169 40 174 41
24 7 25 12
111 16 116 17
69 2 69 6
91 8 102 8
118 7 123 8
24 20 26 23
143 19 144 21
149 17 149 25
141 3 144 5
96 29 101 30
68 0 69 5
