773
0 1 2 4
0 6 11 6
0 8 11 8
0 9 11 9
0 11 11 11
0 12 2 15
0 16 3 18
0 19 2 22
0 23 0 34
0 35 11 35
0 36 11 36
0 37 1 42
0 43 5 44
0 45 1 50
0 51 3 53
0 54 2 57
1 10 12 10
1 23 6 24
1 25 12 25
1 26 4 28
1 29 6 30
1 32 4 34
2 37 13 37
2 38 7 39
2 41 13 41
2 45 5 47
2 58 7 59
3 1 5 4
3 13 14 13
3 21 14 21
3 48 6 50
3 54 14 54
4 7 15 7
4 14 5 19
4 51 15 51
4 56 9 57
5 5 16 5
5 22 16 22
5 26 8 28
5 31 7 34
6 0 17 0
6 1 11 2
6 12 17 12
6 14 7 19
6 42 11 43
6 46 11 47
7 24 18 24
7 29 18 29
7 44 12 45
7 55 18 55
8 14 9 19
8 31 19 31
8 32 19 32
8 34 19 34
8 38 19 38
8 52 19 52
8 58 19 58
9 23 20 23
9 26 14 27
9 28 20 28
9 48 14 49
10 16 12 19
10 57 21 57
11 33 22 33
11 40 22 40
12 4 23 4
12 9 23 9
12 30 23 30
12 36 23 36
12 42 17 43
12 47 23 47
13 6 24 6
13 18 18 19
13 25 24 25
13 44 24 44
13 45 24 45
14 1 19 2
14 14 17 16
14 20 25 20
14 46 25 46
15 54 26 54
16 37 27 37
16 41 27 41
17 10 28 10
17 49 22 50
18 0 29 0
18 7 29 7
18 11 20 14
18 15 29 15
18 21 23 22
18 35 29 35
19 17 24 18
19 55 30 55
19 59 30 59
20 2 25 3
20 19 31 19
20 39 31 39
20 43 31 43
20 48 31 48
20 52 31 52
20 53 31 53
21 11 32 11
21 12 24 14
21 23 26 24
23 28 34 28
23 31 25 34
23 42 34 42
23 49 26 51
23 56 26 58
24 8 35 8
24 9 35 9
24 26 35 26
24 36 35 36
25 18 36 18
25 21 36 21
25 25 36 25
26 1 27 6
26 13 31 14
26 20 37 20
26 29 31 30
27 16 32 17
27 23 32 24
27 38 38 38
27 49 30 51
27 54 38 54
28 1 33 2
28 3 39 3
28 5 33 6
28 22 39 22
28 32 39 32
28 57 39 57
29 27 40 27
29 40 34 41
29 47 40 47
29 58 40 58
30 56 41 56
31 33 36 34
31 49 34 51
31 55 42 55
32 12 34 15
32 43 43 43
32 48 43 48
33 4 44 4
33 17 44 17
33 52 38 53
34 5 37 7
34 29 45 29
34 35 45 35
35 1 46 1
35 2 46 2
35 10 40 11
35 12 38 14
35 16 46 16
35 23 40 24
35 41 40 42
36 30 47 30
36 45 47 45
36 49 47 49
37 8 42 9
37 18 48 18
37 33 48 33
37 44 48 44
37 46 48 46
38 5 41 7
38 15 49 15
38 19 41 21
38 40 49 40
39 12 42 14
39 37 42 39
39 52 44 53
41 10 52 10
41 22 42 27
41 54 52 54
41 57 44 59
42 7 53 7
42 19 45 21
43 13 48 14
43 23 48 24
43 26 54 26
43 31 54 31
43 32 54 32
43 36 45 39
44 11 55 11
44 25 55 25
44 41 55 41
45 4 56 4
45 9 56 9
45 42 56 42
45 50 47 53
45 55 56 55
45 57 56 57
46 0 57 0
46 19 49 21
46 27 49 29
46 36 49 38
46 39 57 39
46 47 51 48
47 3 58 3
47 34 52 35
48 1 59 1
48 49 53 50
48 51 53 52
49 5 54 6
49 16 60 16
49 23 54 24
49 44 60 44
49 45 54 46
50 17 53 19
50 21 55 22
50 28 55 29
50 36 53 38
51 13 56 14
51 20 62 20
52 43 63 43
52 47 63 47
53 53 58 54
54 10 65 10
54 12 65 12
54 17 65 17
54 33 55 38
54 49 56 52
55 5 66 5
55 18 60 19
55 30 60 31
55 32 66 32
55 40 66 40
55 45 66 45
56 23 61 24
56 25 59 27
56 34 67 34
56 35 59 37
56 56 67 56
57 6 59 9
57 28 62 29
57 42 68 42
57 46 68 46
57 48 59 51
57 55 68 55
58 13 63 14
58 21 63 22
58 38 63 39
58 41 69 41
59 2 70 2
59 3 70 3
59 11 70 11
59 52 64 53
59 54 70 54
60 0 71 0
60 1 71 1
60 8 71 8
60 35 71 35
60 50 65 51
60 59 71 59
61 15 72 15
61 18 66 19
61 31 72 31
61 44 72 44
62 23 64 26
62 37 73 37
62 57 67 58
63 7 74 7
63 28 66 30
64 6 75 6
64 20 75 20
64 33 75 33
64 36 75 36
64 43 75 43
65 9 76 9
65 21 70 22
65 25 70 26
65 38 70 39
65 48 76 48
66 10 77 10
66 12 71 13
66 49 77 49
66 50 77 50
66 51 71 52
67 4 72 5
67 27 70 29
68 40 79 40
68 57 79 57
69 14 80 14
69 16 72 18
69 34 80 34
69 45 72 47
69 55 74 56
70 23 75 24
70 41 81 41
71 2 76 3
71 22 82 22
71 25 76 26
71 28 74 30
72 0 77 1
72 32 83 32
72 51 74 54
72 59 83 59
73 4 84 4
73 15 78 16
73 17 78 18
73 44 76 46
74 12 85 12
74 21 85 21
74 35 85 35
75 11 86 11
75 27 80 28
75 29 80 30
75 51 78 53
76 6 79 8
76 19 81 20
76 24 87 24
76 36 78 39
76 43 87 43
76 54 87 54
77 13 88 13
77 25 82 26
77 45 80 47
77 55 88 55
78 0 80 3
78 9 83 10
79 15 81 18
79 33 90 33
79 48 80 53
79 56 90 56
80 5 85 6
80 36 83 38
80 39 91 39
80 57 91 57
81 1 92 1
81 2 92 2
81 3 92 3
81 23 92 23
81 28 86 29
81 30 92 30
81 34 92 34
81 44 84 46
81 47 84 49
81 50 83 53
82 14 93 14
82 15 83 20
82 41 87 42
83 7 88 8
83 26 94 26
84 9 95 9
84 15 95 15
84 17 86 20
84 32 95 32
84 36 87 38
84 53 95 53
84 59 95 59
85 44 87 47
85 51 96 51
86 6 97 6
86 22 97 22
87 10 90 12
87 17 89 20
87 35 98 35
88 27 93 28
88 37 93 38
88 40 90 43
88 46 99 46
88 49 99 49
88 58 99 58
89 13 100 13
89 21 100 21
89 25 100 25
89 29 100 29
89 54 100 54
90 16 92 19
90 44 101 44
90 52 101 52
91 7 96 8
91 40 96 41
91 47 96 48
92 10 97 11
92 24 103 24
92 50 103 50
92 55 97 56
93 0 96 2
93 16 95 19
93 23 104 23
93 31 104 31
93 42 98 43
94 4 105 4
94 27 99 28
94 36 105 36
94 37 97 39
95 33 100 34
96 9 107 9
96 14 98 17
96 18 99 20
97 0 102 1
97 2 102 3
97 7 102 8
97 30 108 30
98 5 103 6
98 10 103 11
98 22 109 22
98 37 103 38
98 51 109 51
99 16 110 16
99 17 110 17
99 39 102 41
99 43 110 43
99 48 110 48
99 55 110 55
99 59 110 59
100 18 111 18
100 20 111 20
100 26 105 27
100 35 111 35
100 45 105 46
100 49 111 49
101 12 104 14
101 21 112 21
101 28 106 29
101 32 104 34
101 47 112 47
101 53 106 54
102 52 113 52
102 56 113 56
102 57 113 57
103 1 106 3
103 19 114 19
103 25 114 25
103 41 108 42
104 37 106 40
105 5 116 5
105 6 116 6
105 7 116 7
105 32 108 34
106 4 117 4
106 11 117 11
106 12 117 12
106 31 117 31
107 0 110 2
107 28 118 28
107 29 118 29
107 38 118 38
107 46 118 46
107 53 118 53
108 23 119 23
108 39 119 39
109 32 114 33
109 40 112 42
109 44 114 45
110 8 113 10
110 13 115 14
110 26 121 26
110 51 121 51
111 0 114 2
111 15 122 15
111 17 122 17
111 27 122 27
111 48 122 48
111 59 122 59
112 18 123 18
112 34 115 36
112 37 123 37
112 49 123 49
112 54 117 55
113 16 124 16
113 20 116 22
113 43 124 43
114 8 117 10
114 41 125 41
114 56 117 58
115 1 120 2
115 19 126 19
115 25 126 25
115 44 120 45
116 0 127 0
116 13 127 13
116 32 119 34
116 52 127 52
117 5 122 6
117 20 120 22
117 35 122 36
117 40 128 40
118 7 120 10
118 12 129 12
118 54 121 56
119 11 130 11
119 30 130 30
119 50 130 50
120 31 131 31
120 32 125 33
121 1 124 3
121 7 132 7
121 8 124 10
121 20 126 21
121 28 126 29
121 38 126 39
121 44 132 44
121 57 126 58
122 26 133 26
122 45 127 46
122 53 127 54
122 55 127 56
123 5 134 5
123 14 128 15
123 36 134 36
124 42 135 42
124 48 135 48
124 59 135 59
125 1 136 1
125 2 136 2
125 34 130 35
125 37 136 37
125 47 136 47
126 3 131 4
126 23 131 24
126 32 131 33
126 43 137 43
127 8 130 10
127 16 132 17
127 19 129 22
127 27 130 29
127 38 138 38
127 41 138 41
128 0 139 0
128 45 139 45
128 46 139 46
128 51 133 52
128 53 130 56
128 57 133 58
129 13 134 14
129 39 134 40
130 12 141 12
130 15 141 15
130 18 133 20
130 21 141 21
130 25 141 25
131 8 134 10
131 28 136 29
131 34 136 35
131 53 134 55
132 3 143 3
132 22 143 22
132 27 143 27
132 30 137 31
133 17 144 17
133 50 144 50
134 11 145 11
134 16 145 16
134 56 139 57
135 4 136 9
135 13 146 13
135 20 146 20
135 23 146 23
135 33 146 33
135 40 146 40
135 52 140 53
135 54 146 54
135 58 146 58
136 18 147 18
136 48 147 48
136 55 147 55
137 2 148 2
137 4 138 9
137 28 148 28
137 29 148 29
137 34 142 35
137 36 142 37
137 44 148 44
137 59 148 59
138 30 143 31
139 4 141 7
139 9 150 9
139 41 142 43
140 8 151 8
140 14 151 14
140 19 151 19
140 45 143 47
141 0 152 0
141 56 152 56
142 4 145 6
142 7 153 7
142 15 153 15
142 21 153 21
142 25 147 26
143 32 154 32
143 34 154 34
143 35 145 38
144 1 155 1
144 22 155 22
144 27 155 27
144 31 155 31
144 45 149 46
145 3 156 3
145 41 156 41
146 4 149 6
146 10 149 12
146 35 151 36
146 49 149 51
146 52 151 53
147 33 158 33
147 38 150 40
147 57 152 58
148 16 151 18
148 23 151 25
148 42 159 42
149 28 160 28
149 29 154 30
150 6 161 6
150 10 161 10
150 11 155 12
150 20 161 20
150 44 155 45
150 46 161 46
150 47 152 50
151 5 162 5
151 37 154 39
151 55 162 55
152 8 157 9
152 19 163 19
152 24 157 25
152 51 154 54
153 4 164 4
153 56 155 59
154 2 165 2
154 7 165 7
154 13 155 18
155 23 166 23
155 29 166 29
155 34 157 37
155 49 160 50
155 51 166 51
155 53 160 54
156 1 167 1
156 11 161 12
156 13 161 14
156 17 167 17
156 22 167 22
156 26 161 27
156 30 161 31
156 40 167 40
156 45 167 45
156 47 167 47
156 56 159 58
158 8 169 8
158 16 169 16
158 34 169 34
158 35 161 37
158 41 169 41
159 24 164 25
159 43 170 43
159 59 170 59
160 52 171 52
160 58 171 58
161 33 172 33
161 38 166 39
161 48 166 49
161 54 172 54
162 9 164 12
162 14 173 14
162 20 167 21
162 27 167 28
162 30 167 31
162 36 173 36
162 37 173 37
162 46 173 46
162 57 173 57
163 5 174 5
163 35 174 35
163 50 174 50
164 13 175 13
165 9 168 11
165 12 176 12
165 24 170 25
165 56 176 56
167 2 172 3
167 23 178 23
167 44 178 44
167 48 172 49
168 1 179 1
168 18 173 19
168 22 179 22
168 27 179 27
168 28 171 30
168 31 173 32
168 38 171 40
168 47 179 47
168 55 179 55
170 7 175 8
170 41 175 42
171 15 176 16
172 29 177 30
172 52 177 53
172 58 177 59
173 3 178 4
173 24 178 25
173 48 178 49
174 18 177 20
174 31 179 32
175 33 176 38
176 7 178 10
176 41 179 43
177 14 179 17
177 34 178 39
4 53 15 53
30 0 41 0
74 31 85 31
167 51 178 51
170 10 175 11
10 56 21 56
42 5 47 6
113 47 124 47
135 39 146 39
156 32 167 32
134 51 145 51
156 15 167 15
12 8 23 8
102 58 113 58
146 43 157 43
47 2 58 2
28 37 38 37
113 42 123 42
8 59 18 59
156 44 166 44
35 50 44 50
92 57 101 57
57 4 66 4
172 39 176 40
71 38 75 39
141 52 145 53
17 5 25 5
67 19 75 19
13 10 16 11
178 18 179 21
44 43 51 43
56 33 63 33
106 26 109 27
153 47 154 50
172 28 179 28
37 25 40 26
65 53 71 53
86 31 92 31
103 8 109 8
116 14 122 14
173 54 179 54
40 3 46 3
140 57 146 57
169 9 175 9
12 35 17 35
60 25 61 27
67 16 68 18
83 25 88 25
84 16 89 16
90 20 95 20
122 51 127 51
124 18 129 18
134 19 139 19
148 54 150 55
7 48 8 50
50 27 55 27
125 8 126 10
144 47 149 47
155 48 160 48
45 17 49 17
95 26 99 26
149 2 153 2
155 52 159 52
0 7 3 7
3 55 6 55
30 7 33 7
42 0 45 0
44 47 45 48
60 36 61 37
75 56 78 56
16 53 19 53
3 12 5 12
127 25 129 25
147 20 149 20
