786
0 1 2 4
0 6 11 6
0 8 11 8
0 9 11 9
0 11 11 11
0 12 1 17
0 18 2 21
0 22 0 33
0 34 3 36
0 37 3 39
0 40 11 40
0 41 3 43
0 44 11 44
0 45 1 50
0 51 1 56
0 57 3 59
1 10 12 10
1 23 6 24
1 25 12 25
1 26 4 28
1 29 6 30
2 12 4 15
2 45 5 47
2 50 4 53
3 1 5 4
3 16 4 21
3 33 14 33
3 48 14 48
3 54 14 54
4 7 15 7
4 32 15 32
4 35 7 37
4 38 15 38
4 41 15 41
4 42 9 43
4 56 9 57
5 5 16 5
5 12 6 17
5 18 16 18
5 21 10 22
5 26 8 28
5 34 16 34
5 49 8 51
6 0 9 2
6 19 17 19
6 46 11 47
6 58 17 58
7 12 18 12
7 14 10 16
7 24 18 24
7 29 18 29
7 55 18 55
8 31 19 31
8 35 13 36
8 37 19 37
8 52 19 52
9 13 20 13
9 23 20 23
9 26 20 26
9 27 14 28
9 49 14 50
9 51 20 51
10 0 12 3
10 42 21 42
10 43 21 43
10 45 21 45
10 57 21 57
11 21 22 21
12 4 23 4
12 9 23 9
12 16 17 17
12 30 23 30
12 40 23 40
12 44 23 44
12 47 23 47
13 0 24 0
13 6 24 6
13 25 24 25
14 1 19 2
14 20 25 20
14 36 25 36
14 46 25 46
15 33 26 33
15 54 26 54
16 22 27 22
16 28 27 28
16 41 27 41
17 10 28 10
17 14 22 15
17 34 28 34
17 49 22 50
18 7 29 7
18 17 23 18
18 19 29 19
18 35 29 35
18 58 29 58
19 11 30 11
19 55 30 55
19 59 30 59
20 2 25 3
20 37 25 38
20 39 31 39
20 48 31 48
20 52 25 53
21 12 26 13
21 23 26 24
22 42 27 43
23 15 28 16
23 21 34 21
23 49 26 51
24 8 35 8
24 9 35 9
24 18 35 18
24 26 35 26
25 0 36 0
25 25 36 25
25 56 36 56
26 1 31 2
26 3 28 6
26 20 37 20
26 29 31 30
26 36 31 37
26 52 31 53
27 12 30 14
27 23 32 24
27 38 38 38
27 49 30 51
27 54 38 54
28 22 39 22
28 28 39 28
28 32 39 32
28 41 33 42
28 43 39 43
28 57 39 57
29 3 40 3
29 6 40 6
29 16 34 17
29 27 40 27
29 47 40 47
30 19 41 19
31 10 36 11
31 12 33 15
31 33 36 34
31 40 42 40
31 49 34 51
31 55 42 55
31 58 36 59
32 4 37 5
32 48 43 48
33 1 44 1
33 35 36 37
33 52 38 53
34 12 36 15
34 29 45 29
34 41 45 41
35 2 46 2
35 16 46 16
35 23 40 24
36 7 39 9
36 17 41 18
36 30 47 30
36 45 47 45
36 49 47 49
37 10 39 13
37 14 42 15
37 33 48 33
37 34 42 35
37 44 48 44
37 46 48 46
38 20 43 21
39 37 42 39
39 52 44 53
40 7 41 12
40 56 42 59
41 4 46 5
41 22 42 27
41 54 52 54
42 6 44 9
43 13 48 14
43 15 54 15
43 19 54 19
43 23 48 24
43 26 54 26
43 31 54 31
43 32 54 32
43 34 45 37
43 38 48 39
43 55 45 58
44 10 49 11
44 20 55 20
44 21 49 22
44 25 55 25
45 6 47 9
45 42 56 42
45 50 47 53
46 0 57 0
46 27 49 29
46 36 51 37
46 40 51 41
46 47 51 48
46 57 57 57
47 3 58 3
47 34 52 35
47 55 58 55
48 1 59 1
48 4 49 9
48 16 51 18
48 49 53 50
48 51 53 52
49 23 54 24
49 44 60 44
49 45 54 46
50 4 51 9
50 10 53 12
50 21 55 22
50 28 55 29
51 13 56 14
51 38 56 39
52 6 63 6
52 8 57 9
52 17 63 17
52 36 57 37
52 40 57 41
52 43 63 43
52 47 63 47
53 4 64 4
53 5 64 5
53 53 58 54
54 10 65 10
54 11 59 12
54 16 65 16
54 49 56 52
55 18 60 19
55 30 60 31
55 32 66 32
55 34 66 34
55 45 66 45
56 20 58 23
56 24 57 29
56 56 67 56
57 35 68 35
57 42 68 42
57 46 68 46
57 48 59 51
58 13 63 14
58 24 59 29
58 36 59 41
59 2 70 2
59 3 70 3
59 8 70 8
59 52 64 53
59 54 70 54
60 0 71 0
60 1 71 1
60 20 63 22
60 23 65 24
60 26 62 29
60 37 63 39
60 40 71 40
60 41 71 41
60 50 65 51
60 55 71 55
60 59 71 59
61 15 72 15
61 18 66 19
61 31 72 31
61 44 72 44
62 11 73 11
62 57 67 58
63 7 74 7
63 25 65 28
63 29 68 30
64 6 75 6
64 20 75 20
64 33 75 33
64 36 75 36
64 37 75 37
64 43 75 43
65 9 76 9
65 21 76 21
65 38 70 39
65 48 76 48
66 10 77 10
66 12 71 13
66 24 71 25
66 26 69 28
66 49 69 51
67 4 72 5
67 52 78 52
68 57 79 57
69 14 80 14
69 16 71 19
69 29 74 30
69 34 80 34
69 45 72 47
70 22 81 22
70 26 73 28
70 50 81 50
71 2 76 3
71 23 82 23
71 51 82 51
72 0 77 1
72 16 75 18
72 25 83 25
72 32 83 32
72 53 74 56
72 59 83 59
73 4 84 4
73 15 84 15
73 39 75 42
73 44 76 46
74 12 85 12
74 26 79 27
74 35 85 35
75 11 86 11
75 28 77 31
75 53 78 55
76 6 81 7
76 8 87 8
76 16 81 17
76 18 79 20
76 24 87 24
76 36 79 38
76 43 87 43
77 13 88 13
77 39 88 39
77 45 88 45
77 46 82 47
77 48 82 49
78 0 81 2
78 9 83 10
78 28 83 29
78 41 89 41
79 33 90 33
79 53 82 55
79 56 90 56
80 3 91 3
80 19 91 19
80 30 91 30
80 36 83 38
80 57 91 57
81 34 92 34
82 0 85 2
82 6 87 7
82 14 93 14
82 16 87 17
82 52 93 52
83 21 86 23
83 26 94 26
83 46 86 48
83 53 88 54
83 55 94 55
84 9 95 9
84 27 89 28
84 32 95 32
84 36 89 37
84 59 95 59
85 51 96 51
86 0 89 2
86 42 97 42
87 10 90 12
87 23 98 23
87 35 98 35
87 46 98 46
87 47 98 47
88 6 99 6
88 7 93 8
88 20 93 21
88 43 99 43
88 49 99 49
88 58 99 58
89 13 100 13
89 17 94 18
89 25 100 25
89 29 100 29
89 39 94 40
89 53 94 54
90 0 95 1
90 15 101 15
90 28 101 28
90 37 95 38
90 44 95 45
91 2 102 2
92 3 103 3
92 10 103 10
92 11 103 11
92 24 103 24
92 50 103 50
92 56 97 57
93 31 104 31
93 41 104 41
94 4 105 4
94 7 99 8
94 16 105 16
94 19 99 20
94 21 99 22
94 36 105 36
94 52 105 52
95 33 100 34
95 40 106 40
95 53 106 53
96 9 107 9
96 17 107 17
96 54 101 55
97 0 102 1
97 18 108 18
97 30 108 30
97 44 108 44
98 37 103 38
98 51 109 51
99 46 110 46
99 48 110 48
99 59 110 59
100 5 102 8
100 20 111 20
100 21 103 23
100 26 105 27
100 35 111 35
100 49 111 49
101 12 104 14
101 32 112 32
101 33 112 33
101 42 106 43
101 47 112 47
102 28 107 29
102 34 113 34
102 54 104 57
103 5 108 6
103 19 114 19
103 25 114 25
104 0 106 3
104 21 109 22
104 23 109 24
104 37 109 38
105 7 116 7
105 54 107 57
106 4 117 4
106 11 117 11
106 12 117 12
106 13 108 16
106 31 117 31
107 0 110 2
107 39 109 42
107 53 118 53
108 17 119 17
108 28 119 28
108 29 119 29
108 54 110 57
109 5 120 5
109 6 120 6
109 14 112 16
109 18 120 18
109 44 114 45
110 8 113 10
110 23 121 23
110 26 121 26
110 36 113 38
110 39 121 39
110 50 113 52
111 0 114 2
111 27 122 27
111 42 116 43
111 48 122 48
111 57 116 58
111 59 122 59
112 46 123 46
112 49 123 49
112 54 117 55
113 13 115 16
113 20 116 22
114 8 117 10
114 33 115 38
114 41 125 41
114 51 119 52
115 1 120 2
115 19 126 19
115 25 126 25
115 44 120 45
116 0 127 0
116 13 127 13
116 14 121 15
116 32 119 34
116 37 121 38
117 20 120 22
117 35 122 36
117 40 128 40
117 56 120 58
118 7 119 12
119 30 130 30
119 50 130 50
119 53 122 55
120 7 122 10
120 11 131 11
120 12 131 12
120 16 125 17
120 31 125 32
120 52 131 52
121 1 122 6
121 20 132 20
121 21 132 21
121 28 126 29
121 43 124 45
121 57 126 58
122 26 133 26
122 38 133 38
123 2 124 7
123 14 128 15
123 33 128 34
123 36 134 36
123 39 134 39
123 54 126 56
124 1 135 1
124 10 135 10
124 42 135 42
124 48 135 48
124 59 135 59
125 2 136 2
125 3 126 8
125 37 136 37
125 44 130 45
125 47 136 47
126 23 131 24
126 43 137 43
126 46 137 46
127 3 132 4
127 5 132 6
127 7 130 9
127 16 138 16
127 19 138 19
127 27 130 29
127 41 138 41
127 53 130 55
127 56 138 56
128 0 139 0
128 57 133 58
129 13 134 14
129 31 131 34
129 40 140 40
130 15 141 15
130 25 141 25
131 7 134 9
131 18 142 18
131 28 136 29
131 49 134 51
131 53 134 55
132 12 143 12
132 22 143 22
132 27 143 27
132 30 135 32
132 33 135 35
133 3 136 5
133 17 144 17
133 20 138 21
134 11 145 11
134 38 145 38
135 6 137 9
135 13 146 13
135 23 146 23
135 44 140 45
135 49 136 54
135 57 140 58
136 1 147 1
136 34 141 35
136 48 147 48
136 55 147 55
137 2 148 2
137 3 140 5
137 28 139 31
137 36 142 37
137 49 140 51
137 52 140 54
137 59 148 59
138 6 140 9
138 46 149 46
139 16 150 16
139 41 142 43
140 14 151 14
140 19 143 21
140 28 151 28
140 29 145 30
140 31 151 31
140 32 145 33
141 0 152 0
141 6 143 9
141 40 152 40
141 44 152 44
141 49 142 54
141 56 152 56
142 4 147 5
142 15 153 15
142 25 147 26
142 34 153 34
142 35 153 35
143 18 154 18
143 49 148 50
144 6 155 6
144 7 155 7
144 19 155 19
144 20 147 22
144 27 155 27
144 37 155 37
145 3 156 3
145 9 156 9
145 41 156 41
145 53 150 54
146 10 149 12
146 51 151 52
147 8 158 8
147 33 158 33
147 39 158 39
147 57 152 58
148 4 153 5
148 21 151 23
148 24 151 26
148 42 159 42
149 29 154 30
149 47 151 50
150 1 161 1
150 10 155 11
150 20 161 20
150 46 161 46
151 53 162 53
151 55 162 55
152 24 157 25
152 28 163 28
152 31 163 31
153 45 164 45
153 51 164 51
153 56 158 57
153 58 164 58
154 2 165 2
154 14 159 15
154 34 159 35
155 4 166 4
155 23 166 23
155 29 166 29
155 49 160 50
155 54 166 54
156 5 161 6
156 10 159 12
156 17 167 17
156 22 167 22
156 26 161 27
156 37 167 37
156 40 167 40
156 47 167 47
157 36 168 36
158 13 169 13
158 16 169 16
158 18 163 19
158 41 169 41
159 7 164 8
159 24 164 25
159 43 170 43
159 59 170 59
160 9 162 12
160 14 171 14
160 34 171 34
160 35 171 35
160 52 171 52
161 33 172 33
161 38 166 39
161 48 166 49
162 0 167 1
162 5 167 6
162 20 167 21
162 46 173 46
162 57 173 57
163 9 165 12
163 27 174 27
163 50 174 50
164 30 167 32
165 24 168 26
165 45 176 45
165 56 176 56
165 58 176 58
166 7 167 12
167 2 172 3
167 23 178 23
167 44 178 44
167 48 172 49
168 1 179 1
168 6 171 8
168 18 173 19
168 22 179 22
168 28 171 30
168 31 173 32
168 37 179 37
168 38 171 40
168 47 179 47
168 55 179 55
169 10 172 12
170 4 175 5
170 41 175 42
171 15 176 16
171 53 176 54
172 8 177 9
172 29 177 30
172 34 175 36
173 11 175 14
173 24 178 25
173 48 178 49
174 18 177 20
174 31 179 32
176 2 179 4
176 10 179 12
176 41 179 43
177 14 179 17
177 51 179 54
177 56 179 59
4 59 15 59
12 56 23 56
42 17 47 18
49 33 60 33
78 31 89 31
137 47 148 47
141 45 152 45
146 32 157 32
153 43 158 44
165 51 176 51
172 6 177 7
172 38 175 40
5 53 16 53
40 43 51 43
76 40 87 40
77 44 88 44
113 47 124 47
135 39 146 39
152 47 154 50
176 38 179 40
141 57 146 58
12 8 23 8
47 2 58 2
34 42 44 42
120 51 130 51
145 17 155 17
160 15 170 15
100 58 110 58
35 50 44 50
149 59 158 59
175 27 179 28
121 18 130 18
143 42 147 43
95 26 99 27
17 5 25 5
123 35 131 35
37 0 45 0
13 10 16 11
131 44 134 45
178 18 179 21
67 16 68 19
80 20 87 20
106 26 109 27
117 42 120 43
152 52 159 52
37 25 40 26
98 56 101 57
143 51 144 54
159 44 166 44
65 53 71 53
103 8 109 8
126 17 132 17
29 4 31 5
30 7 35 7
38 4 40 5
60 12 65 12
146 29 148 30
158 32 163 32
41 3 46 3
50 27 55 27
155 48 160 48
69 35 73 35
148 43 152 43
149 2 153 2
2 55 6 55
0 7 3 7
6 45 9 45
44 47 45 48
71 38 72 39
72 19 75 19
75 56 78 56
141 3 144 3
60 36 63 36
17 53 19 53
127 25 129 25
139 19 139 21
