776
0 1 2 4
0 6 11 6
0 8 11 8
0 9 5 10
0 11 11 11
0 12 2 15
0 16 1 21
0 22 0 33
0 34 3 36
0 37 1 42
0 43 5 44
0 45 1 50
0 51 1 56
0 57 3 59
1 23 6 24
1 25 12 25
1 26 4 28
1 29 4 31
2 16 3 21
2 37 13 37
2 38 7 39
2 41 13 41
2 45 5 47
2 50 5 52
3 1 5 4
3 13 14 13
3 33 14 33
3 48 14 48
3 54 14 54
4 7 15 7
4 14 5 19
4 21 15 21
4 32 15 32
4 35 15 35
4 56 9 57
5 5 16 5
5 22 16 22
5 26 8 28
5 34 16 34
5 36 16 36
6 0 17 0
6 1 11 2
6 9 17 9
6 10 17 10
6 12 17 12
6 14 7 19
6 29 17 29
6 42 11 43
6 46 11 47
6 49 8 52
6 58 17 58
7 24 18 24
7 44 12 45
7 55 18 55
8 14 9 19
8 31 19 31
8 38 19 38
9 23 20 23
9 26 20 26
9 27 14 28
9 49 20 49
9 51 20 51
9 52 20 52
10 16 12 19
10 57 21 57
11 40 22 40
12 4 23 4
12 30 23 30
12 42 23 42
12 47 23 47
13 6 24 6
13 18 18 19
13 25 24 25
13 43 15 46
14 1 19 2
14 14 17 16
14 20 25 20
15 33 26 33
15 54 26 54
16 28 27 28
16 37 27 37
16 41 27 41
16 43 18 46
17 34 28 34
18 0 29 0
18 7 29 7
18 10 29 10
18 11 21 13
18 15 29 15
18 21 23 22
18 35 29 35
18 58 29 58
19 9 30 9
19 17 24 18
19 36 30 36
19 43 22 45
19 55 30 55
19 59 30 59
20 2 25 3
20 14 31 14
20 19 31 19
20 39 31 39
20 48 31 48
20 53 31 53
21 23 26 24
21 50 26 51
21 52 32 52
22 11 33 11
23 12 28 13
23 43 34 43
24 8 35 8
24 26 35 26
24 42 35 42
25 18 36 18
25 21 36 21
25 25 36 25
25 56 36 56
26 1 31 2
26 3 29 5
26 20 37 20
26 29 31 30
27 16 32 17
27 23 32 24
27 38 38 38
27 49 30 51
27 54 38 54
28 22 39 22
28 28 39 28
28 32 39 32
28 57 39 57
29 6 40 6
29 27 40 27
29 40 34 41
29 47 40 47
30 3 41 3
30 12 35 13
31 33 36 34
31 49 34 51
31 55 42 55
31 58 36 59
32 4 37 5
32 14 43 14
32 48 43 48
33 1 44 1
33 17 44 17
33 35 36 37
33 52 38 53
34 9 39 10
34 29 45 29
35 2 46 2
35 16 46 16
35 23 40 24
35 41 46 41
35 43 40 44
36 11 39 13
36 30 47 30
36 45 47 45
36 49 39 51
37 7 48 7
37 18 48 18
37 33 48 33
37 34 40 36
37 46 48 46
38 15 49 15
38 19 41 21
38 40 49 40
39 37 42 39
39 52 44 53
40 8 45 9
40 10 51 10
40 49 51 49
40 56 42 59
41 4 52 4
41 22 42 27
41 34 46 35
41 42 44 44
41 54 52 54
42 19 45 21
43 23 48 24
43 26 54 26
43 31 54 31
43 32 54 32
43 36 48 37
43 38 48 39
43 55 46 57
43 58 54 58
44 11 55 11
44 12 47 14
44 25 55 25
45 42 56 42
45 50 47 53
46 0 57 0
46 9 57 9
46 19 49 21
46 27 49 29
46 44 57 44
46 47 51 48
47 3 58 3
47 34 52 35
47 55 58 55
47 57 58 57
48 1 59 1
48 50 51 52
49 5 54 6
49 16 60 16
49 23 54 24
49 36 51 39
49 41 60 41
49 45 54 46
50 17 51 22
50 28 55 29
51 13 56 14
52 10 63 10
52 17 63 17
52 18 57 19
52 20 55 22
52 36 57 37
52 43 63 43
52 47 53 52
53 4 64 4
53 38 56 40
53 53 58 54
54 12 65 12
54 47 59 48
54 49 56 52
55 5 60 6
55 30 60 31
55 32 66 32
55 34 66 34
55 45 66 45
56 20 58 23
56 24 57 29
56 56 67 56
57 35 68 35
57 40 68 40
57 42 68 42
57 46 68 46
57 50 68 50
57 51 68 51
58 13 63 14
58 18 63 19
58 24 59 29
58 38 63 39
58 44 69 44
59 2 70 2
59 3 70 3
59 8 70 8
59 11 70 11
59 52 64 53
59 54 70 54
60 0 71 0
60 1 71 1
60 20 63 22
60 23 65 24
60 26 62 29
60 55 71 55
60 59 71 59
61 5 64 7
61 15 72 15
61 31 72 31
61 41 72 41
62 37 73 37
62 57 67 58
63 25 74 25
63 26 68 27
63 28 68 29
64 9 69 10
64 16 65 21
64 33 75 33
64 36 75 36
64 43 75 43
65 4 68 6
65 7 76 7
65 38 70 39
65 48 76 48
66 12 71 13
66 20 68 23
66 30 77 30
66 49 77 49
67 52 78 52
68 57 79 57
69 4 72 6
69 14 80 14
69 16 71 19
69 20 80 20
69 27 74 28
69 34 80 34
69 40 80 40
69 45 72 47
69 50 80 50
70 9 81 9
70 22 81 22
70 23 75 24
71 2 76 3
71 10 76 11
71 26 82 26
71 51 82 51
72 0 83 0
72 16 75 18
72 32 83 32
72 44 83 44
72 53 74 56
72 59 83 59
73 4 78 5
73 6 84 6
73 15 84 15
73 41 78 42
73 45 76 47
74 12 85 12
74 21 85 21
74 29 85 29
74 35 85 35
75 25 86 25
75 27 80 28
75 53 78 55
76 8 87 8
76 16 81 17
76 19 87 19
76 24 87 24
76 36 78 39
76 43 87 43
77 10 88 10
77 11 88 11
77 13 88 13
77 45 88 45
77 46 80 48
78 1 81 3
79 33 90 33
79 53 81 56
80 30 91 30
80 36 83 38
80 39 91 39
80 41 85 42
80 57 91 57
81 23 92 23
81 34 92 34
81 46 83 49
82 1 93 1
82 2 87 3
82 14 93 14
82 16 87 17
82 52 87 53
82 54 93 54
82 56 93 56
83 9 94 9
83 26 94 26
83 55 94 55
84 27 89 28
84 32 95 32
84 36 89 37
84 46 87 48
84 59 95 59
85 4 88 6
85 51 96 51
86 22 97 22
86 40 91 41
86 42 97 42
87 35 98 35
88 2 99 2
88 7 93 8
88 18 93 19
88 20 93 21
88 43 99 43
88 46 99 46
88 49 99 49
88 52 93 53
88 58 99 58
89 3 94 4
89 6 100 6
89 12 94 13
89 25 100 25
89 29 100 29
90 15 93 17
90 28 101 28
90 37 95 38
90 44 95 45
91 47 96 48
92 10 97 11
92 24 103 24
92 39 95 41
92 50 103 50
93 23 104 23
93 31 104 31
94 1 105 1
94 7 99 8
94 14 97 16
94 17 105 17
94 18 97 20
94 36 105 36
94 52 105 52
94 53 105 53
94 56 99 57
95 4 106 4
95 9 106 9
95 21 106 21
95 33 100 34
96 13 107 13
96 37 98 40
96 41 107 41
96 54 101 55
97 30 108 30
97 44 108 44
98 10 103 11
98 16 109 16
98 18 109 18
98 19 103 20
98 22 109 22
98 51 109 51
99 37 104 38
99 48 110 48
99 59 110 59
100 2 111 2
100 26 105 27
100 35 111 35
100 45 105 46
100 49 111 49
101 5 106 6
101 32 104 34
101 42 106 43
101 47 112 47
102 28 107 29
102 54 104 57
103 25 114 25
104 20 115 20
105 3 116 3
105 7 116 7
105 32 108 34
105 37 108 39
105 54 110 55
105 56 116 56
106 11 117 11
106 12 117 12
106 31 117 31
107 4 112 5
107 6 118 6
107 17 118 17
107 21 118 21
107 46 118 46
107 53 118 53
108 0 119 0
108 23 119 23
108 28 119 28
108 29 119 29
108 40 110 43
109 32 114 33
109 38 120 38
109 39 120 39
109 44 114 45
109 57 114 58
110 8 113 10
110 13 115 14
110 18 121 18
110 26 121 26
110 50 113 52
111 15 122 15
111 19 122 19
111 27 122 27
111 42 116 43
111 48 122 48
111 59 122 59
112 1 117 2
112 34 115 36
112 37 123 37
112 49 123 49
112 54 117 55
113 5 124 5
113 16 124 16
114 8 117 10
114 41 125 41
114 51 119 52
115 25 126 25
115 44 120 45
115 57 126 57
116 13 127 13
116 32 119 34
116 58 127 58
117 35 122 36
117 40 128 40
118 7 119 12
118 20 129 20
118 54 121 56
119 1 122 3
119 30 130 30
119 50 130 50
120 7 123 9
120 10 131 10
120 11 131 11
120 12 131 12
120 21 131 21
120 31 125 32
120 52 131 52
121 28 126 29
121 38 126 39
121 43 124 45
122 26 133 26
122 46 127 47
122 53 127 54
122 55 127 56
123 2 134 2
123 14 128 15
123 19 134 19
123 33 128 34
123 36 134 36
124 1 135 1
124 42 135 42
124 48 135 48
124 59 135 59
125 3 126 8
125 37 136 37
125 44 130 45
126 23 131 24
126 43 137 43
127 3 128 8
127 16 138 16
127 27 130 29
127 38 138 38
127 41 138 41
128 0 139 0
128 46 139 46
128 53 130 56
128 57 133 58
129 3 134 4
129 5 140 5
129 7 134 8
129 13 134 14
129 31 131 34
129 39 134 40
129 47 140 47
130 9 141 9
130 15 141 15
130 20 141 20
130 25 141 25
131 18 142 18
131 28 136 29
131 49 134 51
131 53 134 55
132 10 135 12
132 21 143 21
132 22 143 22
132 27 143 27
132 30 133 35
133 17 144 17
134 30 139 31
134 34 139 35
134 56 139 57
135 3 140 4
135 7 140 8
135 13 146 13
135 23 146 23
135 33 146 33
135 40 146 40
135 44 140 45
135 49 136 54
135 58 146 58
136 1 147 1
136 2 147 2
136 12 147 12
136 48 147 48
136 55 147 55
137 28 148 28
137 29 148 29
137 36 142 37
137 49 140 51
137 52 140 54
137 59 148 59
138 10 143 11
139 16 150 16
139 41 142 43
140 14 151 14
140 19 151 19
140 30 143 32
140 34 151 34
141 0 152 0
141 7 146 8
141 44 152 44
141 49 142 54
141 56 152 56
142 4 145 6
142 9 153 9
142 15 153 15
142 25 147 26
142 35 153 35
142 46 153 46
143 18 154 18
143 36 146 38
143 49 148 50
144 20 147 22
144 27 155 27
144 30 147 32
145 3 156 3
145 41 156 41
145 53 150 54
146 4 149 6
146 51 151 52
147 8 158 8
147 33 158 33
147 38 150 40
147 57 152 58
148 2 159 2
148 21 151 23
148 24 151 26
148 31 159 31
148 42 159 42
149 10 160 10
149 28 160 28
149 29 154 30
149 47 151 50
150 1 161 1
150 6 161 6
150 11 155 12
150 20 161 20
151 5 162 5
151 36 153 39
151 53 162 53
151 55 162 55
152 19 163 19
152 24 157 25
152 34 163 34
153 4 164 4
153 45 164 45
153 51 164 51
153 56 158 57
153 58 164 58
154 7 165 7
154 14 159 15
154 37 165 37
155 23 166 23
155 29 166 29
155 49 160 50
155 54 166 54
156 11 161 12
156 17 167 17
156 22 167 22
156 26 161 27
156 35 167 35
156 40 167 40
156 47 167 47
157 36 168 36
158 13 169 13
158 16 169 16
158 41 169 41
159 8 170 8
159 24 164 25
159 43 170 43
159 46 170 46
159 59 170 59
160 2 165 3
160 14 171 14
160 30 163 32
160 52 171 52
161 33 172 33
161 38 166 39
161 48 166 49
162 0 167 1
162 9 164 12
162 20 167 21
162 27 167 28
162 57 173 57
163 5 174 5
163 50 174 50
164 30 167 32
165 9 167 12
165 24 170 25
165 45 176 45
165 56 176 56
165 58 176 58
167 2 172 3
167 23 178 23
167 37 178 37
167 44 178 44
167 48 178 48
167 49 178 49
168 1 179 1
168 18 173 19
168 22 179 22
168 27 179 27
168 28 170 31
168 35 179 35
168 38 171 40
168 47 179 47
168 55 179 55
169 10 172 12
170 41 175 42
171 15 176 16
171 29 173 32
171 53 176 54
172 8 177 9
173 3 178 4
173 11 175 14
173 24 178 25
174 18 177 20
174 28 175 33
175 5 178 7
176 10 179 12
176 28 177 33
176 41 179 43
177 14 179 17
177 51 179 54
177 56 179 59
2 53 13 53
4 59 15 59
12 56 23 56
30 0 41 0
41 5 46 6
49 33 60 33
74 31 85 31
119 17 130 17
141 45 152 45
153 43 158 44
165 51 176 51
172 38 175 40
66 16 68 19
135 39 146 39
148 32 159 32
152 47 154 50
176 38 179 40
12 8 23 8
47 2 58 2
120 51 130 51
145 17 155 17
160 15 170 15
95 3 104 3
149 59 158 59
100 7 104 8
143 42 147 43
95 26 99 27
71 38 75 39
17 5 25 5
113 47 121 47
166 7 174 7
122 18 130 18
123 35 131 35
100 58 108 58
131 44 134 45
141 47 148 47
178 18 179 21
58 36 61 37
106 26 109 27
117 42 120 43
152 52 159 52
37 25 40 26
143 51 144 54
159 44 166 44
65 53 71 53
86 31 92 31
116 14 122 14
30 7 36 7
45 43 51 43
81 20 87 20
140 57 146 57
12 11 17 11
21 49 26 49
38 4 40 5
124 9 129 9
14 53 19 53
50 27 55 27
84 44 89 44
88 15 89 17
155 48 160 48
45 17 49 17
69 35 73 35
105 8 109 8
135 19 139 19
148 43 152 43
2 55 6 55
42 3 46 3
0 7 3 7
30 4 31 5
42 0 45 0
44 47 45 48
72 19 75 19
75 56 78 56
141 3 144 3
100 56 101 57
3 12 5 12
127 25 129 25
