773
0 1 3 3
0 4 11 4
0 6 11 6
0 8 11 8
0 9 5 10
0 11 1 16
0 17 11 17
0 18 3 20
0 21 1 26
0 27 11 27
0 29 5 30
0 32 2 35
0 36 11 36
0 37 3 39
0 40 11 40
0 41 3 43
0 45 1 50
0 51 1 56
0 57 3 59
2 12 4 15
2 21 13 21
2 22 5 24
2 25 13 25
2 28 13 28
2 44 5 46
2 47 7 48
2 50 7 51
2 52 7 53
3 11 14 11
3 16 14 16
3 32 6 34
3 35 14 35
3 54 14 54
4 1 9 2
4 18 15 18
4 37 15 37
4 41 15 41
4 42 9 43
4 56 9 57
5 5 16 5
5 13 16 13
5 38 16 38
6 0 17 0
6 7 17 7
6 9 17 9
6 10 17 10
6 12 17 12
6 19 17 19
6 22 17 22
6 29 17 29
6 58 17 58
7 24 18 24
7 32 18 32
7 33 12 34
7 44 12 45
7 55 18 55
8 31 19 31
8 46 19 46
8 47 13 48
8 51 19 51
8 52 13 53
9 23 20 23
9 26 20 26
9 49 20 49
10 42 21 42
10 43 21 43
10 57 21 57
12 4 23 4
12 36 23 36
12 40 23 40
13 30 24 30
13 34 24 34
13 44 18 45
14 1 19 2
14 20 25 20
14 28 25 28
14 47 25 47
15 16 20 17
15 25 26 25
15 33 26 33
15 52 18 54
16 37 27 37
16 41 27 41
17 6 28 6
17 14 22 15
18 0 29 0
18 7 29 7
18 11 21 13
18 18 29 18
18 19 29 19
18 21 23 22
18 35 29 35
19 9 30 9
19 10 30 10
19 44 24 45
19 52 30 52
19 54 24 55
19 58 30 58
19 59 30 59
20 39 31 39
20 48 31 48
20 50 25 51
21 1 24 3
21 23 26 24
22 11 33 11
22 42 27 43
23 12 28 13
23 53 34 53
24 8 35 8
24 14 29 15
24 26 35 26
24 36 35 36
25 1 30 2
25 21 36 21
25 54 30 55
25 56 36 56
26 20 37 20
26 29 31 30
26 49 29 51
27 3 32 4
27 16 32 17
27 24 38 24
27 38 38 38
28 22 39 22
28 23 39 23
28 28 39 28
28 32 39 32
28 43 39 43
28 57 39 57
29 6 40 6
29 27 40 27
29 40 34 41
29 42 40 42
29 47 40 47
30 12 35 13
30 14 35 15
30 19 41 19
30 50 41 50
31 0 36 1
31 33 36 34
31 51 36 52
31 55 42 55
31 58 36 59
32 18 43 18
32 48 43 48
33 3 36 5
33 17 44 17
34 9 37 11
34 29 45 29
34 35 45 35
35 2 46 2
35 41 46 41
35 54 46 54
36 12 41 13
36 14 41 15
36 30 47 30
36 45 47 45
36 49 47 49
36 53 47 53
37 0 42 1
37 7 48 7
37 44 48 44
37 46 48 46
38 8 40 11
38 20 43 21
38 33 49 33
38 40 49 40
39 37 42 39
40 22 43 24
40 56 42 59
41 4 52 4
41 8 52 8
41 25 43 28
42 11 43 16
43 19 54 19
43 32 54 32
43 36 46 38
43 39 54 39
43 52 54 52
43 55 46 57
43 58 54 58
44 10 49 11
44 12 47 14
44 15 55 15
44 20 55 20
44 21 46 24
44 25 46 28
44 31 55 31
45 42 56 42
45 51 56 51
46 0 57 0
46 9 57 9
46 47 51 48
46 50 57 50
47 3 58 3
47 21 48 26
47 28 52 29
47 34 52 35
47 37 52 38
47 54 52 55
48 1 59 1
48 16 51 18
48 57 59 57
49 5 54 6
49 21 51 24
49 25 60 25
49 26 60 26
49 41 60 41
49 44 60 44
49 45 54 46
50 10 53 12
51 13 56 14
52 21 54 24
52 43 63 43
53 4 64 4
53 16 56 18
53 27 58 28
53 35 56 37
53 53 58 54
54 10 65 10
54 11 59 12
55 5 60 6
55 32 66 32
55 34 66 34
55 40 66 40
55 45 66 45
55 46 60 47
55 55 60 56
56 19 61 20
56 23 61 24
56 30 61 31
57 15 59 18
57 35 60 37
57 42 68 42
57 51 68 51
58 13 63 14
58 38 63 39
58 50 69 50
59 3 70 3
59 8 70 8
59 27 62 29
59 52 64 53
59 54 70 54
60 0 71 0
60 2 71 2
60 21 65 22
60 59 71 59
61 5 64 7
61 15 72 15
61 16 64 18
61 41 72 41
61 46 64 48
61 55 66 56
62 11 73 11
62 23 64 26
62 37 73 37
62 44 73 44
62 57 67 58
63 28 68 29
63 35 68 36
64 1 75 1
64 19 69 20
64 30 69 31
64 33 75 33
64 43 75 43
65 4 68 6
65 7 76 7
65 9 76 9
65 16 68 18
65 25 70 26
65 38 70 39
65 48 76 48
66 10 77 10
66 12 71 13
66 49 77 49
67 21 78 21
67 45 72 46
67 52 72 53
67 55 72 56
68 40 79 40
68 57 79 57
69 4 72 6
69 16 72 18
69 27 74 28
69 34 80 34
69 36 80 36
70 20 81 20
70 22 81 22
70 23 75 24
70 29 72 32
70 50 81 50
71 14 82 14
71 25 76 26
71 47 82 47
71 51 82 51
72 0 83 0
72 59 83 59
73 2 78 3
73 4 78 5
73 6 84 6
73 15 84 15
73 16 78 17
73 29 78 30
73 32 84 32
73 41 78 42
73 45 78 46
73 53 75 56
74 12 85 12
74 35 85 35
75 18 80 19
75 27 80 28
75 52 86 52
76 8 87 8
76 24 87 24
76 37 87 37
76 43 87 43
76 53 79 55
77 11 88 11
77 25 82 26
78 9 83 10
78 13 89 13
78 39 89 39
79 1 82 3
79 16 84 17
79 29 82 31
79 33 90 33
79 46 90 46
79 56 90 56
80 40 83 42
80 44 85 45
80 53 91 53
80 54 91 54
80 57 91 57
81 23 92 23
81 34 92 34
81 38 92 38
82 19 93 19
83 2 94 2
83 14 94 14
83 21 94 21
83 25 84 30
83 47 88 48
83 55 94 55
84 9 95 9
84 41 95 41
84 59 95 59
85 0 90 1
85 4 87 7
85 15 88 17
85 25 87 28
85 29 87 32
85 51 96 51
86 22 97 22
86 42 97 42
86 44 91 45
87 35 98 35
88 3 89 8
88 27 93 28
88 43 99 43
88 49 99 49
88 58 99 58
89 17 94 18
89 25 100 25
89 29 94 30
90 15 101 15
90 39 101 39
90 52 101 52
91 0 96 1
91 3 96 4
91 7 96 8
91 10 93 13
91 31 96 32
91 47 96 48
92 24 103 24
92 40 103 40
92 46 103 46
92 50 103 50
92 54 103 54
92 56 97 57
93 23 104 23
93 53 104 53
94 10 105 10
94 11 105 11
94 12 99 13
94 16 105 16
94 19 99 20
94 27 99 28
94 36 105 36
94 44 99 45
95 21 106 21
95 33 100 34
96 5 101 6
96 9 107 9
96 17 107 17
96 29 107 29
96 41 107 41
97 0 102 1
97 2 102 3
97 7 102 8
97 18 108 18
97 30 108 30
99 31 104 32
99 37 104 38
99 48 110 48
99 51 110 51
99 55 110 55
100 13 111 13
100 22 111 22
100 26 105 27
100 49 111 49
100 59 111 59
101 20 112 20
101 33 104 35
101 42 104 44
101 47 112 47
102 5 107 6
102 52 113 52
102 56 113 56
103 1 106 3
103 19 114 19
103 25 114 25
105 7 116 7
105 32 108 34
105 37 108 39
105 42 116 42
105 44 108 46
106 4 117 4
106 11 117 11
106 12 117 12
106 15 111 16
106 31 117 31
107 0 110 2
107 21 118 21
107 28 118 28
107 35 118 35
108 5 119 5
108 6 119 6
108 17 119 17
108 23 119 23
108 29 119 29
108 41 119 41
108 53 119 53
109 18 120 18
109 38 120 38
109 44 114 45
110 8 113 10
110 14 121 14
110 26 121 26
110 39 121 39
110 46 121 46
111 0 114 2
111 27 122 27
111 32 122 32
111 33 116 34
111 48 122 48
111 51 122 51
111 57 116 58
112 15 117 16
112 37 123 37
112 49 123 49
112 54 117 55
113 43 124 43
113 59 124 59
114 8 117 10
115 1 120 2
115 19 126 19
115 25 126 25
115 44 120 45
116 0 127 0
116 13 127 13
116 52 127 52
117 33 128 33
117 34 128 34
117 40 128 40
117 56 120 58
118 7 120 10
118 12 129 12
118 15 129 15
118 36 129 36
119 11 130 11
119 20 130 20
119 30 130 30
120 16 125 17
120 21 131 21
120 31 131 31
120 54 131 54
121 1 122 6
121 7 132 7
121 8 124 10
121 28 126 29
121 44 132 44
121 50 132 50
121 55 124 57
122 26 133 26
122 38 133 38
122 46 133 46
123 5 128 6
123 32 134 32
123 39 134 39
123 45 134 45
124 1 135 1
124 2 135 2
124 41 135 41
124 48 135 48
125 14 136 14
125 37 136 37
125 47 136 47
125 55 127 58
126 3 131 4
126 23 131 24
126 43 137 43
127 8 130 10
127 16 138 16
127 19 138 19
127 27 130 29
127 42 138 42
128 0 139 0
128 55 133 56
128 57 133 58
129 5 140 5
129 51 134 52
129 59 140 59
130 12 135 13
130 15 141 15
130 25 141 25
130 34 135 35
130 40 141 40
131 8 134 10
131 18 142 18
131 20 142 20
131 28 136 29
132 3 143 3
132 21 143 21
132 22 143 22
132 27 143 27
132 30 137 31
132 54 143 54
133 17 144 17
133 50 144 50
134 11 145 11
134 38 145 38
134 53 145 53
134 56 137 58
135 6 137 9
135 23 146 23
135 44 140 45
136 1 147 1
136 2 147 2
136 12 147 12
136 35 147 35
136 48 147 48
136 55 147 55
137 13 148 13
137 28 148 28
137 36 142 37
138 6 141 8
138 9 149 9
138 29 149 29
138 30 143 31
138 34 149 34
138 41 149 41
138 46 149 46
138 56 143 57
138 58 149 58
139 16 150 16
139 42 144 43
140 14 151 14
140 32 145 33
141 0 152 0
141 19 152 19
141 44 152 44
142 4 145 6
142 7 147 8
142 15 153 15
142 40 153 40
142 59 153 59
143 18 154 18
143 24 148 25
144 20 147 22
144 27 155 27
144 31 155 31
144 37 155 37
144 56 155 56
145 3 156 3
146 4 149 6
146 49 149 51
146 52 149 54
147 33 158 33
147 39 158 39
148 2 159 2
148 8 159 8
148 21 151 23
148 35 159 35
148 42 159 42
149 10 160 10
149 28 160 28
149 30 160 30
150 1 161 1
150 6 161 6
150 11 155 12
150 20 161 20
150 45 151 50
150 51 155 52
150 53 153 55
150 57 155 58
151 5 162 5
151 24 154 26
151 34 162 34
152 46 157 47
153 4 164 4
153 19 164 19
153 41 164 41
153 45 164 45
154 7 165 7
154 14 159 15
154 29 165 29
154 55 165 55
155 21 156 26
155 49 160 50
155 53 160 54
156 11 161 12
156 17 167 17
156 27 167 27
156 37 167 37
156 56 159 58
157 21 162 22
157 23 168 23
157 24 160 26
157 31 162 32
157 40 168 40
158 13 169 13
158 16 169 16
158 47 169 47
158 51 163 52
159 43 170 43
159 46 170 46
159 59 170 59
160 2 165 3
160 8 171 8
160 14 171 14
160 35 171 35
160 58 171 58
161 25 166 26
161 33 172 33
161 38 166 39
161 48 166 49
161 54 172 54
162 0 167 1
162 9 167 10
162 11 173 11
162 36 173 36
162 57 173 57
163 5 174 5
163 12 174 12
163 20 174 20
163 21 168 22
163 30 168 31
163 50 174 50
164 51 169 52
165 41 170 42
165 45 176 45
165 56 176 56
166 28 171 29
167 2 178 2
167 24 170 26
167 44 178 44
167 48 178 48
167 49 178 49
168 1 179 1
168 3 173 4
168 18 173 19
168 27 179 27
169 38 174 39
170 30 173 32
170 51 173 53
171 15 176 16
171 22 176 23
171 40 173 43
172 8 177 9
172 58 177 59
173 24 178 25
173 46 178 47
174 28 175 33
174 34 176 37
174 41 177 43
174 51 177 53
175 4 177 7
175 10 178 12
175 19 178 21
176 28 179 30
177 14 179 17
177 34 178 39
178 51 179 56
179 31 179 42
4 59 15 59
12 56 23 56
27 25 38 25
41 5 46 6
50 33 61 33
93 37 98 38
104 57 109 58
137 47 148 47
138 51 143 52
153 43 158 44
17 5 28 5
37 3 40 5
40 43 51 43
72 38 77 39
88 26 99 26
135 39 146 39
82 20 93 20
12 8 23 8
47 2 58 2
28 37 38 37
113 47 123 47
146 32 156 32
119 35 129 35
145 17 155 17
160 15 170 15
121 18 130 18
173 54 177 55
117 42 126 42
45 16 47 18
97 4 105 4
132 4 140 4
141 45 149 45
166 7 174 7
152 48 154 50
84 40 91 40
106 26 109 27
98 56 101 57
159 44 166 44
168 9 171 10
145 43 152 43
2 49 8 49
64 14 70 14
100 28 106 28
126 17 132 17
163 32 169 32
30 7 36 7
105 43 111 43
0 7 5 7
30 49 35 49
47 27 52 27
47 36 52 36
55 38 57 39
73 31 78 31
104 8 109 8
175 38 176 40
41 3 46 3
43 0 45 1
123 51 128 51
125 8 126 10
144 57 149 57
155 48 160 48
135 51 137 52
53 29 57 29
69 35 73 35
113 20 117 20
2 55 6 55
39 25 40 26
61 35 62 36
62 19 63 20
73 18 74 19
89 31 90 32
102 57 103 58
156 51 157 52
178 40 178 43
76 56 78 56
78 38 80 38
122 14 124 14
127 25 129 25
142 24 142 26
