772
0 1 3 3
0 4 11 4
0 6 11 6
0 8 11 8
0 9 11 9
0 11 11 11
0 12 2 15
0 16 1 21
0 22 2 25
0 26 5 27
0 28 1 33
0 34 3 36
0 37 1 42
0 43 5 44
0 45 1 50
0 51 3 53
0 54 2 57
1 10 12 10
2 16 3 21
2 28 13 28
2 37 13 37
2 38 7 39
2 41 13 41
2 45 5 47
2 58 7 59
3 13 14 13
3 22 6 24
3 33 14 33
3 48 14 48
3 54 14 54
4 1 9 2
4 7 15 7
4 14 6 17
4 18 15 18
4 21 15 21
4 32 15 32
4 35 15 35
4 50 15 50
4 51 7 53
4 56 9 57
5 5 16 5
5 34 16 34
5 36 16 36
6 0 17 0
6 12 17 12
6 19 17 19
6 25 9 27
6 29 17 29
6 42 11 43
6 46 11 47
7 14 10 16
7 22 10 24
7 44 12 45
7 55 18 55
8 31 19 31
8 38 19 38
8 51 19 51
8 52 19 52
8 58 19 58
9 49 20 49
10 25 13 27
10 57 21 57
11 22 16 23
11 40 22 40
12 4 23 4
12 9 23 9
12 16 17 17
12 30 23 30
12 42 17 43
12 47 23 47
13 6 24 6
13 44 18 45
14 1 19 2
14 20 25 20
14 28 25 28
14 46 25 46
15 25 26 25
15 33 26 33
15 54 26 54
16 37 27 37
16 41 27 41
17 10 28 10
17 14 22 15
17 24 28 24
17 34 28 34
18 0 29 0
18 7 29 7
18 11 21 13
18 17 23 18
18 19 29 19
18 21 23 22
18 23 29 23
18 35 29 35
19 36 30 36
19 42 22 44
19 55 30 55
19 59 30 59
20 2 25 3
20 39 31 39
20 48 31 48
20 50 25 51
20 52 31 52
20 53 31 53
22 11 33 11
23 12 28 13
23 15 28 16
23 42 34 42
23 43 34 43
23 56 26 58
24 8 35 8
24 9 35 9
24 18 35 18
24 26 35 26
25 21 36 21
26 1 27 6
26 20 37 20
26 29 31 30
26 49 29 51
27 38 38 38
27 54 38 54
28 1 33 2
28 3 33 4
28 5 33 6
28 22 39 22
28 28 39 28
28 32 39 32
28 57 39 57
29 12 31 15
29 16 34 17
29 24 40 24
29 27 40 27
29 40 34 41
29 47 40 47
29 58 40 58
30 19 41 19
30 50 41 50
30 56 41 56
31 23 42 23
31 33 36 34
31 55 42 55
32 12 34 15
32 48 43 48
32 51 37 52
33 35 36 37
34 0 35 5
34 6 45 6
34 29 45 29
35 10 46 10
35 11 37 14
35 16 46 16
35 41 40 42
35 43 40 44
36 1 41 2
36 4 47 4
36 7 39 9
36 17 41 18
36 30 47 30
36 45 47 45
36 49 47 49
36 53 47 53
37 33 48 33
37 34 40 36
37 46 48 46
38 11 43 12
38 13 41 15
38 20 43 21
38 40 49 40
39 37 42 39
40 7 51 7
40 8 45 9
41 24 43 27
41 34 44 36
41 42 44 44
41 54 52 54
41 57 44 59
42 1 47 2
42 13 47 14
42 15 53 15
43 19 54 19
43 31 54 31
43 32 54 32
43 38 48 39
43 52 54 52
44 11 55 11
44 20 46 23
44 24 46 27
44 41 55 41
45 35 56 35
45 42 56 42
45 51 56 51
45 55 56 55
45 57 56 57
46 0 57 0
46 9 57 9
46 28 51 29
46 36 51 37
46 44 57 44
46 47 51 48
46 50 57 50
47 3 58 3
47 20 50 22
47 23 49 26
48 1 59 1
48 16 51 18
49 5 54 6
49 33 54 34
49 45 54 46
50 4 61 4
50 23 55 24
50 25 55 26
51 10 62 10
51 13 56 14
51 20 56 21
51 38 56 39
52 17 63 17
52 28 55 30
52 36 57 37
52 43 63 43
52 47 63 47
53 53 58 54
54 12 65 12
54 16 65 16
55 5 66 5
55 18 60 19
55 31 66 31
55 32 66 32
55 34 66 34
55 40 66 40
55 45 66 45
56 23 61 24
56 25 57 30
56 56 67 56
57 20 62 21
57 35 68 35
57 42 68 42
57 46 68 46
57 51 68 51
57 55 68 55
58 13 63 14
58 25 59 30
58 38 63 39
58 41 69 41
58 44 69 44
58 50 69 50
59 2 70 2
59 3 70 3
59 6 64 7
59 8 70 8
59 11 70 11
59 52 64 53
59 54 70 54
60 0 71 0
60 1 71 1
60 26 62 29
60 59 71 59
61 15 72 15
61 18 66 19
62 37 73 37
62 57 67 58
63 9 68 10
63 21 65 24
63 25 65 28
63 29 68 30
64 20 75 20
64 33 75 33
64 36 75 36
64 43 75 43
65 6 70 7
65 38 70 39
65 48 76 48
66 12 71 13
66 24 71 25
66 26 69 28
66 49 77 49
67 4 72 5
67 21 78 21
67 52 72 53
68 40 79 40
68 57 79 57
69 9 80 9
69 14 80 14
69 16 72 18
69 29 74 30
69 34 80 34
69 45 72 47
69 55 80 55
70 22 81 22
70 26 73 28
70 31 75 32
70 41 81 41
70 50 81 50
71 2 76 3
71 7 76 8
71 10 76 11
71 23 82 23
71 51 82 51
72 0 83 0
72 6 83 6
72 25 83 25
72 44 83 44
72 59 83 59
73 4 78 5
73 15 78 16
73 17 78 18
73 45 76 47
73 53 78 54
74 12 85 12
74 26 77 28
74 35 85 35
75 29 80 30
75 52 86 52
76 19 87 19
76 24 87 24
76 31 81 32
76 36 78 39
76 43 87 43
77 8 88 8
77 10 88 10
77 11 88 11
77 13 88 13
77 45 88 45
77 46 82 47
78 1 81 3
78 27 83 28
79 15 81 18
79 33 90 33
79 53 84 54
79 56 90 56
80 36 83 38
80 39 91 39
80 57 91 57
81 9 92 9
81 29 92 29
81 30 92 30
81 34 92 34
82 1 93 1
82 2 87 3
82 14 93 14
82 16 87 17
82 41 87 42
83 21 86 23
83 26 94 26
83 46 86 48
83 55 94 55
84 4 86 7
84 15 95 15
84 27 89 28
84 32 95 32
84 36 89 37
84 59 95 59
85 51 96 51
85 53 96 53
85 54 96 54
87 23 98 23
87 35 98 35
87 46 98 46
87 47 98 47
88 2 99 2
88 6 99 6
88 17 89 22
88 40 91 42
88 43 99 43
88 49 99 49
88 58 99 58
89 3 94 4
89 12 94 13
89 25 100 25
90 16 92 19
90 21 101 21
90 28 101 28
90 37 95 38
90 44 101 44
90 52 101 52
91 7 96 8
92 10 103 10
92 11 103 11
92 24 103 24
92 39 95 41
92 50 103 50
92 56 97 57
93 16 95 19
93 31 104 31
94 1 105 1
94 9 105 9
94 29 105 29
94 36 105 36
95 4 106 4
95 33 100 34
95 42 106 42
96 12 97 17
96 18 99 20
96 37 98 40
96 41 107 41
97 7 102 8
97 30 108 30
97 53 100 55
98 12 99 17
98 22 109 22
98 51 109 51
99 37 102 39
99 46 110 46
99 48 110 48
99 59 110 59
100 2 111 2
100 12 103 14
100 15 102 18
100 20 111 20
100 26 105 27
100 35 111 35
100 49 111 49
101 5 106 6
101 32 104 34
101 47 112 47
101 53 106 54
102 21 113 21
102 43 105 45
102 52 113 52
102 55 107 56
102 57 113 57
103 16 108 17
103 19 114 19
103 25 114 25
103 37 106 39
104 13 115 13
104 23 109 24
105 3 116 3
105 7 116 7
105 32 108 34
106 8 111 9
106 11 117 11
106 12 117 12
106 26 108 29
106 31 117 31
107 4 118 4
107 5 112 6
107 38 118 38
107 42 109 45
107 53 118 53
108 0 119 0
108 18 119 18
108 39 119 39
108 41 119 41
109 14 112 16
109 29 120 29
109 32 114 33
110 17 121 17
110 23 121 23
110 26 121 26
110 28 121 28
110 51 121 51
111 27 122 27
111 42 116 43
111 44 114 46
111 48 122 48
111 59 122 59
112 1 117 2
112 8 115 10
112 34 115 36
112 37 123 37
112 49 123 49
112 54 117 55
113 5 124 5
113 6 124 6
113 14 116 16
114 21 119 22
114 56 117 58
115 19 120 20
115 25 126 25
115 44 120 45
115 46 126 46
116 8 119 10
116 13 127 13
116 32 118 35
116 52 127 52
117 40 128 40
118 12 129 12
118 14 121 16
118 36 129 36
118 54 120 57
119 1 122 3
119 11 130 11
119 30 130 30
119 33 122 35
119 50 130 50
120 7 122 10
120 21 131 21
120 31 125 32
121 20 132 20
121 38 126 39
121 43 124 45
121 53 123 56
121 57 126 58
122 15 125 17
122 26 133 26
122 28 133 28
123 2 134 2
123 7 134 7
123 19 134 19
123 29 134 29
123 33 128 34
124 1 135 1
124 10 135 10
124 41 135 41
124 42 135 42
124 48 135 48
124 53 129 54
124 59 135 59
125 4 128 6
125 14 136 14
125 37 136 37
125 44 130 45
125 47 136 47
125 56 136 56
126 15 129 17
126 23 131 24
126 43 137 43
127 38 138 38
127 46 138 46
128 0 139 0
128 51 133 52
128 57 133 58
129 3 132 5
129 31 131 34
129 39 134 40
130 9 141 9
130 12 141 12
130 13 141 13
130 15 141 15
130 25 141 25
130 54 141 54
131 18 142 18
132 21 143 21
132 22 143 22
132 27 143 27
132 30 137 31
132 33 135 35
133 3 136 5
133 17 144 17
133 50 144 50
134 11 145 11
134 16 145 16
134 28 145 28
134 53 145 53
135 7 140 8
135 20 146 20
135 23 146 23
135 40 146 40
135 44 140 45
135 57 140 58
136 1 147 1
136 2 147 2
136 29 147 29
136 34 141 35
136 48 147 48
136 55 147 55
137 3 139 6
137 36 142 37
137 41 148 41
137 59 148 59
138 30 143 31
139 42 144 43
140 14 151 14
140 19 151 19
140 32 145 33
141 0 152 0
141 7 152 7
141 44 152 44
141 56 152 56
142 4 147 5
142 8 145 10
142 15 153 15
142 25 147 26
142 34 153 34
142 35 153 35
142 46 153 46
143 6 154 6
143 12 148 13
143 18 154 18
143 36 146 38
144 22 155 22
144 27 155 27
144 31 155 31
145 3 156 3
146 8 148 11
146 49 149 51
146 52 149 54
147 33 158 33
147 38 150 40
147 57 152 58
148 2 159 2
148 4 153 5
148 23 151 25
148 42 159 42
149 10 160 10
149 28 160 28
149 29 154 30
149 41 160 41
150 1 161 1
150 8 161 8
150 11 155 12
150 20 155 21
150 47 152 50
150 51 155 52
150 53 155 54
151 36 153 39
151 55 162 55
152 19 163 19
152 24 157 25
153 45 164 45
153 56 164 56
153 57 158 58
154 7 165 7
154 14 159 15
154 34 165 34
154 37 165 37
155 4 166 4
155 23 166 23
155 29 166 29
155 49 166 49
155 50 166 50
156 5 161 6
156 11 161 12
156 17 167 17
156 22 167 22
156 26 161 27
156 30 161 31
156 35 161 36
156 40 167 40
156 47 167 47
156 51 167 51
156 53 167 53
156 54 167 54
158 13 169 13
158 16 169 16
159 24 164 25
159 43 170 43
159 46 170 46
159 58 170 58
159 59 170 59
160 2 165 3
160 14 171 14
160 52 171 52
161 33 172 33
161 38 166 39
162 0 167 1
162 5 167 6
162 9 167 10
162 11 167 12
162 20 167 21
162 27 167 28
162 30 167 31
162 36 173 36
162 57 173 57
163 35 174 35
163 41 174 41
165 24 168 26
165 45 176 45
165 48 176 48
165 56 176 56
167 2 172 3
167 7 172 8
167 23 178 23
167 37 178 37
167 44 178 44
167 49 178 49
167 50 178 50
168 1 179 1
168 18 173 19
168 22 179 22
168 27 170 30
168 31 173 32
168 38 171 40
168 47 179 47
168 55 179 55
169 4 172 6
169 10 172 12
171 15 176 16
171 26 173 29
171 53 176 54
171 58 176 59
173 2 174 7
173 8 178 9
173 11 175 14
173 24 178 25
174 18 177 20
174 26 175 31
174 32 179 33
175 2 178 4
175 5 178 7
176 10 179 12
176 27 179 29
176 41 179 43
177 14 179 17
177 51 179 54
177 56 179 59
27 25 38 25
42 17 47 18
108 54 111 56
123 8 128 9
137 47 148 47
138 51 143 52
141 45 152 45
146 16 157 16
146 32 157 32
153 43 158 44
172 38 175 40
8 53 19 53
10 56 21 56
76 20 87 20
113 47 124 47
124 55 135 55
135 39 146 39
176 38 179 40
36 5 47 5
141 57 146 58
12 8 23 8
102 58 113 58
153 48 164 48
68 56 78 56
120 18 130 18
8 59 18 59
82 31 92 31
36 3 46 3
145 17 155 17
160 15 170 15
48 2 58 2
95 3 104 3
149 59 158 59
172 51 176 52
158 32 167 32
95 26 99 27
36 0 45 0
71 38 75 39
17 5 25 5
55 33 63 33
67 19 75 19
123 35 131 35
47 27 55 27
13 10 16 11
90 22 97 22
120 41 123 42
131 44 134 45
140 3 141 6
178 18 179 21
58 36 61 37
98 56 101 57
159 44 166 44
134 51 137 52
145 43 152 43
2 49 8 49
45 43 51 43
30 7 35 7
30 49 35 49
67 16 68 18
67 31 69 32
90 20 95 20
122 51 127 51
129 8 134 8
84 44 89 44
147 20 149 21
69 35 73 35
135 19 139 19
0 7 3 7
3 55 6 55
39 25 40 26
44 47 45 48
45 34 48 34
154 46 155 47
144 51 145 52
3 12 5 12
122 14 124 14
127 25 129 25
