773
0 1 2 4
0 6 11 6
0 8 11 8
0 9 11 9
0 11 11 11
0 12 1 17
0 18 1 23
0 24 11 24
0 25 11 25
0 26 5 27
0 28 1 33
0 34 3 36
0 37 1 42
0 43 5 44
0 45 1 50
0 51 1 56
0 57 3 59
1 10 12 10
2 12 4 15
2 16 3 21
2 28 13 28
2 37 13 37
2 38 7 39
2 41 13 41
2 45 5 47
2 50 4 53
3 1 5 4
3 33 14 33
3 48 14 48
3 54 14 54
4 7 15 7
4 16 6 19
4 21 15 21
4 23 15 23
4 32 15 32
4 35 15 35
4 56 9 57
5 5 16 5
5 13 16 13
5 22 16 22
5 34 16 34
5 36 16 36
5 49 8 51
6 0 9 2
6 12 17 12
6 29 17 29
6 42 11 43
6 46 11 47
6 58 17 58
7 14 10 16
7 17 12 18
7 19 18 19
7 44 12 45
7 55 18 55
8 31 19 31
8 38 19 38
8 52 13 53
9 26 14 27
9 49 14 50
9 51 20 51
10 0 12 3
10 57 21 57
11 40 22 40
12 4 23 4
12 9 23 9
12 25 23 25
12 30 23 30
12 42 17 43
12 47 23 47
13 0 18 1
13 6 24 6
13 44 24 44
13 45 24 45
14 2 25 2
14 14 17 16
14 20 25 20
14 28 25 28
14 46 25 46
15 17 20 18
15 33 26 33
15 52 18 54
16 37 27 37
16 41 27 41
17 10 28 10
17 24 28 24
17 34 28 34
17 49 22 50
18 7 29 7
18 11 19 16
18 21 23 22
18 23 29 23
18 35 29 35
18 58 29 58
19 0 30 0
19 1 30 1
19 36 30 36
19 52 24 53
19 54 30 54
19 55 30 55
19 59 30 59
20 11 31 11
20 12 25 13
20 14 31 14
20 15 31 15
20 19 31 19
20 39 31 39
20 43 31 43
20 48 31 48
21 18 32 18
23 42 34 42
23 49 26 51
24 3 27 5
24 8 35 8
24 9 35 9
24 25 29 26
25 21 36 21
25 56 36 56
26 20 37 20
26 29 31 30
26 52 31 53
27 16 32 17
27 38 38 38
27 49 30 51
28 2 30 5
28 22 39 22
28 28 39 28
28 32 39 32
28 57 39 57
29 6 40 6
29 24 40 24
29 27 40 27
29 40 34 41
29 47 40 47
30 12 35 13
30 25 35 26
31 0 36 1
31 23 42 23
31 33 36 34
31 49 34 51
31 55 42 55
31 58 36 59
32 2 34 5
32 14 43 14
32 43 43 43
32 48 43 48
33 17 44 17
33 18 44 18
33 35 36 37
33 52 38 53
34 29 45 29
35 2 46 2
35 10 40 11
35 16 46 16
35 41 40 42
35 54 46 54
36 4 47 4
36 7 39 9
36 12 41 13
36 30 47 30
36 45 47 45
36 49 39 51
37 0 42 1
37 33 48 33
37 34 42 35
37 44 48 44
37 46 48 46
38 15 49 15
38 19 41 21
38 40 49 40
39 37 42 39
39 52 44 53
40 7 51 7
40 8 45 9
40 49 51 49
40 56 42 59
41 10 52 10
41 24 43 27
42 19 45 21
43 31 54 31
43 32 54 32
43 34 45 37
43 38 48 39
43 55 45 58
44 11 46 14
44 22 45 27
44 41 55 41
45 42 56 42
45 50 47 53
46 0 57 0
46 9 57 9
46 18 51 19
46 20 49 22
46 23 48 26
46 27 49 29
46 36 51 37
46 47 51 48
46 57 57 57
47 3 58 3
47 34 52 35
47 54 52 55
48 1 59 1
48 50 51 52
49 5 54 6
49 16 60 16
49 23 52 25
49 26 60 26
49 44 54 45
49 46 60 46
50 4 61 4
50 17 61 17
50 21 55 22
50 28 55 29
51 13 56 14
51 20 62 20
51 38 56 39
52 18 57 19
52 36 57 37
52 43 63 43
52 47 63 47
52 48 53 53
53 24 64 24
53 54 58 55
54 10 65 10
54 11 59 12
54 49 56 52
55 5 60 6
55 30 60 31
55 32 66 32
55 34 66 34
55 40 66 40
55 45 66 45
56 27 67 27
56 56 67 56
57 28 62 29
57 35 68 35
57 42 68 42
57 44 68 44
57 48 59 51
58 13 63 14
58 18 63 19
58 21 63 22
58 38 63 39
58 41 69 41
59 2 70 2
59 3 70 3
59 8 70 8
59 52 64 53
59 54 64 55
60 0 71 0
60 1 71 1
60 50 65 51
60 59 71 59
61 5 64 7
61 15 72 15
61 31 72 31
62 11 73 11
62 17 73 17
62 37 73 37
62 46 73 46
62 57 67 58
63 25 74 25
63 28 66 30
64 18 66 21
64 33 75 33
64 36 75 36
64 43 75 43
65 4 68 6
65 7 76 7
65 9 76 9
65 26 76 26
65 38 70 39
65 48 76 48
65 53 68 55
66 10 77 10
66 12 71 13
66 49 69 51
67 19 72 20
67 21 78 21
67 28 72 29
67 52 78 52
68 40 79 40
68 57 79 57
69 4 72 6
69 14 80 14
69 18 80 18
69 34 80 34
69 54 80 54
69 55 80 55
70 22 81 22
70 23 75 24
70 41 81 41
70 50 81 50
71 2 76 3
71 47 82 47
71 51 82 51
72 0 83 0
72 32 83 32
72 44 83 44
72 59 83 59
73 4 78 5
73 6 84 6
73 15 84 15
73 27 78 28
73 29 78 30
74 12 85 12
74 16 85 16
74 35 85 35
75 11 86 11
75 17 86 17
75 25 86 25
75 45 86 45
75 46 86 46
76 8 87 8
76 19 81 20
76 24 87 24
76 36 79 38
76 43 87 43
77 13 88 13
77 26 88 26
77 39 88 39
77 48 82 49
78 1 81 3
78 9 83 10
79 27 81 30
79 33 90 33
79 56 90 56
80 36 83 38
80 53 91 53
80 57 91 57
81 23 92 23
81 34 92 34
81 54 92 54
82 1 93 1
82 2 87 3
82 14 93 14
82 18 84 21
82 27 84 30
82 41 87 42
82 52 93 52
83 47 88 48
83 55 94 55
84 9 95 9
84 32 95 32
84 36 87 38
84 59 95 59
85 4 88 6
85 18 87 21
85 27 88 29
85 30 90 31
85 51 96 51
86 15 91 16
86 22 97 22
87 10 90 12
87 35 98 35
87 46 98 46
88 2 99 2
88 7 93 8
88 18 93 19
88 20 93 21
88 37 93 38
88 40 91 42
88 43 99 43
88 49 99 49
88 58 99 58
89 3 94 4
89 6 100 6
89 13 100 13
89 25 92 27
89 28 94 29
89 39 100 39
90 44 101 44
91 17 102 17
91 47 96 48
92 10 97 11
92 15 103 15
92 24 103 24
92 40 103 40
92 50 103 50
92 56 97 57
93 23 104 23
93 25 96 27
93 31 104 31
93 41 98 42
93 53 104 53
93 54 104 54
94 1 105 1
94 7 99 8
94 16 105 16
94 18 97 20
94 36 105 36
94 52 105 52
95 4 106 4
95 21 106 21
95 29 106 29
95 33 100 34
96 9 107 9
96 28 107 28
97 25 102 26
97 30 108 30
98 10 103 11
98 18 109 18
98 19 103 20
98 22 109 22
98 37 103 38
98 51 109 51
99 41 110 41
99 46 110 46
99 48 110 48
99 55 110 55
99 59 110 59
100 2 111 2
100 35 111 35
100 49 111 49
101 5 106 6
101 12 104 14
101 32 112 32
101 33 112 33
101 42 106 43
101 47 112 47
102 34 113 34
102 44 107 45
102 56 113 56
102 57 113 57
103 17 114 17
103 25 106 27
104 20 115 20
104 37 109 38
105 3 116 3
105 7 116 7
106 11 117 11
106 12 117 12
106 13 108 16
106 31 117 31
107 4 112 5
107 6 118 6
107 21 118 21
107 24 112 25
107 29 118 29
107 53 118 53
108 0 119 0
108 23 119 23
108 28 119 28
108 39 119 39
108 42 119 42
109 14 112 16
109 44 114 45
110 8 113 10
110 18 121 18
110 26 121 26
110 36 113 38
110 50 113 52
111 19 122 19
111 27 122 27
111 48 122 48
111 59 122 59
112 1 117 2
112 46 123 46
112 49 123 49
112 54 117 55
113 5 124 5
113 13 115 16
113 25 124 25
113 43 124 43
114 8 117 10
114 33 117 35
114 37 125 37
114 41 125 41
114 51 119 52
114 56 117 58
115 17 126 17
115 44 120 45
116 13 127 13
116 14 121 15
116 38 127 38
117 32 128 32
117 40 128 40
118 7 119 12
118 20 129 20
118 33 129 33
118 34 121 36
118 54 120 57
119 1 124 2
119 30 130 30
119 50 130 50
120 7 123 9
120 10 131 10
120 11 125 12
120 21 131 21
120 31 131 31
120 52 131 52
121 28 126 29
121 44 132 44
121 53 123 56
121 57 126 58
122 3 133 3
122 26 133 26
122 36 133 36
123 14 128 15
123 19 134 19
123 39 134 39
123 45 134 45
124 42 135 42
124 48 135 48
124 53 129 54
124 59 135 59
125 0 128 2
125 4 128 6
125 22 127 25
125 34 130 35
125 47 136 47
125 56 136 56
126 7 131 8
126 11 137 11
126 37 137 37
126 43 137 43
126 46 137 46
127 16 132 17
127 27 130 29
127 41 138 41
128 12 133 13
128 22 130 25
128 38 139 38
128 57 133 58
129 0 132 2
129 4 134 5
129 14 140 14
129 40 140 40
130 9 141 9
130 15 141 15
130 20 141 20
130 54 141 54
131 18 142 18
131 25 142 25
131 28 136 29
131 34 136 35
131 49 134 51
132 21 143 21
132 22 143 22
132 27 143 27
132 30 135 32
132 52 137 53
133 0 138 1
133 2 144 2
133 17 144 17
134 12 139 13
134 16 145 16
135 3 140 4
135 7 140 8
135 23 146 23
135 33 146 33
135 44 140 45
135 50 146 50
135 57 140 58
136 48 147 48
136 55 147 55
137 28 139 31
137 34 142 35
137 59 148 59
138 10 143 11
138 46 149 46
138 51 141 53
139 0 144 1
139 36 144 37
139 41 142 43
140 13 151 13
140 19 151 19
140 28 142 31
141 7 152 7
141 14 152 14
141 40 152 40
141 44 152 44
141 56 152 56
142 4 147 5
142 8 147 9
142 15 153 15
143 6 154 6
143 18 154 18
143 24 148 25
143 28 146 30
143 31 154 31
143 32 154 32
143 34 148 35
144 10 147 12
144 20 147 22
144 27 155 27
145 0 150 1
145 3 156 3
145 36 147 39
145 41 156 41
145 53 150 54
146 51 151 52
147 33 158 33
147 57 152 58
148 2 159 2
148 4 153 5
148 8 159 8
148 9 159 9
148 21 151 23
148 38 153 39
148 42 159 42
148 48 153 49
149 10 160 10
149 24 152 26
149 28 160 28
149 29 154 30
149 34 151 37
149 50 160 50
150 11 155 12
150 20 161 20
150 46 161 46
151 1 162 1
151 53 162 53
151 55 162 55
152 19 163 19
152 34 163 34
152 37 163 37
153 22 155 25
153 45 164 45
153 51 164 51
153 56 164 56
153 57 156 59
154 7 165 7
154 14 159 15
155 4 166 4
155 29 166 29
155 30 160 31
155 49 166 49
155 54 166 54
156 5 161 6
156 11 161 12
156 17 167 17
156 22 167 22
156 23 167 23
156 26 161 27
156 35 161 36
156 40 167 40
156 47 167 47
157 24 162 25
157 57 162 58
158 13 169 13
158 16 169 16
158 41 169 41
159 43 170 43
159 59 170 59
160 2 165 3
160 8 171 8
160 14 171 14
160 52 171 52
161 30 164 32
161 33 172 33
161 38 166 39
162 5 167 6
162 9 167 10
162 11 173 11
162 20 167 21
162 27 167 28
162 36 173 36
162 46 173 46
163 0 168 1
163 12 174 12
163 24 168 25
163 35 174 35
163 50 174 50
164 57 169 58
165 30 170 31
165 45 176 45
165 48 176 48
165 56 176 56
167 2 172 3
167 37 178 37
167 44 178 44
167 49 178 49
168 18 173 19
168 22 179 22
168 27 179 27
168 38 171 40
168 47 179 47
168 55 179 55
169 0 174 1
169 4 172 6
170 41 175 42
171 15 176 16
171 23 176 24
171 29 173 32
171 53 176 54
171 57 176 58
172 8 177 9
173 2 174 7
174 18 177 20
174 25 179 26
174 28 175 33
175 1 176 6
175 10 178 12
176 28 177 33
176 41 179 43
177 2 178 7
177 14 179 17
177 51 179 54
177 56 179 59
179 28 179 39
4 59 15 59
12 56 23 56
41 5 46 6
49 33 60 33
137 47 148 47
141 45 152 45
146 16 157 16
153 43 158 44
165 51 176 51
172 38 175 40
73 31 84 31
113 47 124 47
124 55 135 55
141 57 146 58
142 51 144 54
12 8 23 8
35 3 46 3
102 58 113 58
47 2 58 2
68 56 78 56
69 53 79 53
120 51 130 51
145 17 155 17
154 48 164 48
160 15 170 15
53 25 62 25
95 3 104 3
135 39 144 39
100 7 104 8
143 42 147 43
36 25 40 26
71 38 75 39
122 18 130 18
176 38 178 40
13 10 16 11
178 18 179 21
44 43 51 43
58 36 61 37
67 45 74 45
152 52 159 52
98 56 101 57
159 44 166 44
168 9 171 10
149 47 155 47
5 52 7 53
30 7 35 7
60 12 65 12
107 26 109 27
122 34 124 35
124 9 129 9
155 32 160 32
43 0 45 1
50 27 55 27
73 19 75 20
84 44 89 44
97 27 102 27
107 43 112 43
168 28 173 28
45 17 49 17
69 35 73 35
105 8 109 8
135 19 139 19
148 43 152 43
2 55 6 55
0 7 3 7
31 2 31 5
44 47 45 48
87 17 90 17
120 42 123 42
124 7 125 8
141 3 144 3
122 14 122 16
135 51 137 51
