778
0 1 3 3
0 4 11 4
0 6 11 6
0 8 11 8
0 9 5 10
0 11 11 11
0 12 1 17
0 18 2 21
0 22 5 23
0 24 11 24
0 25 11 25
0 26 5 27
0 28 1 33
0 34 3 36
0 37 3 39
0 40 11 40
0 41 3 43
0 44 11 44
0 45 1 50
0 51 1 56
0 57 3 59
2 12 4 15
2 28 13 28
2 45 5 47
2 50 4 53
3 16 4 21
3 33 14 33
3 48 14 48
3 54 14 54
4 1 9 2
4 7 15 7
4 32 15 32
4 35 7 37
4 38 15 38
4 41 15 41
4 42 9 43
4 56 9 57
5 5 16 5
5 12 6 17
5 18 16 18
5 21 16 21
5 34 16 34
5 49 8 51
6 0 17 0
6 9 17 9
6 10 17 10
6 19 17 19
6 22 17 22
6 29 17 29
6 46 11 47
6 58 17 58
7 12 18 12
7 14 10 16
7 55 18 55
8 31 19 31
8 35 13 36
8 37 19 37
8 52 19 52
9 13 20 13
9 23 20 23
9 26 14 27
9 49 14 50
9 51 20 51
10 42 21 42
10 43 21 43
10 45 21 45
10 57 21 57
12 4 23 4
12 16 17 17
12 25 23 25
12 30 23 30
12 40 23 40
12 44 23 44
12 47 23 47
13 6 24 6
14 1 19 2
14 20 25 20
14 28 25 28
14 36 25 36
14 46 25 46
15 33 26 33
15 54 26 54
16 41 27 41
17 14 22 15
17 24 28 24
17 34 28 34
17 49 22 50
18 0 29 0
18 7 29 7
18 10 29 10
18 17 23 18
18 19 29 19
18 21 23 22
18 35 29 35
18 58 29 58
19 9 30 9
19 11 30 11
19 55 30 55
19 59 30 59
20 2 25 3
20 37 25 38
20 39 31 39
20 48 31 48
20 52 25 53
21 12 26 13
22 42 27 43
23 15 28 16
23 49 26 51
24 8 35 8
24 18 35 18
24 25 35 25
24 26 35 26
25 21 36 21
25 56 36 56
26 1 27 6
26 20 37 20
26 23 37 23
26 29 31 30
26 36 31 37
26 52 31 53
27 12 30 14
27 38 38 38
27 49 30 51
27 54 38 54
28 1 33 2
28 3 39 3
28 5 33 6
28 22 39 22
28 28 39 28
28 32 39 32
28 41 33 42
28 43 39 43
28 57 39 57
29 16 34 17
29 24 40 24
29 27 40 27
29 47 40 47
30 19 41 19
31 9 34 11
31 12 33 15
31 33 36 34
31 40 42 40
31 49 34 51
31 55 42 55
31 58 36 59
32 48 43 48
33 4 44 4
33 35 36 37
33 52 38 53
34 5 39 6
34 12 36 15
34 29 45 29
34 41 45 41
35 1 46 1
35 2 46 2
35 10 40 11
35 16 46 16
36 7 39 9
36 17 41 18
36 30 47 30
36 45 47 45
36 49 47 49
37 12 48 12
37 14 42 15
37 33 48 33
37 34 40 36
37 44 48 44
37 46 48 46
38 20 43 21
38 23 49 23
39 37 42 39
39 52 44 53
40 7 51 7
40 8 45 9
40 56 42 59
41 10 52 10
41 24 43 27
41 34 44 36
41 54 52 54
43 13 48 14
43 15 54 15
43 19 54 19
43 31 54 31
43 32 54 32
43 38 48 39
43 55 46 57
43 58 54 58
44 11 55 11
44 20 55 20
44 21 49 22
44 24 46 27
45 4 56 4
45 35 48 37
45 42 56 42
45 50 47 53
46 0 57 0
46 9 57 9
46 28 51 29
46 40 51 41
46 47 51 48
47 3 58 3
47 25 52 26
47 55 58 55
47 57 58 57
48 1 59 1
48 16 51 18
48 24 59 24
48 49 53 50
48 51 59 51
48 52 53 53
49 5 54 6
49 33 52 35
49 36 51 39
49 44 54 45
49 46 60 46
50 21 55 22
51 13 56 14
52 17 63 17
52 28 55 30
52 36 57 37
52 40 57 41
52 43 63 43
52 47 63 47
54 10 65 10
54 12 65 12
54 16 65 16
54 25 57 27
54 52 59 53
55 5 66 5
55 18 60 19
55 31 66 31
55 32 66 32
55 34 66 34
55 45 66 45
55 50 66 50
56 20 67 20
56 28 59 30
56 56 67 56
57 35 68 35
57 42 68 42
57 44 68 44
58 13 63 14
58 21 63 22
58 26 63 27
58 36 59 41
58 54 69 54
59 2 70 2
59 3 70 3
59 6 64 7
59 8 70 8
59 11 70 11
60 0 71 0
60 1 71 1
60 23 65 24
60 28 71 28
60 37 62 40
60 41 71 41
60 53 71 53
60 55 71 55
60 59 71 59
61 15 72 15
61 18 66 19
61 29 72 29
62 46 73 46
62 57 67 58
63 25 74 25
63 37 66 39
63 40 74 40
64 26 69 27
64 33 75 33
64 36 75 36
64 43 75 43
65 6 70 7
65 9 76 9
65 21 76 21
65 48 76 48
65 51 76 51
66 10 77 10
66 12 71 13
66 30 77 30
66 49 77 49
67 4 72 5
67 50 78 50
67 52 78 52
68 57 79 57
69 14 80 14
69 16 71 19
69 20 80 20
69 34 80 34
69 37 74 38
70 22 81 22
70 23 75 24
70 31 75 32
71 2 76 3
71 7 76 8
71 26 82 26
71 47 82 47
72 0 83 0
72 6 83 6
72 16 75 18
72 44 83 44
72 53 74 56
72 59 83 59
73 4 78 5
73 15 84 15
73 27 78 28
73 41 78 42
74 12 85 12
74 29 85 29
74 35 85 35
75 11 86 11
75 25 86 25
75 45 86 45
75 46 86 46
75 53 78 55
76 16 81 17
76 19 87 19
76 24 87 24
76 31 81 32
76 36 79 38
76 43 87 43
77 8 88 8
77 13 88 13
77 39 88 39
77 51 88 51
78 1 81 3
78 9 83 10
79 33 90 33
79 53 84 54
79 56 90 56
80 30 91 30
80 36 85 37
80 40 83 42
80 57 91 57
81 23 92 23
81 34 92 34
81 38 92 38
82 1 93 1
82 2 87 3
82 14 93 14
82 16 87 17
82 52 93 52
83 21 94 21
83 26 94 26
83 47 88 48
83 55 94 55
84 4 87 6
84 9 95 9
84 27 89 28
84 32 95 32
84 40 89 41
84 59 95 59
85 53 96 53
85 54 96 54
86 22 97 22
86 42 97 42
87 10 90 12
87 35 92 36
87 46 98 46
88 2 99 2
88 6 99 6
88 18 93 19
88 43 91 45
88 49 99 49
88 58 99 58
89 3 94 4
89 13 100 13
89 25 100 25
89 29 100 29
89 39 100 39
89 51 100 51
90 15 93 17
90 28 101 28
91 7 96 8
91 40 96 41
91 47 96 48
92 10 103 10
92 11 103 11
92 24 103 24
92 44 103 44
92 50 103 50
92 56 97 57
93 23 104 23
93 31 104 31
93 33 96 35
93 36 96 38
94 1 105 1
94 14 97 16
94 17 105 17
94 18 97 20
94 52 105 52
95 4 106 4
95 21 106 21
96 9 107 9
97 7 102 8
97 30 108 30
97 33 108 33
97 34 102 35
97 36 102 37
97 53 100 55
98 16 109 16
98 18 109 18
98 19 103 20
98 22 109 22
98 40 100 43
99 46 110 46
99 48 110 48
99 59 110 59
100 2 111 2
100 26 105 27
100 38 111 38
100 49 111 49
101 5 106 6
101 12 103 15
101 32 112 32
101 40 104 42
101 47 112 47
101 53 104 55
102 28 107 29
102 56 113 56
102 57 113 57
103 25 114 25
103 34 105 37
104 13 115 13
104 20 115 20
104 44 109 45
104 51 115 51
105 3 116 3
105 7 116 7
105 40 107 43
105 54 110 55
106 11 117 11
106 12 117 12
106 31 117 31
106 34 111 35
107 4 112 5
107 6 118 6
107 17 118 17
107 21 118 21
107 53 118 53
108 0 119 0
108 23 119 23
108 28 113 29
108 39 119 39
108 40 110 43
110 8 113 10
110 14 113 16
110 18 121 18
110 26 121 26
111 19 122 19
111 27 122 27
111 42 116 43
111 44 114 46
111 48 122 48
111 59 122 59
112 1 117 2
112 33 123 33
112 34 115 36
112 37 123 37
112 49 123 49
112 54 117 55
113 5 124 5
114 8 117 10
114 14 117 16
114 28 119 29
114 41 125 41
114 56 117 58
115 25 126 25
115 44 117 47
116 13 127 13
116 34 119 36
116 38 127 38
116 50 121 51
116 52 127 52
117 32 128 32
117 40 128 40
118 7 119 12
118 14 121 16
118 20 129 20
118 44 120 47
118 54 120 57
119 1 124 2
119 30 130 30
120 7 122 10
120 11 131 11
120 12 131 12
120 21 131 21
120 31 131 31
120 34 123 36
121 28 126 29
121 43 124 45
121 53 124 55
121 57 126 58
122 3 133 3
122 15 124 18
122 26 133 26
122 46 133 46
123 7 134 7
123 19 134 19
123 39 134 39
124 10 135 10
124 33 126 36
124 42 135 42
124 48 135 48
124 50 129 51
124 59 135 59
125 0 128 2
125 4 128 6
125 14 136 14
125 15 127 18
125 37 136 37
125 44 130 45
125 47 136 47
125 53 130 54
125 56 136 56
126 23 131 24
126 43 137 43
127 27 130 29
127 33 130 35
127 36 138 36
127 41 138 41
128 16 131 18
128 38 139 38
128 57 133 58
129 0 134 1
129 4 134 5
129 40 140 40
130 9 141 9
130 13 141 13
130 15 141 15
130 20 141 20
130 25 141 25
130 49 132 52
131 2 142 2
131 28 136 29
131 34 136 35
131 53 134 55
132 12 143 12
132 18 143 18
132 21 143 21
132 22 143 22
132 27 143 27
132 30 135 32
133 17 144 17
133 49 135 52
134 11 145 11
134 16 145 16
134 44 137 46
135 0 146 0
135 3 140 4
135 7 140 8
135 23 146 23
135 33 146 33
135 54 146 54
135 57 140 58
136 1 147 1
136 48 147 48
136 49 139 51
136 55 147 55
137 28 139 31
137 34 142 35
137 59 148 59
138 42 140 45
138 46 149 46
139 36 144 37
140 14 151 14
140 19 151 19
140 28 142 31
140 50 151 50
141 7 146 8
141 40 144 42
141 43 144 45
141 56 144 58
142 4 147 5
142 9 153 9
142 15 153 15
142 25 147 26
143 6 154 6
143 28 146 30
143 31 154 31
143 32 154 32
143 34 148 35
144 12 149 13
144 18 155 18
144 20 147 22
144 27 155 27
145 3 156 3
145 36 147 39
145 40 156 40
145 41 156 41
145 56 156 56
146 42 149 44
146 51 151 52
147 8 158 8
147 33 158 33
147 53 158 53
147 57 152 58
148 2 159 2
148 4 153 5
148 21 151 23
148 24 151 26
148 38 153 39
148 48 153 49
149 10 160 10
149 28 160 28
149 29 154 30
149 34 151 37
150 1 161 1
150 11 155 12
150 20 161 20
150 42 161 42
150 44 155 45
150 46 161 46
151 55 162 55
152 19 163 19
152 24 157 25
152 34 163 34
152 37 163 37
153 51 164 51
153 57 158 58
154 7 165 7
154 14 159 15
155 4 166 4
155 23 166 23
155 29 158 31
155 49 166 49
155 50 166 50
155 54 166 54
156 5 161 6
156 11 161 12
156 17 167 17
156 22 167 22
156 26 161 27
156 35 161 36
156 45 167 45
156 47 167 47
157 40 168 40
158 13 169 13
158 16 169 16
158 41 169 41
159 8 170 8
159 24 164 25
159 29 170 29
159 31 164 32
159 43 170 43
159 52 164 53
159 56 162 58
159 59 170 59
160 2 165 3
160 14 171 14
161 33 172 33
161 38 166 39
162 0 167 1
162 5 167 6
162 9 164 12
162 20 167 21
162 27 167 28
162 36 173 36
162 46 173 46
163 35 174 35
163 56 168 57
164 58 175 58
165 9 167 12
165 24 170 25
165 30 170 31
165 48 176 48
165 51 170 52
167 2 172 3
167 23 178 23
167 37 178 37
167 44 178 44
167 49 178 49
167 50 178 50
168 1 179 1
168 18 173 19
168 22 179 22
168 27 179 27
168 47 179 47
168 55 179 55
169 4 172 6
169 10 172 12
169 38 174 39
169 56 174 57
170 41 175 42
171 15 176 16
171 29 176 30
171 31 176 32
171 51 173 54
172 8 177 9
173 2 174 7
173 11 175 14
173 24 178 25
174 18 177 20
174 51 177 53
175 2 178 4
175 5 178 7
176 10 178 13
176 41 179 43
176 57 179 59
177 14 179 17
179 28 179 39
4 59 15 59
12 56 23 56
30 0 41 0
41 5 46 6
42 17 47 18
52 38 57 39
123 8 128 9
135 53 146 53
137 47 148 47
146 16 157 16
5 53 16 53
40 43 51 43
81 20 92 20
175 38 178 40
12 8 23 8
102 58 113 58
140 51 145 52
47 2 58 2
34 42 44 42
53 33 63 33
82 31 92 31
145 17 155 17
154 48 164 48
156 44 166 44
160 15 170 15
168 28 178 28
35 50 44 50
60 51 64 52
95 3 104 3
135 39 144 39
149 59 158 59
57 4 66 4
106 52 115 52
36 25 40 26
95 26 99 27
67 39 76 39
17 5 25 5
150 43 158 43
178 18 179 21
67 16 68 19
67 45 74 45
106 26 109 27
117 42 120 43
98 56 101 57
103 8 109 8
152 52 158 52
12 11 18 11
40 3 46 3
47 27 53 27
149 47 155 47
30 7 35 7
67 31 69 32
129 8 134 8
148 54 150 55
174 54 179 54
88 15 89 17
58 25 62 25
69 35 73 35
75 40 79 40
135 19 139 19
145 45 149 45
2 55 6 55
0 7 3 7
6 45 9 45
42 0 45 0
44 47 45 48
45 34 48 34
72 19 75 19
75 56 78 56
136 52 139 52
141 3 144 3
145 57 146 58
155 32 158 32
60 36 63 36
17 53 19 53
122 14 124 14
127 25 129 25
