770
0 1 3 3
0 4 11 4
0 6 11 6
0 8 11 8
0 9 5 10
0 11 1 16
0 17 5 18
0 19 2 22
0 23 0 34
0 35 11 35
0 36 11 36
0 37 1 42
0 43 5 44
0 45 1 50
0 51 1 56
0 57 3 59
1 23 6 24
1 25 12 25
1 26 4 28
1 29 6 30
1 32 4 34
2 11 13 11
2 12 4 15
2 37 13 37
2 38 7 39
2 41 13 41
2 45 5 47
2 50 7 51
2 52 7 53
3 16 14 16
3 21 14 21
3 48 14 48
3 54 14 54
4 1 9 2
4 7 15 7
4 56 9 57
5 5 16 5
5 13 16 13
5 22 16 22
5 26 8 28
5 31 7 34
6 0 17 0
6 9 17 9
6 10 17 10
6 12 17 12
6 18 11 19
6 42 11 43
6 46 11 47
6 58 17 58
7 24 18 24
7 29 18 29
7 44 12 45
7 55 18 55
8 31 19 31
8 32 19 32
8 34 19 34
8 38 19 38
8 51 19 51
8 52 19 52
9 23 20 23
9 26 14 27
9 28 20 28
9 49 20 49
10 57 21 57
11 33 22 33
11 40 22 40
12 4 23 4
12 17 17 18
12 19 23 19
12 30 23 30
12 36 23 36
12 42 17 43
12 47 23 47
13 6 24 6
13 25 24 25
13 44 24 44
13 45 24 45
14 1 19 2
14 20 25 20
14 46 25 46
15 54 26 54
16 37 27 37
16 41 27 41
17 14 20 16
18 0 29 0
18 7 29 7
18 10 29 10
18 11 21 13
18 17 23 18
18 21 23 22
18 35 29 35
18 58 29 58
19 9 30 9
19 55 30 55
19 59 30 59
20 2 25 3
20 39 31 39
20 43 31 43
20 48 31 48
20 50 25 51
20 52 25 53
21 15 32 15
21 23 26 24
22 11 33 11
23 12 28 13
23 28 34 28
23 31 25 34
23 42 34 42
24 8 35 8
24 18 35 18
24 19 35 19
24 26 35 26
24 36 35 36
25 21 36 21
25 25 36 25
25 56 36 56
26 1 27 6
26 20 37 20
26 29 31 30
26 49 31 50
26 51 31 52
26 53 37 53
27 16 32 17
27 23 32 24
27 38 38 38
27 54 38 54
28 1 33 2
28 3 39 3
28 5 33 6
28 22 39 22
28 32 39 32
28 57 39 57
29 27 40 27
29 40 34 41
29 47 40 47
30 12 35 13
31 33 36 34
31 55 42 55
31 58 36 59
32 14 43 14
32 43 43 43
32 48 43 48
32 49 34 52
33 4 44 4
33 17 44 17
34 5 37 7
34 9 37 11
34 29 45 29
34 35 45 35
35 1 46 1
35 2 46 2
35 16 46 16
35 23 40 24
35 41 40 42
36 12 41 13
36 18 41 19
36 30 47 30
36 45 47 45
36 49 47 49
36 50 39 52
37 33 48 33
37 44 48 44
37 46 48 46
38 5 41 7
38 8 43 9
38 15 49 15
38 20 49 20
38 40 49 40
38 53 49 53
39 10 50 10
39 37 42 39
40 21 45 22
40 56 42 59
41 23 42 28
41 54 52 54
42 7 53 7
43 19 54 19
43 23 48 24
43 26 54 26
43 31 54 31
43 32 54 32
43 36 46 38
43 39 54 39
43 52 54 52
43 55 46 57
43 58 54 58
44 11 46 14
44 25 55 25
44 41 55 41
45 4 56 4
45 9 56 9
45 42 56 42
45 51 56 51
46 0 57 0
46 27 49 29
46 47 51 48
46 50 57 50
47 3 58 3
47 34 52 35
47 37 52 38
47 55 58 55
47 57 58 57
48 1 59 1
48 16 51 18
49 5 54 6
49 21 51 24
49 44 54 45
49 46 60 46
50 28 55 29
51 10 62 10
51 13 56 14
51 20 62 20
52 15 57 16
52 17 63 17
52 21 54 24
52 43 63 43
52 47 63 47
53 35 56 37
53 53 58 54
54 11 59 12
55 5 66 5
55 18 60 19
55 30 60 31
55 32 66 32
55 34 66 34
55 40 66 40
55 45 66 45
56 23 61 24
56 25 59 27
56 56 67 56
57 6 59 9
57 28 62 29
57 35 68 35
57 42 68 42
57 44 68 44
57 51 68 51
58 13 63 14
58 21 63 22
58 38 63 39
58 41 69 41
58 50 69 50
59 2 70 2
59 3 70 3
59 52 64 53
59 54 70 54
60 0 71 0
60 1 71 1
60 8 71 8
60 55 71 55
60 59 71 59
61 15 72 15
61 18 66 19
61 31 72 31
62 11 73 11
62 23 64 26
62 37 73 37
62 46 73 46
62 57 67 58
63 7 74 7
63 9 68 10
63 28 68 29
64 6 75 6
64 20 75 20
64 33 75 33
64 36 75 36
64 43 75 43
65 21 76 21
65 25 70 26
65 38 70 39
65 48 76 48
66 12 71 13
66 30 77 30
66 49 77 49
67 4 72 5
67 52 72 53
68 40 79 40
68 57 79 57
69 9 74 10
69 14 80 14
69 16 72 18
69 27 74 28
69 34 80 34
70 22 81 22
70 23 75 24
70 41 81 41
70 50 81 50
71 2 76 3
71 25 82 25
71 26 82 26
71 47 82 47
71 51 82 51
72 0 83 0
72 32 83 32
72 44 83 44
72 54 75 56
72 59 83 59
73 4 78 5
73 15 84 15
73 16 78 17
74 12 85 12
74 29 85 29
74 35 85 35
75 7 78 9
75 10 80 11
75 18 80 19
75 27 80 28
75 45 86 45
75 46 86 46
75 52 86 52
76 24 87 24
76 36 78 39
76 43 87 43
76 53 79 55
77 13 88 13
78 1 81 3
78 20 83 21
79 5 84 6
79 16 84 17
79 33 90 33
79 56 90 56
80 30 91 30
80 36 85 37
80 39 91 39
80 53 83 55
80 57 91 57
81 8 83 11
81 19 92 19
81 23 92 23
81 34 92 34
81 38 92 38
82 1 93 1
82 2 87 3
82 14 93 14
82 41 87 42
83 26 94 26
83 47 88 48
84 7 87 9
84 21 95 21
84 27 89 28
84 32 95 32
84 53 87 55
84 59 95 59
85 4 88 6
85 15 88 17
85 51 96 51
86 10 91 11
86 22 97 22
87 35 92 36
87 46 98 46
88 2 99 2
88 7 93 8
88 40 91 42
88 43 99 43
88 49 99 49
88 52 90 55
88 58 99 58
89 3 94 4
89 6 100 6
89 12 94 13
89 17 94 18
89 25 100 25
89 29 100 29
90 15 101 15
90 28 101 28
90 44 95 45
91 47 96 48
91 52 96 53
91 54 94 56
92 10 103 10
92 11 103 11
92 24 103 24
92 39 95 41
92 50 103 50
93 19 98 20
93 23 104 23
93 31 104 31
93 33 96 35
93 36 96 38
94 1 105 1
94 7 97 9
94 16 105 16
95 4 106 4
95 42 106 42
96 13 107 13
96 17 107 17
96 21 107 21
96 39 101 40
96 41 107 41
96 54 101 55
97 18 108 18
97 30 108 30
97 33 108 33
97 34 102 35
97 36 102 37
97 44 108 44
97 51 100 53
98 7 103 8
98 9 109 9
98 22 109 22
99 19 104 20
99 46 110 46
99 48 110 48
99 59 110 59
100 2 111 2
100 26 105 27
100 38 111 38
100 49 111 49
101 5 106 6
101 32 112 32
101 47 112 47
101 52 112 52
102 28 107 29
102 54 104 57
103 25 114 25
103 34 105 37
104 51 115 51
105 3 116 3
105 7 116 7
105 53 106 58
106 11 117 11
106 12 117 12
106 15 111 16
106 31 117 31
106 34 111 35
107 4 112 5
107 6 118 6
107 53 118 53
107 55 110 57
108 0 119 0
108 17 119 17
108 19 113 20
108 21 119 21
108 23 119 23
108 28 119 28
108 29 119 29
108 39 119 39
108 40 110 43
109 18 120 18
109 44 114 45
110 8 113 10
110 13 115 14
110 26 121 26
111 27 122 27
111 42 116 43
111 48 122 48
111 57 116 58
111 59 122 59
112 1 117 2
112 15 123 15
112 33 123 33
112 34 115 36
112 37 123 37
112 46 123 46
112 49 123 49
112 54 117 55
113 5 124 5
113 16 124 16
114 8 117 10
114 41 125 41
115 19 120 20
115 25 126 25
115 44 120 45
116 13 127 13
116 34 127 34
116 38 127 38
116 50 121 51
116 52 127 52
117 32 128 32
117 35 122 36
117 40 128 40
117 56 120 58
118 7 119 12
119 1 124 2
119 30 130 30
119 53 122 55
120 7 122 10
120 11 131 11
120 12 131 12
120 21 131 21
120 31 131 31
121 17 126 18
121 20 132 20
121 28 126 29
121 43 124 45
121 57 126 58
122 3 133 3
122 26 133 26
123 7 134 7
123 19 134 19
123 36 134 36
123 39 134 39
123 54 126 56
124 10 135 10
124 15 135 15
124 42 135 42
124 46 125 51
124 59 135 59
125 0 128 2
125 4 128 6
125 14 136 14
125 37 136 37
125 44 130 45
126 23 131 24
126 43 137 43
126 46 137 46
126 47 129 49
126 50 131 51
127 16 132 17
127 27 130 29
127 41 138 41
127 53 130 55
127 56 138 56
128 34 133 35
128 38 139 38
128 57 133 58
129 0 134 1
129 4 134 5
129 40 140 40
130 9 141 9
130 13 141 13
130 25 141 25
130 47 133 49
131 2 142 2
131 18 142 18
131 28 136 29
131 53 134 55
132 12 143 12
132 21 143 21
132 22 143 22
132 27 143 27
132 30 137 31
133 17 144 17
133 50 144 50
134 11 145 11
134 16 145 16
134 34 139 35
134 47 145 47
134 48 145 48
135 0 146 0
135 3 140 4
135 7 140 8
135 20 146 20
135 23 146 23
135 33 146 33
135 44 140 45
135 52 140 53
135 54 146 54
135 57 140 58
136 1 147 1
136 55 147 55
137 28 142 29
137 36 142 37
137 59 148 59
138 30 143 31
138 46 149 46
139 41 142 43
140 14 151 14
140 19 151 19
140 34 151 34
141 7 152 7
141 15 152 15
141 40 152 40
141 44 152 44
141 56 144 58
142 4 145 6
142 8 145 10
142 25 147 26
142 35 153 35
143 18 154 18
143 28 148 29
143 32 154 32
143 36 146 38
144 12 149 13
144 22 155 22
144 27 155 27
144 31 155 31
145 3 156 3
145 41 156 41
145 56 156 56
146 4 149 6
146 8 148 11
146 47 147 52
147 33 158 33
147 39 158 39
147 53 158 53
147 57 152 58
148 2 159 2
148 23 151 25
148 42 159 42
148 48 153 49
148 50 153 51
149 10 160 10
149 28 160 28
149 29 154 30
150 1 161 1
150 6 161 6
150 8 161 8
150 11 155 12
150 20 161 20
150 46 161 46
151 5 162 5
151 55 162 55
152 19 163 19
152 24 157 25
152 34 163 34
152 37 163 37
153 4 164 4
153 15 164 15
153 45 164 45
153 57 156 59
154 7 165 7
154 51 165 51
155 23 166 23
155 29 166 29
155 49 166 49
155 50 166 50
155 54 166 54
156 11 161 12
156 13 161 14
156 17 167 17
156 22 167 22
156 26 161 27
156 30 161 31
156 35 161 36
156 40 167 40
156 47 167 47
157 56 162 57
157 58 168 58
158 16 169 16
158 41 169 41
159 24 164 25
159 43 170 43
159 52 164 53
159 59 170 59
160 2 165 3
161 33 172 33
161 38 166 39
162 0 167 1
162 9 173 9
162 10 164 13
162 14 173 14
162 20 167 21
162 27 167 28
162 30 167 31
162 36 173 36
162 46 173 46
163 5 174 5
163 35 174 35
163 56 168 57
165 12 176 12
165 13 176 13
165 24 170 25
165 45 176 45
165 48 176 48
165 52 170 53
166 6 169 8
167 2 172 3
167 23 178 23
167 37 178 37
167 44 178 44
167 49 178 49
167 50 178 50
168 1 179 1
168 18 173 19
168 22 179 22
168 27 170 30
168 31 173 32
168 38 171 40
168 47 179 47
168 55 179 55
169 56 172 58
170 7 175 8
170 41 175 42
171 15 176 16
171 26 173 29
171 51 173 54
173 3 178 4
173 24 178 25
173 56 176 58
174 18 177 20
174 26 175 31
174 32 179 33
174 51 177 53
176 7 178 10
176 27 179 29
176 41 179 43
177 14 179 17
177 56 179 59
4 59 15 59
12 56 23 56
30 0 41 0
49 33 60 33
74 31 85 31
95 56 100 57
123 8 128 9
141 45 152 45
146 16 157 16
153 43 158 44
165 11 176 11
172 38 175 40
8 53 19 53
42 5 47 6
132 51 143 51
135 39 146 39
156 32 167 32
176 38 179 40
12 8 23 8
47 2 58 2
21 14 31 14
28 37 38 37
113 47 123 47
148 52 158 52
165 10 175 10
145 17 155 17
154 48 164 48
95 3 104 3
57 4 66 4
57 36 61 37
143 42 147 43
95 26 99 27
71 38 75 39
141 52 145 53
17 5 25 5
84 20 92 20
116 14 124 14
67 19 74 19
131 44 134 45
178 18 179 21
44 43 51 43
67 45 74 45
106 26 109 27
117 42 120 43
37 25 40 26
148 47 155 47
159 44 166 44
2 49 8 49
86 31 92 31
40 3 46 3
12 35 17 35
47 36 52 36
55 38 57 39
60 12 65 12
60 25 61 27
67 16 68 18
83 25 88 25
104 8 109 8
129 8 134 8
148 54 150 55
174 54 179 54
50 27 55 27
84 44 89 44
147 20 149 21
165 15 170 15
69 35 73 35
123 35 127 35
135 19 139 19
148 43 152 43
2 55 6 55
100 58 104 58
0 7 3 7
14 11 17 11
30 7 33 7
42 0 45 0
44 47 45 48
127 18 130 18
141 3 144 3
145 57 146 58
76 56 78 56
113 52 115 52
127 25 129 25
