781
0 1 2 4
0 6 11 6
0 8 11 8
0 9 11 9
0 11 1 16
0 17 5 18
0 19 2 22
0 23 0 34
0 35 11 35
0 36 11 36
0 37 3 39
0 40 11 40
0 41 3 43
0 44 11 44
0 45 1 50
0 51 3 53
0 54 2 57
1 10 12 10
1 23 6 24
1 25 12 25
1 26 4 28
1 29 4 31
1 32 4 34
2 11 13 11
2 12 4 15
2 45 5 47
2 58 7 59
3 1 5 4
3 16 14 16
3 21 14 21
3 48 14 48
3 54 14 54
4 7 15 7
4 37 15 37
4 38 15 38
4 41 15 41
4 42 9 43
4 50 6 53
4 56 9 57
5 5 16 5
5 13 16 13
5 22 16 22
5 26 8 28
5 31 7 34
6 0 9 2
6 12 17 12
6 18 11 19
6 29 17 29
6 46 11 47
7 24 18 24
7 51 18 51
7 55 18 55
8 31 19 31
8 32 19 32
8 34 19 34
8 52 19 52
8 58 19 58
9 23 20 23
9 26 20 26
9 27 14 28
9 49 14 50
10 0 12 3
10 42 21 42
10 43 21 43
10 45 21 45
10 57 21 57
11 33 22 33
12 4 23 4
12 9 23 9
12 17 17 18
12 19 23 19
12 30 23 30
12 36 23 36
12 40 23 40
12 44 23 44
12 47 23 47
13 0 24 0
13 6 24 6
13 25 24 25
14 1 19 2
14 20 25 20
14 46 25 46
15 54 26 54
16 28 27 28
16 37 27 37
16 41 27 41
17 10 28 10
17 14 22 15
17 49 22 50
18 7 29 7
18 11 21 13
18 17 23 18
18 21 23 22
18 35 29 35
19 55 30 55
19 59 30 59
20 2 25 3
20 39 31 39
20 48 31 48
20 52 31 52
20 53 31 53
21 23 26 24
22 11 33 11
22 42 27 43
23 12 28 13
23 15 28 16
23 31 25 34
23 49 26 51
23 56 26 58
24 8 35 8
24 9 35 9
24 18 35 18
24 19 35 19
24 26 35 26
24 36 35 36
25 0 36 0
25 21 36 21
25 25 36 25
26 1 27 6
26 20 37 20
26 29 31 30
27 23 32 24
27 38 38 38
27 49 30 51
27 54 38 54
28 1 33 2
28 3 33 4
28 5 33 6
28 22 39 22
28 28 39 28
28 32 39 32
28 41 33 42
28 43 39 43
28 57 39 57
29 12 31 15
29 16 34 17
29 27 40 27
29 47 40 47
29 58 40 58
30 56 41 56
31 33 36 34
31 40 42 40
31 49 34 51
31 55 42 55
32 12 34 15
32 48 43 48
33 52 38 53
34 1 35 6
34 29 45 29
34 35 45 35
34 41 45 41
35 10 36 15
35 16 46 16
35 23 40 24
36 1 41 2
36 4 47 4
36 6 38 9
36 17 41 18
36 30 47 30
36 45 47 45
36 49 39 51
37 10 39 13
37 14 42 15
37 33 48 33
37 44 48 44
37 46 48 46
38 19 41 21
39 6 50 6
39 7 50 7
39 37 42 39
39 52 42 54
40 8 41 13
40 49 51 49
41 22 42 27
41 57 44 59
42 1 47 2
42 17 44 20
43 13 48 14
43 15 54 15
43 21 48 22
43 23 48 24
43 26 54 26
43 31 54 31
43 32 54 32
43 36 48 37
43 38 48 39
43 50 45 53
43 54 54 54
44 8 47 10
44 11 55 11
44 25 55 25
45 17 48 19
45 20 56 20
45 42 56 42
45 55 56 55
45 57 56 57
46 0 57 0
46 27 49 29
46 40 51 41
46 47 51 48
46 50 57 50
46 51 57 51
47 3 58 3
47 34 52 35
48 1 59 1
48 8 51 10
48 52 53 53
49 16 60 16
49 18 54 19
49 21 52 23
49 24 60 24
49 36 51 39
49 44 54 45
49 46 60 46
50 4 61 4
50 5 61 5
50 17 61 17
50 28 55 29
51 13 56 14
52 6 63 6
52 8 57 9
52 10 63 10
52 36 57 37
52 40 57 41
52 43 63 43
52 47 63 47
53 21 58 22
54 12 65 12
54 52 59 53
55 18 60 19
55 30 60 31
55 32 66 32
55 34 66 34
55 45 66 45
56 25 59 27
56 56 67 56
57 28 62 29
57 35 68 35
57 42 68 42
57 44 68 44
57 54 62 55
58 13 63 14
58 20 69 20
58 36 59 41
58 50 69 50
58 51 69 51
59 2 70 2
59 3 70 3
59 8 70 8
59 11 70 11
60 0 71 0
60 1 71 1
60 21 65 22
60 37 62 40
60 41 71 41
60 53 71 53
60 59 71 59
61 15 72 15
61 18 66 19
61 24 63 27
61 31 72 31
62 4 67 5
62 17 73 17
62 46 73 46
62 57 67 58
63 7 74 7
63 28 66 30
63 37 68 38
63 40 74 40
63 54 74 54
63 55 74 55
64 6 75 6
64 9 69 10
64 23 66 26
64 33 75 33
64 36 75 36
64 43 75 43
65 48 76 48
66 12 71 13
66 49 77 49
67 21 78 21
67 24 72 25
67 26 70 28
67 29 72 30
67 52 78 52
68 57 79 57
69 14 80 14
69 18 80 18
69 34 80 34
69 37 74 38
70 9 81 9
70 20 81 20
70 22 81 22
70 50 81 50
71 2 76 3
71 10 76 11
71 23 82 23
71 26 82 26
71 47 82 47
71 51 82 51
72 0 83 0
72 32 83 32
72 44 83 44
72 59 83 59
73 4 78 5
73 15 84 15
73 25 84 25
73 27 78 28
73 29 78 30
73 41 78 42
74 12 85 12
74 16 85 16
74 35 85 35
75 17 86 17
75 45 80 46
75 53 78 55
76 6 79 8
76 19 87 19
76 24 87 24
76 36 79 38
76 43 87 43
77 10 88 10
77 11 88 11
77 13 88 13
77 39 88 39
78 1 81 3
79 27 81 30
79 33 90 33
79 53 82 55
79 56 90 56
80 5 85 6
80 36 83 38
80 40 83 42
80 57 91 57
81 34 92 34
81 45 86 46
82 1 93 1
82 2 87 3
82 14 93 14
82 27 84 30
82 52 93 52
83 7 88 8
83 9 94 9
83 21 86 23
83 26 94 26
83 47 88 48
83 53 94 53
83 54 94 54
83 55 94 55
84 32 95 32
84 36 89 37
84 40 89 41
84 59 95 59
85 27 88 29
85 30 96 30
85 51 96 51
86 6 97 6
86 15 91 16
86 42 97 42
87 23 98 23
87 35 98 35
87 46 98 46
88 2 99 2
88 17 89 22
88 43 91 45
88 49 99 49
88 58 99 58
89 3 94 4
89 12 94 13
89 25 100 25
89 27 100 27
89 28 94 29
89 39 100 39
90 17 93 19
90 21 101 21
90 37 95 38
91 7 96 8
91 40 96 41
91 47 96 48
92 10 97 11
92 15 103 15
92 24 103 24
92 44 103 44
92 50 103 50
92 56 97 57
93 31 104 31
94 1 105 1
94 16 105 16
94 17 105 17
94 18 97 20
94 36 105 36
94 52 105 52
95 4 106 4
95 9 106 9
95 29 106 29
95 33 100 34
95 53 106 53
96 13 107 13
96 28 107 28
96 54 101 55
97 7 102 8
97 30 108 30
98 5 103 6
98 10 103 11
98 18 109 18
98 19 103 20
98 22 109 22
98 37 103 38
98 40 100 43
98 51 109 51
99 46 110 46
99 48 110 48
99 59 110 59
100 2 111 2
100 35 111 35
100 49 111 49
101 25 104 27
101 32 112 32
101 33 112 33
101 40 104 42
101 47 112 47
102 21 113 21
102 34 113 34
102 54 104 57
104 20 115 20
104 23 109 24
104 37 109 38
104 44 109 45
105 3 116 3
105 5 116 5
105 6 116 6
105 7 116 7
105 25 108 27
105 40 107 43
105 54 110 55
105 56 116 56
106 11 117 11
106 12 117 12
106 15 111 16
106 31 117 31
107 4 118 4
107 17 118 17
107 29 118 29
107 53 118 53
108 0 119 0
108 28 119 28
108 39 119 39
108 40 110 43
109 25 120 25
109 57 114 58
110 8 113 10
110 13 115 14
110 18 121 18
110 23 121 23
110 26 121 26
110 36 113 38
110 50 113 52
111 19 122 19
111 27 122 27
111 42 116 43
111 44 114 46
111 48 122 48
111 59 122 59
112 1 117 2
112 15 123 15
112 49 123 49
112 54 117 55
113 16 124 16
114 8 117 10
114 21 119 22
114 33 115 38
114 41 125 41
114 51 119 52
115 44 117 47
115 57 126 57
116 13 127 13
116 32 119 34
116 37 121 38
116 58 127 58
117 5 122 6
117 35 122 36
117 40 128 40
118 7 120 10
118 12 129 12
118 20 129 20
118 44 123 45
118 54 121 56
119 1 122 3
119 11 130 11
119 30 130 30
119 50 130 50
120 21 131 21
120 31 131 31
120 32 125 33
120 52 131 52
121 7 123 10
121 28 126 29
122 23 124 26
122 38 133 38
122 46 127 47
122 53 127 54
122 55 127 56
123 2 134 2
123 5 134 5
123 19 134 19
123 36 134 36
123 39 134 39
124 1 135 1
124 10 135 10
124 15 135 15
124 42 135 42
124 44 135 44
124 45 135 45
124 48 135 48
124 59 135 59
125 14 136 14
125 22 127 25
125 34 130 35
125 37 136 37
126 3 131 4
126 6 128 9
126 32 131 33
126 43 137 43
127 16 132 17
127 26 130 28
127 29 138 29
127 41 138 41
128 0 139 0
128 22 130 25
128 46 139 46
128 53 130 56
128 57 133 58
129 7 134 8
129 40 140 40
129 47 140 47
130 9 141 9
130 12 141 12
130 13 141 13
130 20 141 20
131 18 142 18
131 25 142 25
131 26 142 26
131 34 136 35
131 49 134 51
131 53 134 55
132 3 143 3
132 21 143 21
132 22 143 22
132 27 143 27
132 28 143 28
132 30 137 31
133 17 144 17
134 11 145 11
134 16 145 16
134 38 145 38
134 56 137 58
135 4 138 6
135 7 140 8
135 23 146 23
135 33 146 33
135 49 136 54
136 1 147 1
136 2 147 2
136 45 147 45
136 48 147 48
136 55 147 55
137 34 142 35
137 36 142 37
137 44 148 44
137 49 140 51
137 52 140 54
137 59 148 59
138 30 143 31
138 56 141 58
139 41 142 43
140 14 151 14
140 19 151 19
140 29 151 29
141 0 152 0
141 7 152 7
141 15 152 15
141 40 152 40
141 49 142 54
142 4 147 5
142 8 147 9
142 46 153 46
142 56 153 56
143 6 154 6
143 12 148 13
143 18 154 18
143 24 148 25
143 32 154 32
143 34 154 34
143 35 154 35
143 49 148 50
144 20 147 22
144 27 155 27
144 31 155 31
144 37 155 37
145 3 156 3
145 41 156 41
145 53 150 54
146 51 151 52
147 33 158 33
147 39 158 39
147 57 152 58
148 2 159 2
148 4 153 5
148 8 159 8
148 9 159 9
148 21 151 23
148 42 159 42
149 10 160 10
149 24 152 26
149 28 160 28
149 30 160 30
149 44 154 45
149 47 151 50
150 1 161 1
150 11 155 12
150 20 161 20
151 53 162 53
151 55 162 55
152 19 163 19
153 15 164 15
153 22 155 25
153 51 164 51
153 57 158 58
154 7 165 7
154 29 165 29
155 4 166 4
155 34 158 36
155 43 157 46
155 49 160 50
155 54 166 54
156 5 161 6
156 11 161 12
156 13 161 14
156 17 167 17
156 22 167 22
156 23 167 23
156 26 161 27
156 37 167 37
156 40 167 40
156 47 167 47
157 24 162 25
157 31 168 31
158 16 169 16
158 41 169 41
159 32 161 35
159 43 170 43
159 44 164 45
159 46 170 46
159 56 162 58
159 59 170 59
160 2 165 3
160 8 171 8
160 52 171 52
161 38 166 39
161 48 166 49
162 0 167 1
162 5 167 6
162 9 163 14
162 20 167 21
162 27 167 28
162 32 164 35
162 36 173 36
163 24 168 25
163 50 174 50
163 56 168 57
164 9 166 12
164 13 175 13
164 58 175 58
165 45 176 45
166 33 171 34
167 2 172 3
167 44 178 44
167 48 172 49
168 1 179 1
168 18 173 19
168 22 179 22
168 27 179 27
168 28 171 30
168 35 179 35
168 37 179 37
168 38 171 40
168 47 179 47
168 55 179 55
169 4 172 6
169 10 172 12
169 14 174 15
169 56 174 57
170 31 175 32
170 41 175 42
171 23 176 24
171 53 176 54
172 8 177 9
172 16 177 17
172 29 177 30
173 2 174 7
173 48 178 49
174 18 177 20
174 25 179 26
175 2 176 7
175 10 178 12
176 41 179 43
176 57 179 59
177 2 178 7
177 51 179 54
178 15 179 20
49 33 60 33
52 38 57 39
63 39 74 39
74 31 85 31
146 16 157 16
165 51 176 51
172 38 175 40
7 53 18 53
10 56 21 56
40 43 51 43
135 39 146 39
152 47 154 50
176 38 179 40
36 5 47 5
117 42 122 43
12 8 23 8
143 43 154 43
28 37 38 37
34 42 44 42
68 56 78 56
8 59 18 59
36 3 46 3
120 51 130 51
145 17 155 17
48 2 58 2
68 4 72 5
95 3 104 3
149 59 158 59
142 57 146 58
17 5 25 5
139 4 141 6
67 19 75 19
122 18 130 18
37 0 45 0
116 14 124 14
100 58 108 58
90 22 97 22
118 46 121 47
141 47 148 47
167 9 168 12
67 45 74 45
152 52 159 52
165 14 168 15
172 28 179 28
37 25 40 26
98 56 101 57
124 6 125 9
143 51 144 54
2 49 8 49
86 31 92 31
103 8 109 8
60 52 66 52
12 35 17 35
14 10 16 11
30 7 35 7
95 26 100 26
173 10 174 12
50 27 55 27
82 20 87 20
155 48 160 48
69 35 73 35
75 40 79 40
135 19 139 19
0 7 3 7
3 55 6 55
6 45 9 45
44 47 45 48
48 4 49 5
155 32 158 32
158 43 158 46
60 36 63 36
