783
0 1 2 4
0 6 11 6
0 8 11 8
0 9 11 9
0 11 11 11
0 12 2 15
0 16 1 21
0 22 0 33
0 34 2 37
0 38 11 38
0 39 5 40
0 41 3 43
0 44 11 44
0 45 1 50
0 51 1 56
0 57 3 59
1 10 12 10
1 23 6 24
1 25 12 25
1 26 4 28
1 29 4 31
2 16 3 21
2 45 5 47
2 50 4 53
3 1 5 4
3 13 14 13
3 32 6 34
3 35 8 36
3 37 14 37
3 48 14 48
3 54 14 54
4 7 15 7
4 14 6 17
4 18 15 18
4 21 15 21
4 41 15 41
4 42 9 43
4 56 9 57
5 5 16 5
5 22 16 22
5 26 8 28
5 49 8 51
6 0 9 2
6 12 17 12
6 19 17 19
6 29 17 29
6 46 11 47
6 58 17 58
7 14 10 16
7 24 18 24
7 32 10 34
7 55 18 55
8 31 19 31
8 52 13 53
9 23 20 23
9 26 20 26
9 27 14 28
9 49 14 50
9 51 20 51
10 0 12 3
10 42 21 42
10 43 21 43
10 45 21 45
10 57 21 57
11 32 14 34
11 35 16 36
11 40 22 40
12 4 23 4
12 9 23 9
12 16 17 17
12 30 23 30
12 44 23 44
12 47 23 47
13 0 24 0
13 6 24 6
13 25 24 25
14 1 19 2
14 20 25 20
14 46 25 46
15 32 20 33
15 34 26 34
15 52 18 54
16 28 27 28
16 37 27 37
16 41 27 41
17 10 28 10
17 14 22 15
17 49 22 50
18 7 29 7
18 11 21 13
18 17 23 18
18 19 29 19
18 21 23 22
18 35 29 35
18 58 29 58
19 36 30 36
19 52 24 53
19 54 24 55
19 59 30 59
20 2 25 3
20 39 31 39
20 48 31 48
21 23 26 24
22 11 33 11
22 42 27 43
23 12 28 13
23 15 28 16
23 49 26 51
24 8 35 8
24 9 35 9
24 18 35 18
24 26 35 26
25 0 36 0
25 21 36 21
25 25 36 25
25 33 36 33
25 52 27 55
25 56 36 56
26 1 31 2
26 3 29 5
26 20 37 20
26 29 31 30
27 23 32 24
27 38 38 38
27 49 30 51
28 22 39 22
28 28 39 28
28 32 39 32
28 41 33 42
28 43 39 43
28 52 31 54
28 57 39 57
29 6 40 6
29 12 31 15
29 16 34 17
29 27 40 27
29 47 40 47
30 3 41 3
30 19 41 19
30 55 41 55
31 40 42 40
31 49 34 51
31 58 36 59
32 4 37 5
32 12 34 15
32 34 35 36
32 48 43 48
33 1 44 1
33 52 38 53
34 29 45 29
34 41 39 42
35 2 46 2
35 10 36 15
35 16 46 16
35 23 40 24
35 54 46 54
36 7 39 9
36 17 41 18
36 30 47 30
36 34 47 34
36 35 41 36
36 45 47 45
36 49 39 51
37 10 39 13
37 14 42 15
37 33 48 33
37 44 48 44
37 46 48 46
38 20 43 21
39 37 42 39
39 52 44 53
40 7 41 12
40 41 43 43
40 49 51 49
40 56 42 59
41 4 46 5
41 22 42 27
42 6 44 9
43 13 48 14
43 15 54 15
43 19 54 19
43 23 48 24
43 26 54 26
43 31 54 31
43 32 54 32
43 35 46 37
43 38 48 39
43 55 45 58
44 10 49 11
44 20 55 20
44 21 49 22
44 25 55 25
44 40 47 42
45 6 48 8
45 9 56 9
45 50 47 53
46 0 57 0
46 27 49 29
46 47 51 48
46 57 57 57
47 3 58 3
47 35 50 37
47 54 58 54
47 55 58 55
48 1 59 1
48 16 51 18
48 40 53 41
48 50 50 53
49 5 54 6
49 23 54 24
49 33 54 34
49 42 54 43
49 44 60 44
49 45 54 46
50 4 61 4
50 10 53 12
50 21 55 22
50 28 55 29
51 13 56 14
51 35 54 37
51 38 56 39
51 50 53 53
52 17 63 17
52 47 63 47
54 10 65 10
54 11 59 12
54 16 65 16
54 40 59 41
54 49 56 52
55 5 66 5
55 18 60 19
55 30 60 31
55 32 66 32
55 34 66 34
55 35 58 37
55 43 66 43
55 45 66 45
56 20 67 20
56 23 61 24
56 25 59 27
56 42 67 42
56 56 67 56
57 6 59 9
57 28 62 29
57 46 68 46
57 48 59 51
58 13 63 14
58 21 63 22
58 38 63 39
59 2 70 2
59 3 70 3
59 52 64 53
59 54 64 55
60 0 71 0
60 1 71 1
60 8 71 8
60 35 71 35
60 40 71 40
60 41 71 41
60 50 65 51
60 59 71 59
61 15 72 15
61 18 66 19
61 31 72 31
61 44 72 44
62 11 73 11
62 23 64 26
62 37 73 37
62 57 67 58
63 7 74 7
63 28 68 29
64 6 75 6
64 33 75 33
64 36 75 36
65 9 76 9
65 21 70 22
65 25 70 26
65 38 70 39
65 48 76 48
65 53 68 55
66 10 77 10
66 12 71 13
66 30 77 30
66 49 77 49
66 50 77 50
66 51 71 52
67 4 72 5
68 42 73 43
68 57 79 57
69 14 80 14
69 16 71 19
69 20 80 20
69 27 72 29
69 34 80 34
69 45 72 47
69 54 80 54
69 55 80 55
70 23 75 24
71 2 76 3
71 22 82 22
71 25 76 26
72 0 83 0
72 16 75 18
72 32 83 32
72 51 77 52
72 59 83 59
73 4 78 5
73 15 84 15
73 27 78 28
73 44 76 46
74 12 85 12
74 21 85 21
74 29 85 29
74 35 85 35
74 37 75 42
74 43 85 43
75 11 86 11
76 6 81 7
76 8 87 8
76 16 81 17
76 19 87 19
76 24 87 24
76 36 78 39
77 13 88 13
77 25 82 26
77 45 80 47
78 1 81 3
78 9 83 10
78 41 89 41
78 48 80 51
79 33 90 33
79 56 90 56
80 30 91 30
80 36 83 38
80 39 91 39
80 53 91 53
80 57 91 57
81 23 92 23
81 34 92 34
81 44 84 46
81 47 84 49
81 50 84 52
81 54 92 54
82 1 93 1
82 2 87 3
82 6 87 7
82 14 93 14
82 16 87 17
83 26 94 26
83 55 94 55
84 9 95 9
84 27 89 28
84 32 95 32
84 36 87 38
84 59 95 59
85 44 87 47
85 51 96 51
86 22 97 22
86 42 97 42
86 43 97 43
87 10 90 12
87 35 98 35
88 2 91 4
88 6 99 6
88 7 93 8
88 18 93 19
88 20 93 21
88 37 93 38
88 46 99 46
88 49 99 49
88 58 99 58
89 13 100 13
89 25 100 25
89 29 100 29
90 15 101 15
90 28 101 28
90 44 95 45
90 52 101 52
91 17 102 17
91 40 96 41
91 47 96 48
92 2 97 3
92 10 103 10
92 11 103 11
92 24 103 24
92 50 103 50
92 56 97 57
93 23 104 23
93 31 104 31
93 53 104 53
93 54 104 54
94 1 105 1
94 4 105 4
94 7 99 8
94 16 105 16
94 18 97 20
94 36 105 36
94 37 97 39
95 21 106 21
95 33 100 34
96 9 107 9
97 30 108 30
97 44 108 44
98 2 103 3
98 18 109 18
98 19 103 20
98 22 109 22
98 37 101 39
98 40 100 43
98 51 109 51
99 48 110 48
99 55 110 55
99 59 110 59
100 5 102 8
100 26 105 27
100 35 111 35
100 45 105 46
100 49 111 49
101 12 104 14
101 32 104 34
101 40 104 42
101 47 112 47
102 28 107 29
102 37 107 38
102 52 113 52
102 56 113 56
102 57 113 57
103 5 108 6
103 17 114 17
103 25 114 25
104 2 109 3
104 20 115 20
105 7 116 7
105 32 108 34
105 40 107 43
106 4 117 4
106 11 117 11
106 12 117 12
106 13 108 16
106 31 117 31
107 21 118 21
107 46 118 46
107 53 118 53
108 0 119 0
108 23 119 23
108 28 119 28
108 29 119 29
108 39 119 39
108 40 110 43
109 5 120 5
109 6 120 6
109 14 112 16
109 32 114 33
109 38 120 38
109 44 114 45
110 1 113 3
110 8 113 10
110 18 121 18
110 26 121 26
110 51 121 51
111 19 122 19
111 27 122 27
111 42 116 43
111 48 122 48
111 59 122 59
112 34 115 36
112 37 123 37
112 49 123 49
112 54 117 55
113 13 115 16
114 1 117 3
114 8 117 10
114 41 125 41
114 56 117 58
115 17 126 17
115 25 126 25
115 44 120 45
116 13 127 13
116 14 121 15
116 32 119 34
116 52 127 52
117 35 122 36
117 40 128 40
118 7 120 10
118 12 129 12
118 20 129 20
118 54 120 57
119 1 124 2
119 11 130 11
119 30 130 30
119 50 130 50
120 21 131 21
120 31 131 31
120 32 125 33
121 5 132 5
121 6 124 8
121 10 132 10
121 28 126 29
121 38 126 39
121 43 124 45
121 53 123 56
121 57 126 58
122 3 133 3
122 26 133 26
122 46 127 47
123 14 128 15
123 19 134 19
123 36 134 36
124 42 135 42
124 48 135 48
124 53 129 54
124 59 135 59
125 0 128 2
125 34 130 35
125 37 136 37
125 44 130 45
125 56 136 56
126 4 137 4
126 6 129 8
126 23 131 24
126 32 131 33
126 43 137 43
127 16 132 17
127 27 130 29
127 38 132 39
127 41 138 41
128 46 139 46
128 51 133 52
128 57 133 58
129 0 132 2
129 13 134 14
129 40 140 40
129 47 140 47
130 7 133 9
130 12 141 12
130 15 141 15
130 20 141 20
130 25 141 25
130 54 141 54
131 18 142 18
131 28 136 29
131 34 136 35
132 21 143 21
132 22 143 22
132 27 143 27
132 30 135 32
133 0 144 0
133 1 138 2
133 5 144 5
133 17 144 17
133 50 144 50
134 7 136 10
134 11 145 11
134 16 145 16
134 38 145 38
134 53 145 53
135 13 146 13
135 23 146 23
135 33 146 33
135 44 140 45
135 57 140 58
136 48 147 48
136 55 147 55
137 6 139 9
137 28 139 31
137 34 142 35
137 36 142 37
137 59 148 59
139 1 144 2
139 41 142 43
140 6 142 9
140 14 151 14
140 19 151 19
140 28 151 28
140 29 142 32
141 40 152 40
141 44 152 44
141 56 144 58
142 15 153 15
142 25 147 26
142 46 153 46
143 4 154 4
143 6 148 7
143 9 154 9
143 18 154 18
143 29 146 31
143 32 154 32
143 34 148 35
144 20 147 22
144 27 155 27
144 37 155 37
145 0 150 1
145 3 156 3
145 41 156 41
145 56 156 56
146 10 149 12
146 49 149 51
146 52 151 53
147 8 158 8
147 33 158 33
147 39 158 39
147 57 152 58
148 2 159 2
148 5 159 5
148 21 151 23
148 24 151 26
148 31 159 31
148 42 159 42
149 6 154 7
149 29 154 30
149 34 152 36
150 10 161 10
150 11 155 12
150 20 161 20
150 47 152 50
151 1 162 1
151 55 162 55
152 19 163 19
152 24 157 25
152 28 163 28
152 51 154 54
153 34 164 34
153 45 164 45
153 57 156 59
154 14 159 15
155 4 166 4
155 23 166 23
155 29 166 29
155 49 166 49
155 50 166 50
155 51 166 51
155 53 160 54
156 11 161 12
156 17 167 17
156 22 167 22
156 26 161 27
156 35 161 36
156 37 167 37
156 40 167 40
156 47 167 47
157 56 160 58
158 6 163 7
158 13 169 13
158 16 169 16
158 41 169 41
159 8 170 8
159 24 164 25
159 43 170 43
159 46 170 46
159 59 170 59
160 2 165 3
160 5 171 5
160 14 171 14
160 30 163 32
160 52 171 52
161 33 172 33
161 38 166 39
161 54 172 54
161 58 172 58
162 9 167 10
162 11 167 12
162 20 167 21
162 36 173 36
162 57 173 57
163 0 168 1
163 27 174 27
163 35 174 35
164 30 167 32
165 6 170 7
165 24 168 26
165 45 176 45
165 48 176 48
165 56 176 56
167 2 172 3
167 23 178 23
167 44 178 44
167 49 178 49
167 50 178 50
168 18 173 19
168 22 179 22
168 28 170 31
168 37 179 37
168 38 171 40
168 47 179 47
168 55 179 55
169 0 174 1
169 10 172 12
170 41 175 42
171 15 176 16
171 29 176 30
171 31 176 32
172 4 173 9
172 52 177 53
173 11 175 14
173 24 178 25
173 58 178 59
174 3 176 6
174 7 179 8
174 18 177 20
176 10 179 12
176 41 179 43
177 14 179 17
178 27 179 32
4 59 15 59
12 56 23 56
42 17 47 18
74 31 85 31
79 40 90 40
133 39 144 39
138 51 143 52
141 45 152 45
146 16 157 16
153 43 158 44
167 51 178 51
172 38 175 40
124 55 135 55
176 38 179 40
12 8 23 8
102 58 113 58
153 48 164 48
47 2 58 2
134 3 144 3
28 37 38 37
68 56 78 56
69 53 79 53
145 17 155 17
160 15 170 15
143 42 147 43
95 26 99 27
17 5 25 5
113 47 121 47
55 33 63 33
121 9 129 9
122 18 130 18
141 47 149 47
37 0 45 0
13 10 16 11
72 38 73 41
131 44 134 45
178 18 179 21
67 16 68 19
106 26 109 27
117 42 120 43
37 25 40 26
98 56 101 57
159 44 166 44
134 51 137 52
86 31 92 31
103 8 109 8
173 54 179 54
81 20 87 20
171 28 177 28
5 52 7 53
30 7 35 7
38 4 40 5
59 36 61 37
60 12 65 12
60 25 61 27
76 40 77 42
83 25 88 25
122 51 127 51
148 54 150 55
50 27 55 27
88 15 89 17
135 19 139 19
148 43 152 43
155 32 159 32
155 52 159 52
2 55 6 55
42 3 46 3
138 4 142 4
0 7 3 7
6 45 9 45
30 4 31 5
44 47 45 48
47 4 48 5
72 19 75 19
145 57 146 58
154 46 155 47
144 51 145 52
3 12 5 12
122 14 122 16
127 25 129 25
