772
0 1 2 4
0 6 11 6
0 8 11 8
0 9 11 9
0 11 1 16
0 17 2 20
0 21 11 21
0 22 5 23
0 24 11 24
0 25 11 25
0 26 5 27
0 28 1 33
0 34 2 37
0 38 1 43
0 44 11 44
0 45 1 50
0 51 3 53
0 54 2 57
1 10 12 10
2 11 13 11
2 12 4 15
2 28 13 28
2 38 7 39
2 40 4 43
2 45 5 47
2 58 7 59
3 1 5 4
3 16 14 16
3 17 5 20
3 31 4 36
3 37 14 37
3 48 6 50
3 54 14 54
4 7 15 7
4 51 15 51
4 56 9 57
5 5 16 5
5 13 16 13
5 31 6 36
5 40 10 41
6 0 9 2
6 12 17 12
6 18 17 18
6 19 17 19
6 22 17 22
6 29 17 29
6 42 11 43
6 46 11 47
7 32 10 34
7 55 18 55
8 31 19 31
8 35 13 36
8 38 19 38
8 52 13 53
8 58 19 58
9 23 20 23
9 26 20 26
9 48 14 49
10 0 12 3
10 45 21 45
10 57 21 57
11 32 22 32
11 33 22 33
11 40 22 40
12 4 23 4
12 9 23 9
12 21 23 21
12 25 23 25
12 30 23 30
12 34 23 34
12 41 17 42
12 44 23 44
12 47 23 47
13 0 24 0
13 6 24 6
14 1 19 2
14 20 25 20
14 28 25 28
14 36 25 36
14 46 25 46
15 14 17 17
15 52 18 54
16 37 27 37
17 10 28 10
17 24 28 24
17 49 22 50
18 7 29 7
18 11 21 13
18 15 29 15
18 17 23 18
18 19 29 19
18 35 29 35
18 41 29 41
19 52 24 53
19 54 24 55
19 59 30 59
20 2 25 3
20 14 31 14
20 39 31 39
20 43 31 43
20 48 31 48
22 11 33 11
22 22 33 22
23 12 28 13
23 42 34 42
23 49 26 51
23 56 26 58
24 8 35 8
24 9 35 9
24 18 35 18
24 25 29 26
25 0 36 0
25 21 36 21
25 33 36 33
25 52 27 55
26 1 27 6
26 20 37 20
26 23 37 23
26 29 31 30
26 36 37 36
27 16 32 17
27 38 38 38
27 49 30 51
28 1 33 2
28 3 39 3
28 5 33 6
28 28 39 28
28 32 39 32
28 52 31 54
28 57 39 57
29 24 40 24
29 27 40 27
29 47 40 47
29 58 40 58
30 12 35 13
30 19 41 19
30 25 35 26
30 40 35 41
30 55 41 55
30 56 41 56
31 49 34 51
32 14 43 14
32 43 43 43
32 48 43 48
33 4 44 4
33 17 44 17
33 52 38 53
34 5 37 7
34 29 45 29
34 34 39 35
35 1 46 1
35 2 46 2
35 10 46 10
35 16 46 16
35 54 46 54
36 11 39 13
36 30 47 30
36 41 47 41
36 45 47 45
36 49 47 49
37 8 42 9
37 18 48 18
37 33 48 33
37 44 48 44
37 46 48 46
38 5 41 7
38 15 49 15
38 20 40 23
38 40 49 40
39 37 42 39
39 52 44 53
40 34 43 36
41 20 52 20
41 21 44 23
41 24 43 27
41 57 44 59
42 7 53 7
43 19 54 19
43 31 54 31
43 32 54 32
43 38 48 39
44 11 46 14
44 24 46 27
45 4 56 4
45 9 56 9
45 21 50 22
45 35 56 35
45 42 56 42
45 50 47 53
45 55 56 55
45 57 56 57
46 0 57 0
46 28 51 29
46 36 51 37
46 47 51 48
47 3 58 3
47 10 50 12
47 23 49 26
47 54 58 54
48 1 59 1
48 49 53 50
48 51 53 52
49 5 54 6
49 16 60 16
49 33 54 34
49 41 60 41
49 44 54 45
49 46 60 46
50 17 61 17
50 23 55 24
50 25 55 26
51 10 62 10
51 13 56 14
51 21 62 21
51 38 56 39
52 28 55 30
52 36 57 37
52 43 63 43
52 47 63 47
54 11 59 12
54 49 56 52
55 5 66 5
55 18 60 19
55 31 66 31
55 32 66 32
55 34 66 34
55 40 66 40
55 45 66 45
56 20 67 20
56 23 61 24
56 25 57 30
56 56 67 56
57 6 59 9
57 35 68 35
57 42 68 42
57 44 68 44
57 48 59 51
57 55 68 55
58 13 63 14
58 25 59 30
58 38 63 39
59 2 70 2
59 3 70 3
59 52 64 53
59 54 70 54
60 0 71 0
60 1 71 1
60 8 71 8
60 26 62 29
60 50 65 51
60 59 71 59
61 15 72 15
61 18 66 19
61 41 72 41
62 11 73 11
62 17 73 17
62 37 73 37
62 46 73 46
62 57 67 58
63 7 74 7
63 9 68 10
63 21 65 24
63 25 65 28
63 29 68 30
64 6 75 6
64 33 75 33
64 36 75 36
64 43 75 43
65 38 70 39
65 48 76 48
66 12 71 13
66 24 71 25
66 26 69 28
66 49 77 49
66 50 77 50
66 51 71 52
67 4 72 5
67 21 78 21
68 40 79 40
68 57 79 57
69 9 80 9
69 14 80 14
69 18 72 20
69 29 74 30
69 34 80 34
69 55 80 55
70 22 81 22
70 26 73 28
70 31 75 32
71 2 76 3
71 10 82 10
71 23 82 23
71 47 82 47
72 0 83 0
72 25 83 25
72 44 83 44
72 51 77 52
72 59 83 59
73 4 84 4
73 15 84 15
73 41 78 42
73 53 78 54
74 12 85 12
74 16 79 17
74 26 79 27
74 35 85 35
75 11 86 11
75 18 78 20
75 28 86 28
75 29 80 30
75 45 86 45
75 46 86 46
76 6 81 7
76 8 87 8
76 24 87 24
76 31 81 32
76 36 78 39
76 43 87 43
77 13 88 13
78 1 81 3
78 48 80 51
79 19 90 19
79 33 90 33
79 53 84 54
79 56 90 56
80 16 83 18
80 36 83 38
80 39 91 39
80 40 83 42
80 57 91 57
81 9 92 9
81 29 92 29
81 30 92 30
81 34 92 34
81 50 84 52
82 1 93 1
82 2 87 3
82 6 87 7
82 14 93 14
83 21 94 21
83 23 94 23
83 26 94 26
83 47 88 48
83 55 94 55
84 32 95 32
84 36 87 38
84 40 89 41
84 59 95 59
85 15 88 17
85 51 87 54
86 22 97 22
86 42 97 42
87 10 90 12
87 35 98 35
87 46 98 46
88 2 99 2
88 3 89 8
88 27 93 28
88 37 93 38
88 43 99 43
88 49 99 49
88 51 99 51
88 52 93 53
88 58 99 58
89 13 100 13
89 17 94 18
89 25 100 25
89 54 100 54
90 15 101 15
90 44 101 44
91 3 96 4
91 7 96 8
91 19 96 20
91 40 96 41
91 47 96 48
92 10 103 10
92 11 103 11
92 24 103 24
92 50 103 50
92 56 97 57
93 31 104 31
94 1 105 1
94 9 105 9
94 16 105 16
94 27 99 28
94 29 105 29
94 36 105 36
94 37 97 39
94 52 105 52
94 53 105 53
95 21 106 21
95 23 106 23
95 33 100 34
96 5 101 6
96 17 107 17
97 7 102 8
97 18 108 18
97 19 102 20
97 30 108 30
98 3 103 4
98 22 109 22
98 37 103 38
98 39 100 42
99 46 110 46
99 48 110 48
99 55 110 55
99 59 110 59
100 2 111 2
100 26 105 27
100 35 111 35
100 49 111 49
101 12 104 14
101 32 104 34
101 40 104 42
101 47 112 47
102 5 107 6
102 43 105 45
102 56 113 56
102 57 113 57
103 19 114 19
103 25 114 25
104 20 115 20
104 37 109 38
104 51 115 51
105 3 116 3
105 7 116 7
105 32 108 34
105 41 110 42
106 4 117 4
106 8 111 9
106 11 117 11
106 12 117 12
106 13 108 16
106 26 108 29
106 31 117 31
107 21 118 21
107 43 110 45
107 53 118 53
108 0 119 0
108 5 119 5
108 6 119 6
108 17 119 17
108 23 119 23
108 39 119 39
109 14 112 16
109 18 120 18
109 29 120 29
109 32 114 33
110 26 121 26
110 28 121 28
110 36 113 38
111 27 122 27
111 42 116 43
111 44 114 46
111 48 122 48
111 59 122 59
112 1 117 2
112 8 115 10
112 49 123 49
112 54 117 55
113 13 115 16
114 34 117 36
114 37 125 37
114 41 125 41
114 56 117 58
115 19 126 19
115 25 126 25
115 44 117 47
116 8 119 10
116 13 127 13
116 14 121 15
116 38 127 38
116 50 121 51
116 52 127 52
117 32 128 32
117 33 128 33
117 40 128 40
118 12 129 12
118 20 129 20
118 34 121 36
118 44 129 44
118 45 129 45
118 54 121 56
119 1 122 3
119 11 130 11
119 30 130 30
120 5 121 10
120 16 125 17
120 21 131 21
120 31 131 31
121 57 126 58
122 5 133 5
122 6 124 9
122 26 133 26
122 28 133 28
122 36 133 36
122 46 133 46
122 53 127 54
122 55 127 56
123 2 134 2
123 14 128 15
123 29 134 29
123 39 134 39
124 1 135 1
124 10 135 10
124 42 135 42
124 48 135 48
124 50 129 51
124 59 135 59
125 34 130 35
125 47 136 47
126 3 131 4
126 6 129 8
126 23 131 24
126 37 137 37
126 43 137 43
127 16 138 16
127 19 138 19
127 41 138 41
128 0 139 0
128 38 139 38
128 53 130 56
128 57 133 58
129 13 134 14
129 40 140 40
130 7 133 9
130 12 141 12
130 15 141 15
130 20 141 20
130 25 141 25
130 44 135 45
130 49 135 50
130 51 135 52
131 18 142 18
131 34 136 35
131 53 134 55
132 3 143 3
132 21 143 21
132 22 143 22
132 27 143 27
132 30 137 31
133 17 144 17
134 4 135 9
134 11 145 11
134 28 145 28
134 56 139 57
135 13 146 13
135 23 146 23
135 33 146 33
135 54 146 54
135 58 146 58
136 1 147 1
136 2 147 2
136 4 139 6
136 7 141 8
136 9 147 9
136 29 147 29
136 45 141 46
136 48 147 48
136 49 139 51
136 55 147 55
137 34 142 35
137 44 148 44
137 59 148 59
138 30 143 31
139 16 150 16
139 36 144 37
139 41 142 43
140 14 151 14
140 19 151 19
140 50 142 53
141 0 152 0
141 40 152 40
141 56 152 56
142 4 147 5
142 6 147 7
142 15 153 15
142 25 147 26
142 46 153 46
143 18 154 18
143 32 154 32
143 34 154 34
143 35 154 35
143 49 148 50
144 20 147 22
144 27 155 27
144 31 155 31
145 3 156 3
145 36 147 39
145 41 156 41
146 10 149 12
146 51 151 52
147 8 158 8
147 33 158 33
147 53 158 53
147 57 152 58
148 2 159 2
148 4 151 6
148 9 159 9
148 21 153 22
148 23 151 25
148 38 153 39
148 42 159 42
149 28 160 28
149 29 154 30
149 44 154 45
149 47 151 50
150 1 161 1
150 10 161 10
150 11 155 12
150 20 161 20
151 55 162 55
152 5 163 5
152 6 163 6
152 19 163 19
152 24 157 25
152 37 163 37
153 4 164 4
153 51 164 51
153 56 164 56
153 57 156 59
154 7 165 7
154 14 159 15
155 23 166 23
155 29 166 29
155 34 158 36
155 43 157 46
155 49 166 49
155 50 166 50
155 54 166 54
156 11 161 12
156 17 167 17
156 22 167 22
156 26 161 27
156 30 161 31
156 40 167 40
156 47 167 47
157 57 162 58
158 13 169 13
158 16 169 16
158 41 169 41
159 8 170 8
159 24 164 25
159 32 161 35
159 43 170 43
159 44 164 45
159 46 170 46
159 52 164 53
159 59 170 59
160 2 165 3
160 14 171 14
161 38 166 39
162 0 167 1
162 9 164 12
162 20 167 21
162 27 167 28
162 30 167 31
162 32 164 35
162 36 173 36
164 5 175 5
164 57 169 58
165 9 167 12
165 24 168 26
165 45 176 45
165 48 176 48
165 51 170 52
165 56 176 56
166 33 171 34
167 2 172 3
167 23 178 23
167 37 178 37
167 44 178 44
167 49 178 49
167 50 178 50
168 1 179 1
168 18 173 19
168 22 179 22
168 27 179 27
168 28 170 31
168 35 179 35
168 38 171 40
168 47 179 47
168 55 179 55
169 10 172 12
170 41 175 42
171 15 176 16
171 29 173 32
171 51 173 54
171 57 176 58
172 8 177 9
173 3 178 4
173 11 175 14
173 24 178 25
174 18 177 20
174 28 175 33
174 51 177 53
176 10 178 13
176 28 177 33
176 41 179 43
177 14 179 17
177 56 179 59
137 47 148 47
166 7 177 7
172 38 175 40
10 56 21 56
42 5 47 6
79 20 90 20
152 47 154 50
176 38 179 40
117 42 122 43
12 8 23 8
102 58 113 58
47 2 58 2
143 43 154 43
28 37 38 37
68 56 78 56
8 59 18 59
82 31 92 31
145 17 155 17
160 15 170 15
35 42 44 42
35 50 44 50
135 39 144 39
57 4 66 4
106 52 115 52
121 18 130 18
36 25 40 26
71 38 75 39
155 48 164 48
17 5 25 5
55 33 63 33
37 0 45 0
47 27 55 27
143 51 145 53
4 52 7 53
65 53 72 53
118 46 121 47
136 52 139 53
178 18 179 21
44 43 51 43
58 36 61 37
67 45 74 45
98 56 101 57
126 17 132 17
142 45 148 45
152 52 158 52
40 3 46 3
140 57 146 57
14 10 16 11
60 12 65 12
67 31 69 32
100 28 105 28
122 34 124 35
148 54 150 55
174 54 179 54
7 48 8 50
73 18 74 20
84 44 89 44
44 34 48 34
45 17 49 17
69 35 73 35
95 26 99 26
125 9 129 9
0 7 3 7
3 55 6 55
6 45 9 45
30 7 33 7
44 47 45 48
67 18 68 19
155 32 158 32
158 43 158 46
127 25 129 25
