665
124 54 131 54
23 24 33 24
108 43 118 43
99 37 99 44
149 53 151 56
17 44 23 44
33 33 38 34
23 49 29 49
151 59 160 59
47 16 47 25
91 13 98 13
153 13 154 18
3 33 14 33
61 36 61 41
51 9 53 11
134 0 137 2
135 21 143 21
97 6 99 8
88 24 99 24
59 8 60 12
106 5 108 8
134 43 134 53
151 51 155 52
148 44 153 45
25 2 36 2
144 38 148 39
133 32 133 41
140 25 140 36
55 16 58 18
36 47 36 58
118 42 125 42
47 45 48 47
143 56 145 58
76 38 82 38
175 28 175 35
16 1 16 6
19 8 19 15
100 53 102 56
120 14 121 19
167 13 167 23
134 16 134 24
36 25 38 28
11 46 11 56
166 53 168 54
18 26 18 35
78 0 80 2
48 12 49 17
121 7 124 9
120 35 125 36
109 1 114 2
109 55 115 55
158 20 159 25
88 1 90 2
73 33 82 33
63 50 73 50
15 44 16 49
162 32 166 33
63 40 72 40
67 12 78 12
166 15 166 23
150 23 150 31
96 17 98 20
69 23 71 26
116 13 116 20
4 43 7 45
42 57 47 57
107 49 115 49
136 8 137 13
154 39 155 43
44 32 45 37
31 43 42 43
32 9 32 18
72 15 81 15
93 43 94 46
121 45 122 50
123 11 124 16
12 35 16 36
148 10 148 21
174 5 176 8
31 5 31 10
49 54 60 54
57 40 57 51
126 34 127 38
50 29 61 29
170 22 170 31
3 42 3 52
86 19 86 28
118 49 118 59
143 41 143 50
140 3 144 3
55 1 57 2
100 28 105 28
16 14 16 24
47 31 50 32
142 25 142 34
120 55 128 55
163 35 168 36
0 27 1 31
167 41 173 41
148 23 148 34
4 11 4 22
9 0 11 3
64 44 71 44
55 19 60 20
0 19 1 24
66 4 77 4
176 37 176 44
153 50 157 50
168 46 171 48
65 18 75 18
122 56 125 58
126 14 131 14
81 20 81 29
19 51 21 53
43 5 43 13
133 6 133 16
90 38 98 38
29 28 32 30
115 15 115 26
90 23 101 23
28 51 30 53
82 51 84 54
81 41 85 42
25 56 28 58
35 50 35 58
74 57 79 57
96 11 105 11
163 53 164 57
50 42 50 44
160 31 160 42
58 42 58 51
38 3 39 7
82 32 87 32
165 5 165 11
94 30 101 30
45 4 49 5
40 33 40 42
78 20 78 27
1 3 3 6
66 31 71 32
0 54 2 57
33 20 43 20
135 54 139 55
149 33 151 35
43 14 44 18
85 55 87 58
68 33 70 36
97 41 97 46
169 10 175 10
130 0 132 3
155 44 161 44
31 44 32 48
103 6 105 9
122 19 126 20
49 47 49 53
142 51 144 53
95 27 103 27
102 14 102 24
73 11 83 11
67 52 68 56
4 34 7 35
162 13 164 16
44 20 45 25
116 44 122 44
105 40 107 43
155 19 155 28
147 48 154 48
11 23 14 25
7 26 10 27
91 59 97 59
74 43 74 54
107 58 114 58
100 57 107 57
160 11 160 14
76 44 76 52
109 50 111 53
132 57 140 57
126 59 132 59
158 14 158 18
116 5 119 6
61 10 63 13
33 12 37 12
157 48 160 49
40 29 49 29
39 8 40 13
55 31 55 38
106 16 112 16
100 48 111 48
85 47 96 47
104 38 114 38
18 21 23 22
136 19 141 19
9 42 11 45
173 47 175 50
61 6 65 7
56 31 58 33
102 31 113 31
12 53 18 53
164 51 174 51
177 51 177 59
129 21 129 30
17 9 17 17
148 40 153 41
68 20 73 21
32 37 37 37
50 21 53 23
64 25 65 30
96 56 99 58
6 52 6 58
169 18 173 19
178 0 178 8
146 0 146 11
56 38 56 44
8 32 15 32
146 25 146 31
166 37 166 45
157 2 164 2
137 39 139 42
94 33 98 34
123 38 123 40
89 31 92 33
7 53 9 56
61 21 63 24
109 26 111 29
71 0 74 2
91 8 93 10
77 43 77 52
4 4 6 7
151 14 151 23
91 1 92 6
90 26 96 26
158 43 164 43
76 40 79 41
57 37 58 38
70 5 71 9
42 27 52 27
153 10 161 10
161 47 162 51
31 52 32 57
85 16 85 23
36 6 37 9
105 21 106 25
169 14 174 15
46 3 54 3
0 6 0 13
128 33 128 41
2 38 2 42
93 22 101 22
41 0 49 0
167 24 167 34
66 28 69 29
124 24 127 25
68 14 69 16
124 43 131 43
28 41 39 41
40 53 42 55
138 50 140 53
9 8 12 10
24 18 25 23
54 25 59 26
8 48 10 50
43 2 53 2
76 30 81 31
127 44 132 45
39 22 39 31
130 28 130 38
58 35 63 35
168 8 170 9
127 5 127 10
162 25 163 30
2 15 3 20
178 41 178 51
72 38 74 39
65 42 76 42
41 34 42 37
114 34 118 35
37 47 46 47
147 15 147 21
49 33 49 42
95 51 98 53
145 14 146 18
55 56 60 57
144 42 147 44
85 6 88 8
143 24 144 29
111 39 120 39
107 33 115 33
41 10 41 17
137 15 142 16
23 33 23 42
60 42 61 45
176 26 176 33
124 46 125 51
85 9 90 10
146 57 151 58
4 38 5 42
152 36 153 39
150 8 161 8
79 45 79 56
100 59 108 59
67 19 76 19
56 3 57 8
117 7 119 8
54 10 56 13
129 6 131 9
179 17 179 27
125 29 126 32
64 51 65 53
66 10 74 10
8 34 10 36
128 46 129 51
46 12 46 20
92 15 97 15
136 44 141 45
125 5 125 15
88 17 89 20
21 54 23 57
155 33 159 34
136 50 137 53
160 16 160 27
2 24 6 25
105 44 107 46
111 8 112 11
173 24 178 25
62 30 63 34
124 17 129 18
122 0 128 0
129 5 138 5
118 24 119 28
118 12 118 22
130 48 133 50
98 35 106 35
19 18 22 19
141 7 142 11
159 52 170 52
22 12 31 12
84 34 93 34
87 26 89 29
133 29 136 30
77 39 86 39
174 37 175 42
15 55 19 56
66 33 66 37
76 8 79 10
100 50 103 52
8 11 8 20
167 37 169 40
10 53 10 59
71 52 73 55
51 51 56 52
156 58 167 58
57 55 66 55
93 49 98 50
7 0 7 10
33 51 34 56
18 1 20 3
114 11 114 21
15 40 22 40
106 3 111 4
75 59 86 59
31 22 38 22
165 12 175 12
89 40 97 40
4 48 4 58
23 27 23 32
53 27 60 27
91 51 91 58
42 41 45 42
28 32 39 32
149 3 149 14
127 56 136 56
75 54 76 56
117 23 128 23
43 49 44 54
28 25 30 27
140 4 140 14
166 1 167 3
122 14 122 16
38 44 49 44
21 6 21 17
31 14 31 20
168 26 168 34
19 27 19 35
21 4 32 4
62 36 62 42
25 39 26 44
1 33 2 36
67 3 74 3
0 42 0 46
29 38 32 40
27 13 28 18
60 46 63 48
168 2 171 4
78 44 78 54
74 21 75 26
176 22 177 23
46 32 46 42
22 5 24 8
29 5 29 10
110 46 113 47
64 58 67 59
146 50 149 52
15 29 16 31
114 3 115 7
149 19 149 27
91 16 94 18
9 20 12 22
8 51 10 52
110 56 114 57
158 37 159 42
150 2 152 4
153 56 158 57
87 14 94 14
84 44 91 44
82 19 84 22
133 17 133 27
11 18 14 19
122 31 124 34
173 0 173 5
80 44 80 54
171 28 173 29
96 0 98 3
43 30 54 30
12 0 22 0
141 50 141 57
77 16 81 17
30 47 30 50
100 58 106 58
26 20 29 22
141 33 141 43
177 9 177 17
134 37 135 42
145 33 146 37
112 28 114 29
94 36 105 36
129 32 129 38
77 37 88 37
47 33 48 34
75 46 75 53
67 38 71 39
179 48 179 59
70 45 71 49
119 49 119 59
99 0 102 2
71 34 74 35
167 43 170 45
30 0 40 0
29 55 30 58
103 32 114 32
172 20 178 20
43 1 47 1
48 24 53 24
115 9 117 12
142 36 142 46
135 35 139 36
77 18 77 27
6 13 7 17
140 22 145 22
99 9 102 10
80 35 89 35
66 0 69 1
149 46 151 47
158 4 163 5
104 50 105 54
34 13 35 18
106 17 108 20
138 17 143 18
72 6 83 6
177 37 178 40
17 41 21 42
10 37 14 38
156 30 156 32
147 23 147 33
40 21 40 27
59 4 60 6
88 53 89 57
40 3 44 4
81 44 83 47
82 28 84 31
155 45 158 47
98 29 106 29
74 28 78 29
153 1 155 4
111 35 113 37
45 49 46 53
85 43 92 43
151 24 152 28
169 56 170 58
38 48 41 50
172 57 176 58
154 20 154 29
6 46 8 47
24 51 26 54
65 36 65 38
14 10 16 11
33 4 33 8
116 0 121 1
136 23 139 25
44 7 49 8
12 55 13 59
100 39 101 43
110 44 114 45
82 25 85 27
141 4 143 5
86 15 89 16
43 26 51 26
12 41 12 51
134 58 138 59
120 26 125 27
100 13 110 13
1 7 2 11
50 4 50 11
19 58 24 59
17 1 17 8
18 11 18 17
99 47 99 54
50 17 53 19
172 44 175 46
122 51 123 53
47 37 48 42
33 10 36 11
20 7 20 17
51 33 52 37
34 26 35 31
131 31 136 31
82 40 88 40
114 47 119 48
104 1 105 5
159 12 159 17
22 10 26 11
54 14 54 24
52 42 52 50
121 2 122 6
131 15 132 20
144 47 148 47
107 24 112 25
172 53 176 54
1 43 2 47
24 37 31 37
14 57 17 59
150 32 155 32
40 5 42 6
54 32 54 40
62 45 68 45
179 30 179 41
17 18 17 27
87 39 98 39
109 5 110 10
164 28 165 31
91 25 102 25
112 51 115 52
144 14 144 21
162 19 164 22
70 17 75 17
174 1 176 4
145 48 145 55
5 53 5 58
99 16 99 21
176 9 176 18
145 0 145 8
93 51 94 56
45 55 56 55
155 53 159 54
143 32 144 37
171 9 174 9
93 1 95 3
135 6 135 15
75 34 75 39
30 36 34 36
75 0 76 2
157 11 157 20
130 4 139 4
79 18 80 23
89 41 93 42
59 36 60 39
61 16 62 19
67 43 73 43
78 13 88 13
85 51 87 54
101 3 101 7
163 48 166 50
142 55 142 59
38 35 39 40
139 27 139 34
71 14 81 14
138 6 138 14
58 4 58 15
18 45 20 47
31 58 33 59
109 41 111 42
62 2 69 2
20 35 22 36
91 20 94 21
139 0 144 1
42 23 43 25
114 41 125 41
27 5 28 10
21 1 23 2
130 21 131 26
2 28 13 28
23 25 27 26
39 45 43 46
117 37 124 37
6 38 8 41
115 38 122 38
97 26 108 26
164 3 164 11
165 37 165 47
168 14 168 23
106 34 113 34
45 10 49 11
64 10 64 21
171 38 173 40
155 11 155 18
138 47 142 48
118 10 122 11
127 11 132 12
5 10 5 17
1 59 9 59
169 25 169 36
152 11 152 20
64 3 65 5
21 47 22 50
174 26 174 36
154 6 163 6
165 55 168 57
148 43 152 43
137 20 143 20
109 20 111 23
3 7 3 12
1 48 2 53
100 17 101 20
161 59 171 59
120 51 121 53
34 3 37 5
162 37 163 42
85 2 87 5
104 40 104 47
37 18 42 19
60 25 63 26
147 0 147 11
58 21 60 24
2 23 10 23
43 58 54 58
3 53 3 57
29 14 30 19
61 52 63 54
132 54 134 55
156 51 158 52
72 30 75 32
25 5 26 9
159 55 162 57
13 42 14 47
117 29 118 33
141 12 146 13
50 14 53 16
9 12 14 13
158 27 159 32
66 6 69 8
166 5 169 7
26 23 37 23
94 7 96 10
87 25 90 25
121 28 124 30
42 7 42 17
