787
0 1 3 3
0 4 11 4
0 6 11 6
0 8 11 8
0 9 11 9
0 11 11 11
0 12 1 17
0 18 2 21
0 22 5 23
0 24 11 24
0 25 11 25
0 26 5 27
0 28 1 33
0 34 2 37
0 38 5 39
0 40 11 40
0 41 3 43
0 44 11 44
0 45 1 50
0 51 1 56
0 57 3 59
1 10 12 10
2 12 4 15
2 28 13 28
2 45 5 47
2 50 5 52
3 16 4 21
3 31 4 36
3 37 14 37
3 48 14 48
3 54 14 54
4 1 9 2
4 7 15 7
4 41 15 41
4 42 9 43
4 56 9 57
5 5 16 5
5 12 6 17
5 18 16 18
5 21 16 21
5 31 6 36
6 0 17 0
6 19 17 19
6 22 17 22
6 29 17 29
6 38 17 38
6 46 11 47
6 49 8 52
6 58 17 58
7 12 18 12
7 14 10 16
7 32 18 32
7 33 12 34
7 55 18 55
8 31 19 31
8 35 13 36
9 13 20 13
9 23 20 23
9 26 14 27
9 49 14 50
9 51 20 51
9 52 20 52
10 42 21 42
10 43 21 43
10 45 21 45
10 57 21 57
12 4 23 4
12 9 23 9
12 16 17 17
12 25 23 25
12 30 23 30
12 40 23 40
12 44 23 44
12 47 23 47
13 6 24 6
13 33 24 33
13 34 24 34
14 1 19 2
14 20 25 20
14 28 25 28
14 36 25 36
14 46 25 46
15 54 26 54
16 37 27 37
16 41 27 41
17 10 28 10
17 14 22 15
17 24 28 24
17 49 22 50
18 0 29 0
18 7 29 7
18 17 23 18
18 19 29 19
18 21 23 22
18 35 29 35
18 58 29 58
19 11 30 11
19 55 30 55
19 59 30 59
20 2 25 3
20 39 31 39
20 48 31 48
20 53 31 53
21 12 26 13
21 52 32 52
22 42 27 43
23 15 28 16
23 49 26 51
24 8 35 8
24 9 35 9
24 18 35 18
24 25 35 25
24 26 35 26
25 21 36 21
25 33 36 33
25 56 36 56
26 1 27 6
26 20 37 20
26 23 37 23
26 29 31 30
26 36 37 36
27 12 30 14
27 38 38 38
27 49 30 51
27 54 38 54
28 1 33 2
28 3 39 3
28 5 33 6
28 22 39 22
28 28 39 28
28 32 39 32
28 41 33 42
28 43 39 43
28 57 39 57
29 16 34 17
29 24 40 24
29 27 40 27
29 47 40 47
30 19 41 19
31 10 32 15
31 40 42 40
31 49 34 51
31 55 42 55
31 58 36 59
32 48 43 48
33 4 44 4
33 10 34 15
33 52 38 53
34 5 39 6
34 29 45 29
34 34 39 35
34 41 45 41
35 1 46 1
35 2 46 2
35 10 36 15
35 16 46 16
36 7 39 9
36 17 41 18
36 30 47 30
36 45 47 45
36 49 47 49
37 10 39 13
37 14 42 15
37 33 48 33
37 44 48 44
37 46 48 46
38 20 43 21
38 23 49 23
39 37 42 39
39 52 44 53
40 6 41 11
40 34 43 36
40 56 42 59
41 24 52 24
41 25 43 28
41 54 52 54
42 6 44 9
43 13 48 14
43 15 54 15
43 19 54 19
43 31 54 31
43 32 54 32
43 38 48 39
43 55 45 58
44 10 49 11
44 20 55 20
44 21 49 22
44 25 55 25
44 26 49 27
45 4 56 4
45 6 47 9
45 35 48 37
45 42 56 42
45 50 47 53
46 0 57 0
46 28 51 29
46 40 51 41
46 47 51 48
46 57 57 57
47 3 58 3
47 55 58 55
48 1 59 1
48 5 51 7
48 16 51 18
48 49 53 50
48 51 59 51
48 52 53 53
49 33 54 34
49 35 60 35
49 36 51 39
49 44 54 45
49 46 60 46
50 10 53 12
50 21 53 23
51 9 62 9
51 13 56 14
51 26 62 26
52 6 63 6
52 17 63 17
52 28 55 30
52 36 57 37
52 40 57 41
52 43 63 43
52 47 63 47
53 5 64 5
53 24 64 24
54 10 65 10
54 11 59 12
54 16 65 16
54 21 59 22
54 52 59 53
55 18 60 19
55 31 66 31
55 32 66 32
55 34 66 34
55 45 66 45
55 50 66 50
56 20 67 20
56 27 58 30
56 56 67 56
57 42 68 42
57 44 68 44
58 13 63 14
58 36 59 41
58 54 69 54
59 2 70 2
59 3 70 3
59 8 70 8
59 27 62 29
60 0 71 0
60 1 71 1
60 21 65 22
60 37 63 39
60 40 71 40
60 41 71 41
60 53 71 53
60 55 71 55
60 59 71 59
61 15 72 15
61 18 66 19
62 11 73 11
62 46 73 46
62 57 67 58
63 7 74 7
63 25 74 25
63 26 65 29
63 35 68 36
64 6 75 6
64 33 75 33
64 37 67 39
64 43 75 43
65 9 76 9
65 48 76 48
65 51 76 51
66 10 77 10
66 12 71 13
66 26 69 28
66 29 71 30
66 49 77 49
67 4 72 5
67 21 78 21
67 50 78 50
67 52 78 52
68 57 79 57
69 14 80 14
69 16 72 18
69 20 80 20
69 34 80 34
69 36 80 36
69 37 74 38
70 22 81 22
70 23 75 24
70 26 73 28
70 31 75 32
71 2 76 3
71 47 82 47
72 0 83 0
72 29 77 30
72 44 83 44
72 53 74 56
72 59 83 59
73 4 84 4
73 15 78 16
73 17 78 18
73 39 75 42
74 12 85 12
74 26 79 27
74 35 85 35
75 11 86 11
75 25 86 25
75 28 86 28
75 45 80 46
75 53 78 55
76 6 81 7
76 8 87 8
76 19 87 19
76 24 87 24
76 31 81 32
76 37 87 37
76 43 87 43
77 13 88 13
77 39 88 39
77 51 88 51
78 1 81 3
78 9 83 10
78 29 89 29
78 41 89 41
79 15 81 18
79 33 90 33
79 53 81 56
80 30 91 30
80 57 91 57
81 23 92 23
81 34 92 34
81 38 92 38
81 45 86 46
82 1 93 1
82 2 87 3
82 6 87 7
82 14 93 14
82 16 87 17
82 52 93 52
82 53 87 54
82 56 93 56
83 21 94 21
83 26 94 26
83 47 88 48
83 55 94 55
84 9 95 9
84 15 95 15
84 32 95 32
84 59 95 59
86 22 97 22
86 42 97 42
87 10 90 12
87 35 92 36
87 46 98 46
88 2 91 4
88 6 99 6
88 7 93 8
88 18 93 19
88 27 93 28
88 43 91 45
88 49 99 49
88 53 93 54
88 58 99 58
89 13 100 13
89 25 100 25
89 39 100 39
89 51 100 51
91 17 102 17
91 40 96 41
91 47 96 48
92 2 97 3
92 10 97 11
92 24 103 24
92 29 97 30
92 44 103 44
92 50 103 50
93 23 104 23
93 31 104 31
93 33 96 35
93 36 96 38
94 1 105 1
94 4 105 4
94 7 99 8
94 16 105 16
94 18 97 20
94 27 99 28
94 52 105 52
94 53 105 53
94 56 99 57
95 21 106 21
96 9 107 9
96 54 101 55
97 33 98 38
98 2 103 3
98 10 103 11
98 18 109 18
98 19 103 20
98 22 109 22
98 29 109 29
98 40 100 43
99 32 101 35
99 36 110 36
99 37 104 38
99 46 110 46
99 48 110 48
99 59 110 59
100 5 102 8
100 26 105 27
100 49 111 49
101 12 104 14
101 40 104 42
101 47 112 47
102 32 113 32
102 33 113 33
102 34 113 34
102 54 104 57
103 5 108 6
103 17 114 17
103 25 114 25
103 35 114 35
104 2 109 3
104 20 115 20
104 44 109 45
104 51 115 51
105 7 116 7
105 37 110 38
105 40 107 43
105 54 107 57
106 4 117 4
106 11 117 11
106 12 117 12
106 13 108 16
106 28 117 28
106 31 117 31
107 21 118 21
107 53 118 53
108 0 119 0
108 23 119 23
108 39 119 39
108 40 110 43
108 54 110 57
109 5 120 5
109 6 120 6
109 14 112 16
110 1 113 3
110 8 113 10
110 18 121 18
110 26 121 26
110 29 121 29
111 19 122 19
111 27 122 27
111 36 114 38
111 42 116 43
111 44 114 46
111 48 122 48
111 57 116 58
111 59 122 59
112 49 123 49
112 54 117 55
113 13 115 16
114 1 117 3
114 8 117 10
114 41 125 41
115 17 126 17
115 25 126 25
115 33 118 35
115 37 126 37
115 44 120 45
115 46 120 47
116 13 127 13
116 14 121 15
116 38 127 38
116 50 121 51
116 52 127 52
117 32 128 32
117 40 128 40
117 56 120 58
118 7 120 10
118 12 129 12
118 20 129 20
118 28 129 28
118 36 129 36
119 1 122 3
119 11 130 11
119 30 130 30
119 33 122 35
119 53 122 55
120 21 131 21
120 31 131 31
121 5 132 5
121 6 124 8
121 10 132 10
121 43 124 45
121 57 126 58
122 26 133 26
122 46 127 47
123 2 134 2
123 14 128 15
123 19 134 19
123 29 134 29
123 33 128 34
123 39 134 39
123 54 126 56
124 1 135 1
124 42 135 42
124 48 135 48
124 50 129 51
124 59 135 59
125 44 130 45
126 3 131 4
126 6 129 8
126 23 131 24
126 43 137 43
127 16 132 17
127 37 138 37
127 41 138 41
127 53 130 55
127 56 138 56
128 0 139 0
128 38 139 38
128 46 139 46
128 57 133 58
129 13 134 14
129 34 134 35
129 40 140 40
129 47 140 47
130 7 133 9
130 12 141 12
130 15 141 15
130 20 141 20
130 25 141 25
130 28 141 28
130 49 132 52
131 18 142 18
131 53 134 55
132 3 143 3
132 21 143 21
132 22 143 22
132 27 143 27
132 30 137 31
133 4 138 5
133 17 144 17
133 49 136 51
134 7 137 9
134 10 139 11
134 16 145 16
135 13 146 13
135 23 146 23
135 33 137 36
135 44 140 45
135 52 140 53
135 54 146 54
135 57 140 58
136 1 147 1
136 2 147 2
136 29 147 29
136 48 147 48
136 55 147 55
137 49 140 51
137 59 148 59
138 6 141 8
138 9 149 9
138 30 143 31
138 34 141 36
139 41 142 43
140 14 151 14
140 19 151 19
140 32 145 33
140 37 143 39
141 0 152 0
141 40 152 40
141 44 152 44
141 50 143 53
141 56 152 56
142 4 145 6
142 7 153 7
142 11 147 12
142 15 153 15
142 25 147 26
142 34 153 34
142 35 153 35
142 46 153 46
143 18 154 18
144 20 147 22
144 27 155 27
144 31 155 31
144 36 147 38
144 49 149 50
145 3 156 3
145 41 156 41
146 4 149 6
146 51 151 52
147 8 158 8
147 33 158 33
147 39 158 39
147 53 158 53
147 57 152 58
148 2 159 2
148 21 151 23
148 24 151 26
148 42 159 42
149 10 160 10
149 28 160 28
149 29 154 30
150 1 161 1
150 6 161 6
150 11 155 12
150 20 161 20
150 47 152 50
151 5 162 5
151 55 162 55
152 19 163 19
152 24 157 25
152 37 163 37
153 4 164 4
153 45 164 45
153 51 164 51
153 56 164 56
153 57 158 58
154 7 165 7
154 14 159 15
154 34 159 35
155 23 166 23
155 29 166 29
155 49 166 49
155 50 166 50
155 54 166 54
156 11 161 12
156 17 167 17
156 22 167 22
156 26 161 27
156 30 161 31
156 40 167 40
156 47 167 47
157 36 168 36
158 13 169 13
158 16 169 16
158 41 169 41
159 8 170 8
159 24 164 25
159 43 170 43
159 46 170 46
159 52 164 53
159 58 170 58
159 59 170 59
160 2 165 3
160 14 171 14
160 34 171 34
160 35 171 35
161 33 172 33
161 38 166 39
162 0 167 1
162 9 167 10
162 11 167 12
162 20 167 21
162 27 167 28
162 30 167 31
162 57 173 57
163 5 174 5
165 24 170 25
165 45 176 45
165 48 176 48
165 51 170 52
165 56 176 56
167 2 172 3
167 23 178 23
167 37 178 37
167 44 178 44
167 49 178 49
167 50 178 50
168 1 179 1
168 18 173 19
168 22 179 22
168 27 179 27
168 28 170 31
168 38 171 40
168 47 179 47
168 55 179 55
169 10 172 12
170 41 175 42
171 15 176 16
171 29 173 32
171 51 173 54
171 58 176 59
172 8 177 9
172 34 175 36
173 3 178 4
173 11 175 14
173 24 178 25
174 18 177 20
174 28 175 33
174 51 177 53
175 5 178 7
176 10 178 13
176 28 177 33
176 41 179 43
177 14 179 17
177 56 179 59
179 28 179 39
2 53 13 53
4 59 15 59
12 56 23 56
30 0 41 0
42 17 47 18
52 38 57 39
79 40 90 40
141 45 152 45
146 16 157 16
146 32 157 32
153 43 158 44
159 32 170 32
172 38 175 40
40 43 51 43
81 20 92 20
141 57 146 58
12 8 23 8
153 48 164 48
47 2 58 2
28 37 38 37
34 42 44 42
82 31 92 31
145 17 155 17
160 15 170 15
100 58 110 58
35 50 44 50
60 51 64 52
149 59 158 59
57 4 66 4
106 52 115 52
143 42 147 43
36 25 40 26
17 5 25 5
166 7 174 7
55 33 63 33
67 19 75 19
121 9 129 9
122 18 130 18
141 47 149 47
176 38 178 40
13 10 16 11
131 44 134 45
178 18 179 21
67 45 74 45
106 26 109 27
117 42 120 43
40 5 47 5
159 44 166 44
56 25 62 25
103 8 109 8
152 52 158 52
40 3 46 3
30 7 35 7
60 12 65 12
67 16 68 18
67 31 69 32
75 38 80 38
76 40 77 42
100 28 105 28
123 35 128 35
139 4 141 5
148 54 150 55
174 54 179 54
14 53 19 53
50 27 55 27
88 16 90 17
144 51 145 53
44 34 48 34
68 39 72 39
69 35 73 35
95 26 99 26
135 19 139 19
148 43 152 43
2 55 6 55
0 7 3 7
6 45 9 45
42 0 45 0
44 47 45 48
61 35 62 36
75 56 78 56
154 46 155 47
100 56 101 57
122 14 122 16
127 25 129 25
144 39 146 39
