780
0 1 3 3
0 4 3 6
0 8 11 8
0 9 5 10
0 11 11 11
0 12 2 15
0 16 1 21
0 22 0 33
0 34 2 37
0 38 11 38
0 39 5 40
0 41 3 43
0 44 11 44
0 45 1 50
0 51 3 53
0 54 1 59
1 23 6 24
1 25 12 25
1 26 4 28
1 29 6 30
2 16 3 21
2 45 5 47
2 57 13 57
2 58 7 59
3 13 14 13
3 31 4 36
3 37 14 37
3 48 6 50
3 54 14 54
4 0 5 5
4 7 15 7
4 14 6 17
4 18 15 18
4 21 15 21
4 41 15 41
4 42 9 43
4 51 7 53
5 22 16 22
5 26 8 28
5 31 6 36
6 0 9 2
6 9 17 9
6 10 17 10
6 12 17 12
6 19 17 19
6 46 11 47
7 5 18 5
7 14 10 16
7 24 18 24
7 29 18 29
7 32 18 32
7 33 12 34
7 55 18 55
8 31 19 31
8 35 13 36
8 51 19 51
8 52 19 52
8 58 19 58
9 23 20 23
9 26 20 26
9 27 14 28
9 48 14 49
10 0 12 3
10 42 21 42
10 43 21 43
10 45 21 45
11 40 22 40
12 4 23 4
12 16 17 17
12 30 23 30
12 44 23 44
12 47 23 47
13 0 18 1
13 6 24 6
13 25 24 25
13 33 24 33
13 34 24 34
14 2 25 2
14 20 25 20
14 36 25 36
14 46 25 46
14 57 25 57
15 54 26 54
16 28 27 28
16 37 27 37
16 41 27 41
17 14 22 15
17 49 22 50
18 7 29 7
18 10 29 10
18 11 21 13
18 17 23 18
18 19 29 19
18 21 23 22
18 35 29 35
19 0 30 0
19 1 30 1
19 9 30 9
19 55 30 55
19 59 30 59
20 39 31 39
20 48 31 48
20 52 25 53
21 23 26 24
22 11 33 11
22 42 27 43
23 12 28 13
23 15 28 16
23 49 26 51
24 3 27 5
24 8 35 8
24 18 35 18
24 26 35 26
25 21 36 21
25 25 36 25
25 33 36 33
25 56 36 56
26 20 37 20
26 29 31 30
26 36 37 36
26 52 31 53
27 23 32 24
27 38 38 38
27 49 30 51
27 54 38 54
28 2 31 4
28 5 33 6
28 22 39 22
28 28 39 28
28 32 39 32
28 41 33 42
28 43 39 43
28 57 39 57
29 12 31 15
29 16 34 17
29 27 40 27
29 47 40 47
29 58 40 58
30 19 41 19
31 0 36 1
31 40 42 40
31 49 34 51
31 55 42 55
32 12 34 15
32 48 43 48
33 4 44 4
33 52 38 53
34 5 39 6
34 9 37 11
34 29 45 29
34 34 39 35
34 41 39 42
35 2 46 2
35 12 38 14
35 16 46 16
35 23 40 24
36 17 41 18
36 30 47 30
36 45 47 45
36 49 39 51
37 0 42 1
37 7 48 7
37 33 48 33
37 44 48 44
37 46 48 46
38 8 40 11
38 15 49 15
38 20 49 20
39 12 42 14
39 37 42 39
39 52 42 54
40 21 45 22
40 34 43 36
40 41 43 43
40 49 51 49
41 8 52 8
41 10 52 10
41 23 42 28
41 57 52 57
43 13 48 14
43 19 54 19
43 23 48 24
43 26 54 26
43 31 54 31
43 32 54 32
43 38 48 39
43 50 45 53
43 54 54 54
43 58 54 58
44 11 55 11
44 25 55 25
44 40 47 42
45 4 56 4
45 9 56 9
45 35 48 37
45 55 56 55
46 0 57 0
46 27 49 29
46 47 51 48
46 50 48 53
47 3 58 3
48 1 59 1
48 16 51 18
48 40 53 41
49 5 54 6
49 21 52 23
49 24 60 24
49 33 52 35
49 36 51 39
49 42 54 43
49 44 60 44
49 45 54 46
49 50 54 51
49 52 54 53
50 28 55 29
51 13 56 14
51 20 62 20
52 15 54 18
52 36 57 37
52 47 63 47
53 21 58 22
53 56 58 57
54 10 65 10
54 12 65 12
54 40 59 41
55 5 60 6
55 16 60 17
55 18 60 19
55 30 60 31
55 32 66 32
55 34 66 34
55 43 66 43
55 45 66 45
55 48 56 53
56 25 59 27
56 42 67 42
57 28 62 29
57 35 68 35
57 46 68 46
57 48 59 51
57 54 62 55
58 13 63 14
58 38 63 39
59 2 70 2
59 3 70 3
59 8 70 8
59 11 70 11
59 52 64 53
60 0 71 0
60 1 71 1
60 21 65 22
60 40 71 40
60 41 71 41
60 50 65 51
60 59 71 59
61 4 66 5
61 15 72 15
61 16 64 18
61 19 72 19
61 24 66 25
61 31 72 31
61 44 72 44
62 26 67 27
62 37 73 37
62 56 65 58
63 7 74 7
63 28 66 30
63 54 74 54
63 55 74 55
64 6 75 6
64 20 75 20
64 33 75 33
64 36 75 36
65 9 76 9
65 16 68 18
65 38 70 39
65 48 76 48
66 10 77 10
66 12 71 13
66 49 77 49
66 50 77 50
66 51 71 52
66 56 71 57
67 4 72 5
67 21 78 21
67 24 72 25
67 28 72 29
68 42 73 43
69 14 80 14
69 16 72 18
69 34 80 34
69 45 72 47
70 22 81 22
71 2 76 3
71 23 82 23
71 26 82 26
72 0 77 1
72 32 83 32
72 51 83 51
72 52 83 52
72 57 77 58
72 59 83 59
73 4 84 4
73 15 84 15
73 16 78 17
73 25 84 25
73 27 78 28
73 29 78 30
73 44 76 46
74 12 85 12
74 35 85 35
74 37 75 42
74 43 85 43
75 11 86 11
75 18 80 19
75 53 78 55
76 6 81 7
76 8 87 8
76 24 87 24
76 36 79 38
77 13 88 13
77 39 88 39
77 45 80 47
78 0 80 3
78 9 83 10
78 41 89 41
78 57 89 57
79 16 84 17
79 27 81 30
79 33 90 33
79 53 82 55
79 56 90 56
80 36 83 38
81 1 92 1
81 2 92 2
81 3 92 3
81 18 84 20
81 34 92 34
81 44 82 49
82 6 87 7
82 14 93 14
82 27 84 30
83 21 94 21
83 23 94 23
83 26 94 26
83 44 86 46
83 47 88 48
83 53 88 54
83 55 94 55
84 9 95 9
84 32 95 32
84 36 89 37
84 59 95 59
85 15 88 17
85 27 88 29
85 30 90 31
85 51 96 51
86 18 91 19
86 22 97 22
86 42 97 42
86 43 97 43
87 10 90 12
87 35 98 35
87 46 98 46
88 6 99 6
88 7 93 8
88 49 99 49
88 58 99 58
89 13 100 13
89 25 100 25
89 27 100 27
89 28 94 29
89 39 100 39
89 52 94 53
89 54 100 54
90 15 101 15
90 37 95 38
90 44 95 45
90 57 101 57
91 17 102 17
91 40 96 41
91 47 96 48
92 10 103 10
92 11 103 11
92 19 97 20
92 24 103 24
92 50 103 50
93 0 95 3
93 31 104 31
94 4 105 4
94 7 99 8
94 16 105 16
94 36 105 36
95 21 106 21
95 23 106 23
95 29 106 29
95 33 100 34
95 52 106 52
95 53 106 53
96 0 98 3
96 9 107 9
96 28 107 28
96 55 101 56
97 18 108 18
97 30 108 30
97 44 108 44
98 19 103 20
98 22 109 22
98 37 103 38
98 40 100 43
98 51 109 51
99 1 104 2
99 46 110 46
99 48 110 48
99 59 110 59
100 5 102 8
100 35 111 35
100 49 111 49
101 12 104 14
101 25 104 27
101 32 104 34
101 40 104 42
101 47 112 47
102 54 104 57
103 5 108 6
103 17 114 17
104 20 115 20
104 37 109 38
105 3 116 3
105 7 116 7
105 24 110 25
105 32 108 34
105 40 107 43
105 54 107 57
106 1 111 2
106 4 117 4
106 11 117 11
106 12 117 12
106 13 108 16
106 31 117 31
107 21 118 21
107 29 118 29
107 53 118 53
108 0 119 0
108 23 119 23
108 28 119 28
108 39 119 39
108 40 110 43
108 54 110 57
109 5 120 5
109 6 120 6
109 14 112 16
109 18 120 18
109 32 114 33
109 44 114 45
110 8 113 10
110 26 121 26
110 36 113 38
110 50 113 52
111 19 122 19
111 25 122 25
111 27 122 27
111 42 116 43
111 48 122 48
111 57 116 58
111 59 122 59
112 1 117 2
112 46 123 46
112 49 123 49
112 54 117 55
113 13 115 16
114 8 117 10
114 34 117 36
114 37 125 37
114 41 125 41
114 51 119 52
115 17 126 17
115 44 120 45
116 13 127 13
116 14 121 15
116 38 127 38
117 32 128 32
117 33 128 33
117 40 128 40
117 56 120 58
118 7 119 12
118 20 129 20
118 34 121 36
119 1 124 2
119 30 130 30
119 50 130 50
119 53 122 55
120 7 123 9
120 10 131 10
120 11 131 11
120 12 131 12
120 21 131 21
120 31 131 31
120 52 131 52
121 5 132 5
121 28 126 29
121 43 124 45
121 57 126 58
122 3 133 3
122 26 133 26
122 36 133 36
123 14 128 15
123 19 134 19
123 39 134 39
123 54 126 56
124 42 135 42
124 48 135 48
124 59 135 59
125 0 128 2
125 22 127 25
125 34 130 35
125 44 130 45
125 47 136 47
126 4 137 4
126 6 128 9
126 37 137 37
126 43 137 43
126 46 137 46
127 16 132 17
127 27 130 29
127 41 138 41
127 53 130 55
127 56 138 56
128 22 130 25
128 38 139 38
128 57 133 58
129 0 134 1
129 7 134 8
129 13 134 14
129 40 140 40
130 9 141 9
130 15 141 15
130 20 141 20
131 2 142 2
131 18 142 18
131 25 142 25
131 28 136 29
131 34 136 35
131 49 134 51
131 53 134 55
132 10 135 12
132 21 143 21
132 22 143 22
132 27 143 27
132 30 137 31
133 5 138 6
133 17 144 17
134 16 145 16
135 0 146 0
135 7 140 8
135 13 146 13
135 23 146 23
135 33 146 33
135 44 140 45
135 49 136 54
135 57 140 58
136 1 147 1
136 12 147 12
136 48 147 48
136 55 147 55
137 28 142 29
137 34 142 35
137 49 140 51
137 52 140 54
137 59 148 59
138 10 143 11
138 30 143 31
138 46 149 46
139 36 144 37
139 41 142 43
140 14 151 14
140 19 151 19
141 7 152 7
141 40 152 40
141 44 152 44
141 49 142 54
141 56 152 56
142 4 147 5
142 8 147 9
142 15 153 15
143 6 154 6
143 18 154 18
143 24 148 25
143 28 148 29
143 32 154 32
143 34 148 35
143 49 148 50
144 20 147 22
144 27 155 27
144 31 155 31
145 3 156 3
145 36 147 39
145 41 156 41
145 53 150 54
146 51 151 52
147 33 158 33
147 57 152 58
148 2 159 2
148 4 153 5
148 8 149 13
148 21 151 23
148 38 153 39
148 42 159 42
149 24 152 26
149 28 160 28
149 29 154 30
149 34 154 35
149 47 151 50
150 1 161 1
150 8 161 8
150 10 155 11
150 20 161 20
150 46 161 46
151 53 162 53
151 55 162 55
152 19 163 19
152 37 163 37
153 22 155 25
153 45 164 45
153 51 164 51
153 56 164 56
153 57 158 58
154 7 165 7
154 14 159 15
155 4 166 4
155 29 166 29
155 34 166 34
155 49 166 49
155 50 166 50
155 54 166 54
156 5 161 6
156 9 161 10
156 11 161 12
156 17 167 17
156 22 167 22
156 23 167 23
156 26 161 27
156 30 161 31
156 35 167 35
156 40 167 40
156 47 167 47
157 24 162 25
157 36 168 36
158 13 169 13
158 16 169 16
158 41 169 41
159 43 170 43
159 58 170 58
159 59 170 59
160 2 165 3
160 14 171 14
160 52 171 52
161 33 172 33
161 38 166 39
162 0 167 1
162 5 167 6
162 9 167 10
162 11 167 12
162 20 167 21
162 27 167 28
162 30 167 31
162 46 173 46
162 57 173 57
163 24 168 25
165 45 176 45
165 48 176 48
165 56 176 56
167 2 172 3
167 7 172 8
167 37 178 37
167 44 178 44
167 49 178 49
167 50 178 50
168 1 179 1
168 18 173 19
168 22 179 22
168 27 170 30
168 31 173 32
168 35 179 35
168 38 171 40
168 47 179 47
168 55 179 55
169 4 172 6
169 10 172 12
170 41 175 42
171 15 176 16
171 23 176 24
171 26 173 29
171 53 176 54
171 58 176 59
173 2 174 7
173 8 178 9
173 11 175 14
174 18 177 20
174 25 179 26
174 28 175 33
175 2 176 7
176 10 179 12
176 27 177 32
176 41 179 43
177 2 178 7
177 14 179 17
177 51 179 54
177 56 179 59
178 27 179 32
3 56 14 56
41 5 46 6
42 17 47 18
52 38 57 39
79 40 90 40
137 47 148 47
139 3 141 6
141 45 152 45
146 16 157 16
153 43 158 44
165 51 176 51
172 38 175 40
8 53 19 53
32 3 43 3
73 31 84 31
113 47 124 47
152 47 154 50
156 32 167 32
176 38 179 40
141 57 146 58
12 8 23 8
47 2 58 2
28 37 38 37
53 33 63 33
8 59 18 59
120 51 130 51
145 17 155 17
160 15 170 15
100 58 110 58
135 39 144 39
149 59 158 59
65 53 74 53
105 26 109 27
121 18 130 18
143 42 147 43
15 56 24 56
155 48 164 48
72 38 73 41
131 44 134 45
178 18 179 21
58 36 61 37
117 42 120 43
152 52 159 52
37 25 40 26
124 6 125 9
143 51 144 54
159 44 166 44
72 56 78 56
85 20 91 20
103 8 109 8
30 7 36 7
12 11 17 11
76 40 77 42
95 26 100 26
122 34 124 35
7 48 8 50
43 0 45 1
50 27 55 27
44 34 48 34
69 35 73 35
135 19 139 19
148 43 152 43
2 55 6 55
0 7 3 7
6 45 9 45
44 47 45 48
73 18 74 19
89 16 90 17
3 12 5 12
122 14 122 16
