771
0 1 3 3
0 4 11 4
0 6 11 6
0 8 11 8
0 9 5 10
0 11 11 11
0 12 1 17
0 18 1 23
0 24 11 24
0 25 11 25
0 26 5 27
0 29 5 30
0 32 2 35
0 36 11 36
0 37 3 39
0 40 11 40
0 41 3 43
0 45 1 50
0 51 1 56
0 57 3 59
2 12 4 15
2 16 3 21
2 28 13 28
2 44 5 46
2 47 7 48
2 50 4 53
3 32 5 35
3 54 14 54
4 1 9 2
4 16 5 21
4 37 15 37
4 41 15 41
4 56 9 57
5 5 16 5
5 7 16 7
5 13 16 13
5 38 16 38
5 49 8 51
6 9 17 9
6 10 17 10
6 12 17 12
6 14 7 19
6 20 11 21
6 22 17 22
6 29 17 29
6 33 17 33
6 34 17 34
6 42 11 43
6 58 17 58
7 0 18 0
7 32 18 32
7 44 12 45
7 55 18 55
8 14 9 19
8 31 19 31
8 46 19 46
8 47 13 48
8 52 13 53
9 23 20 23
9 26 14 27
9 49 14 50
10 16 12 19
10 51 21 51
10 57 21 57
12 21 23 21
12 25 23 25
12 30 23 30
12 36 23 36
12 40 23 40
12 42 17 43
13 4 24 4
13 18 18 19
13 44 24 44
13 45 24 45
14 1 19 2
14 14 17 16
14 20 25 20
14 28 25 28
14 47 25 47
15 52 18 54
16 37 27 37
16 41 27 41
17 6 28 6
17 24 28 24
17 49 22 50
18 7 29 7
18 11 20 14
18 15 29 15
18 34 29 34
18 35 29 35
19 0 30 0
19 9 30 9
19 10 30 10
19 17 24 18
19 52 30 52
19 54 30 54
19 55 30 55
19 58 24 59
20 2 25 3
20 19 31 19
20 39 31 39
20 43 31 43
20 48 31 48
21 11 32 11
21 12 24 14
22 22 27 23
23 42 34 42
23 53 34 53
24 8 35 8
24 25 35 25
24 26 35 26
24 36 35 36
24 49 29 50
25 18 36 18
25 21 36 21
25 33 36 33
25 56 36 56
25 58 30 59
26 1 31 2
26 3 29 5
26 29 31 30
27 12 30 14
27 16 32 17
27 20 38 20
27 38 38 38
28 22 39 22
28 23 39 23
28 28 39 28
28 32 39 32
28 57 39 57
29 6 40 6
29 24 40 24
29 27 40 27
29 40 34 41
29 47 40 47
30 3 41 3
30 50 41 50
31 12 33 15
31 51 36 52
31 55 42 55
31 58 36 59
32 4 37 5
32 43 43 43
32 48 43 48
33 1 44 1
33 9 36 11
33 17 44 17
34 12 36 15
34 29 45 29
34 34 39 35
35 2 46 2
35 16 46 16
35 41 46 41
35 54 46 54
36 30 47 30
36 45 47 45
36 49 47 49
36 53 47 53
37 7 48 7
37 8 42 9
37 11 42 12
37 14 42 15
37 18 42 19
37 44 48 44
38 33 49 33
38 40 49 40
39 10 50 10
39 20 50 20
40 21 43 23
40 34 43 36
40 37 43 39
40 56 42 59
41 4 52 4
41 24 43 27
43 13 48 14
43 15 54 15
43 32 54 32
43 52 54 52
43 55 46 57
43 58 54 58
44 21 46 24
44 25 55 25
44 26 49 27
44 31 55 31
44 34 45 39
45 11 56 11
45 17 48 19
45 42 56 42
45 51 56 51
46 0 57 0
46 9 57 9
46 28 51 29
46 36 49 38
46 39 57 39
46 47 51 48
46 50 57 50
47 3 58 3
47 34 52 35
47 54 52 55
48 1 59 1
48 22 51 24
48 57 59 57
49 5 54 6
49 16 60 16
49 18 54 19
49 41 60 41
49 44 54 45
49 46 60 46
50 17 61 17
50 36 53 38
51 10 62 10
51 13 56 14
51 20 62 20
51 21 62 21
52 26 63 26
52 43 63 43
53 4 64 4
53 24 64 24
53 27 58 28
53 53 58 54
54 33 55 38
55 5 60 6
55 12 66 12
55 18 60 19
55 32 66 32
55 40 66 40
55 45 66 45
55 47 60 48
55 55 60 56
56 30 61 31
56 35 59 37
57 33 62 34
57 44 68 44
57 51 68 51
58 13 63 14
58 38 63 39
58 50 69 50
59 2 70 2
59 3 70 3
59 8 70 8
59 11 70 11
59 27 62 29
59 42 70 42
59 52 64 53
59 54 70 54
60 0 71 0
60 35 71 35
60 59 71 59
61 5 64 7
61 15 72 15
61 18 66 19
61 41 72 41
61 46 66 47
61 55 66 56
62 17 73 17
62 37 73 37
62 57 67 58
63 9 68 10
63 28 68 29
63 33 68 34
64 1 75 1
64 20 75 20
64 25 75 25
64 26 69 27
64 30 69 31
64 43 75 43
65 4 68 6
65 7 76 7
65 21 70 22
65 36 76 36
65 38 70 39
65 48 76 48
66 49 77 49
67 13 72 14
67 45 72 46
67 52 78 52
67 55 72 56
68 40 79 40
68 57 79 57
69 4 72 6
69 9 80 9
69 18 80 18
69 32 72 34
70 23 75 24
70 26 73 28
70 29 75 30
70 50 81 50
71 2 76 3
71 10 76 11
71 22 82 22
71 51 82 51
72 0 83 0
72 47 83 47
72 59 83 59
73 4 76 6
73 13 76 15
73 31 76 33
73 34 78 35
73 41 78 42
73 44 76 46
73 53 78 54
73 55 84 55
74 12 85 12
74 16 79 17
74 21 85 21
74 26 77 28
76 19 81 20
76 24 87 24
76 29 81 30
76 37 87 37
76 43 87 43
77 1 79 4
77 6 82 7
77 8 88 8
77 11 88 11
77 13 82 14
77 45 88 45
78 10 89 10
78 25 80 28
78 39 89 39
78 46 89 46
79 31 81 34
79 35 90 35
79 53 84 54
79 56 90 56
80 1 85 2
80 3 91 3
80 15 83 17
80 40 83 42
80 57 91 57
81 9 92 9
81 23 92 23
81 25 83 28
81 38 92 38
82 19 93 19
82 29 93 29
82 30 93 30
82 33 87 34
82 52 93 52
83 13 94 13
83 14 94 14
84 4 87 6
84 15 95 15
84 25 89 26
84 27 89 28
84 32 95 32
84 41 95 41
84 47 95 47
84 59 95 59
85 17 90 18
85 51 96 51
85 53 96 53
85 54 96 54
85 55 96 55
86 0 89 2
86 22 97 22
87 42 98 42
88 6 99 6
88 20 93 21
88 43 99 43
88 49 99 49
88 58 99 58
90 0 93 2
90 25 101 25
90 26 95 27
90 28 101 28
90 33 95 34
90 39 101 39
90 44 93 46
91 7 96 8
91 16 94 18
91 35 102 35
92 3 103 3
92 10 103 10
92 11 103 11
92 24 103 24
92 40 103 40
92 50 103 50
92 56 97 57
93 23 104 23
93 31 104 31
93 36 96 38
94 1 105 1
94 9 105 9
94 19 97 21
94 29 105 29
94 44 99 45
94 52 105 52
95 4 106 4
95 16 106 16
95 46 106 46
96 17 107 17
96 33 101 34
96 41 107 41
97 7 102 8
97 13 108 13
97 18 108 18
97 30 108 30
97 36 108 36
97 53 100 55
98 19 101 21
98 22 109 22
98 37 103 38
99 51 110 51
100 2 111 2
100 26 105 27
100 48 111 48
100 49 111 49
100 59 111 59
101 5 106 6
101 32 112 32
101 42 106 43
101 47 112 47
101 53 104 55
102 19 105 21
102 33 113 33
102 44 107 45
102 56 113 56
103 25 114 25
103 35 114 35
104 37 106 40
105 3 116 3
105 7 116 7
105 54 110 55
106 8 111 9
106 11 117 11
106 12 117 12
106 20 111 21
106 26 108 29
106 31 117 31
107 4 112 5
107 6 118 6
107 46 118 46
108 15 113 16
108 17 119 17
108 23 119 23
108 39 119 39
108 41 119 41
108 42 119 42
108 53 119 53
109 0 114 1
109 18 120 18
109 29 120 29
109 38 120 38
109 44 114 45
110 13 115 14
110 26 121 26
110 28 121 28
111 19 122 19
111 27 122 27
111 51 122 51
111 57 116 58
112 8 115 10
112 37 123 37
112 48 117 49
112 54 117 55
113 5 124 5
113 20 116 22
113 43 124 43
113 59 124 59
114 16 125 16
115 1 120 2
115 25 126 25
115 33 120 34
116 0 127 0
116 8 119 10
116 13 127 13
116 14 121 15
116 44 121 45
116 52 127 52
117 20 120 22
117 32 128 32
117 35 122 36
117 40 128 40
117 56 120 58
118 12 129 12
118 47 120 50
119 11 130 11
119 30 130 30
120 7 122 10
120 31 131 31
120 53 123 55
121 1 124 3
121 17 126 18
121 20 126 21
121 38 126 39
121 48 126 49
121 50 132 50
121 57 126 58
122 26 133 26
122 44 127 45
122 46 127 47
123 7 134 7
123 14 128 15
123 19 134 19
123 28 134 28
123 29 134 29
123 33 128 34
123 36 134 36
124 10 135 10
124 41 135 41
124 42 135 42
124 53 129 54
125 1 136 1
125 4 128 6
125 37 136 37
125 56 136 56
126 2 131 3
126 23 131 24
126 43 137 43
127 16 138 16
127 20 132 21
127 38 138 38
127 48 132 49
128 0 139 0
128 44 133 45
128 46 139 46
128 57 133 58
129 4 134 5
129 13 134 14
129 39 134 40
129 47 140 47
129 51 134 52
129 59 140 59
130 9 141 9
130 25 141 25
130 34 135 35
130 54 141 54
131 12 142 12
131 18 142 18
132 3 143 3
132 22 143 22
132 27 143 27
132 30 135 32
133 2 144 2
133 17 144 17
133 20 138 21
133 48 144 48
133 50 144 50
134 11 145 11
134 53 145 53
135 4 138 6
135 7 140 8
135 13 146 13
135 23 146 23
135 33 146 33
135 40 146 40
135 44 140 45
135 57 140 58
136 28 139 30
136 35 147 35
136 55 147 55
137 31 148 31
137 36 142 37
138 34 149 34
139 16 150 16
139 41 142 43
140 14 151 14
140 19 143 21
140 28 151 28
140 29 145 30
141 0 146 1
141 7 146 8
141 15 152 15
141 44 152 44
141 56 152 56
142 4 147 5
142 9 153 9
142 59 153 59
143 6 154 6
143 18 154 18
143 24 148 25
143 36 146 38
144 19 155 19
144 20 147 22
144 27 155 27
144 32 155 32
144 45 149 46
145 3 156 3
145 48 147 51
146 10 149 12
146 52 149 54
147 8 158 8
147 33 158 33
147 38 150 40
147 41 158 41
147 57 152 58
148 2 159 2
148 4 153 5
148 21 153 22
148 35 159 35
148 42 159 42
148 48 153 49
148 50 153 51
149 23 152 25
149 29 154 30
150 1 161 1
150 10 161 10
150 11 155 12
150 53 153 55
151 20 162 20
151 36 153 39
151 45 154 47
152 28 163 28
152 31 163 31
152 34 163 34
153 15 164 15
153 23 156 25
153 56 164 56
153 57 158 58
154 7 165 7
154 51 165 51
154 55 165 55
155 4 166 4
155 29 166 29
155 37 166 37
155 43 157 46
155 49 166 49
155 53 160 54
156 5 161 6
156 11 161 12
156 13 161 14
156 17 159 19
156 26 161 27
156 47 167 47
157 21 162 22
157 24 162 25
157 40 168 40
158 16 169 16
158 23 169 23
159 8 170 8
159 41 170 41
159 43 170 43
159 46 170 46
159 59 170 59
160 2 165 3
160 17 163 19
160 35 171 35
160 52 171 52
160 58 171 58
161 33 172 33
161 38 166 39
161 44 166 45
161 54 172 54
162 0 167 1
162 5 167 6
162 9 167 10
162 11 167 12
162 14 173 14
162 57 173 57
163 20 174 20
163 21 168 22
163 24 168 25
163 36 174 36
163 50 174 50
164 27 175 27
164 30 167 32
165 13 176 13
165 48 176 48
165 56 176 56
167 2 172 3
167 37 178 37
167 44 178 44
167 45 178 45
167 49 178 49
168 1 179 1
168 18 173 19
168 28 171 30
168 31 173 32
168 47 179 47
168 55 179 55
169 4 172 6
169 10 172 12
169 38 174 39
171 15 176 16
171 22 176 23
171 40 173 43
172 8 177 9
172 29 177 30
172 58 177 59
173 2 174 7
173 24 178 25
174 31 179 32
174 41 177 43
174 51 177 53
175 2 176 7
175 10 178 12
175 19 178 21
177 2 178 7
177 14 179 17
179 18 179 29
4 59 15 59
6 35 17 35
12 56 23 56
31 0 42 0
103 34 114 34
104 57 109 58
123 8 128 9
129 15 140 15
138 51 143 52
143 41 146 43
42 5 47 6
72 38 77 39
77 44 88 44
135 39 146 39
175 38 178 40
141 57 146 58
12 8 23 8
47 2 58 2
38 46 48 46
28 37 38 37
124 55 134 55
145 17 155 17
154 48 164 48
35 42 44 42
82 31 91 31
106 52 115 52
36 25 40 26
141 47 150 47
17 5 25 5
139 4 141 6
150 52 158 52
154 50 162 50
52 29 55 30
65 53 72 53
67 19 74 19
84 40 91 40
120 41 123 42
44 43 51 43
96 26 99 27
98 56 101 57
127 17 130 18
147 43 154 43
56 25 62 25
67 12 73 12
84 16 90 16
156 32 162 32
167 51 173 51
173 54 179 54
30 7 36 7
123 35 129 35
172 28 178 28
5 52 7 53
12 11 17 11
30 49 35 49
38 4 40 5
73 56 78 56
77 31 78 33
90 10 91 12
129 8 134 8
136 41 138 42
141 45 143 46
146 29 148 30
82 20 87 20
158 44 160 45
165 15 170 15
135 51 137 52
0 7 4 7
107 43 111 43
123 51 127 51
2 55 6 55
42 3 46 3
60 36 64 36
30 4 31 5
44 47 45 48
102 57 103 58
136 19 139 19
43 0 45 0
78 38 80 38
127 25 129 25
142 24 142 26
