766
0 57 3 59
0 53 5 54
0 50 3 52
0 48 11 48
0 44 11 44
0 42 11 42
0 40 11 40
0 38 11 38
0 36 11 36
0 35 11 35
0 29 5 30
0 27 11 27
0 25 11 25
0 24 11 24
0 22 5 23
0 21 11 21
0 19 5 20
0 17 11 17
0 15 5 16
0 13 5 14
0 11 11 11
0 9 5 10
0 8 11 8
0 6 11 6
0 4 11 4
0 1 3 3
1 41 12 41
1 32 4 34
2 45 5 47
2 37 13 37
2 28 13 28
3 18 14 18
4 57 15 57
4 51 15 51
4 50 15 50
4 7 15 7
4 2 9 3
5 34 16 34
5 32 16 32
5 5 16 5
6 58 17 58
6 54 11 55
6 47 17 47
6 33 17 33
6 29 17 29
6 22 17 22
6 19 17 19
6 13 9 15
6 12 17 12
6 10 17 10
6 9 17 9
6 0 17 0
7 45 12 46
7 1 18 1
8 52 19 52
8 31 19 31
8 16 19 16
9 49 20 49
9 26 20 26
9 23 20 23
10 43 21 43
10 13 21 13
12 55 23 55
12 54 23 54
12 44 23 44
12 42 23 42
12 40 23 40
12 36 23 36
12 30 23 30
12 25 23 25
12 21 23 21
12 4 23 4
13 45 24 45
13 6 24 6
14 46 25 46
14 28 25 28
14 20 25 20
14 2 25 2
15 17 20 18
16 57 27 57
16 41 27 41
16 37 27 37
17 50 22 51
17 34 28 34
17 24 28 24
17 15 28 15
18 58 29 58
18 35 29 35
18 19 29 19
18 10 29 10
18 7 29 7
18 0 29 0
19 59 30 59
19 11 30 11
19 9 30 9
19 1 30 1
20 53 31 53
20 52 31 52
20 48 31 48
20 39 31 39
20 14 31 14
21 18 32 18
22 43 33 43
22 22 27 23
23 49 26 51
23 12 28 13
24 54 27 56
24 42 35 42
24 36 35 36
24 26 35 26
24 25 35 25
24 8 35 8
24 3 27 5
25 33 36 33
25 21 36 21
26 30 31 31
26 20 37 20
27 50 38 50
27 38 38 38
27 16 32 17
28 57 39 57
28 54 39 54
28 32 39 32
28 28 39 28
28 23 39 23
28 22 39 22
28 5 33 6
28 3 33 4
29 47 40 47
29 41 40 41
29 27 40 27
29 24 40 24
30 56 41 56
30 55 41 55
30 19 41 19
30 12 35 13
31 58 36 59
31 40 42 40
31 29 42 29
31 10 36 11
31 0 36 1
32 51 37 52
32 48 43 48
32 14 43 14
33 18 44 18
33 17 44 17
34 43 45 43
34 35 45 35
34 6 45 6
34 3 37 5
35 34 46 34
35 16 46 16
35 2 46 2
36 53 47 53
36 49 47 49
36 45 47 45
36 30 47 30
36 12 41 13
36 7 39 9
37 46 48 46
37 44 48 44
37 33 48 33
37 0 42 1
38 20 49 20
38 15 49 15
39 37 42 39
39 10 50 10
40 23 51 23
40 21 45 22
40 8 45 9
40 7 51 7
41 57 52 57
41 54 52 54
41 26 52 26
41 24 52 24
41 4 46 5
43 58 54 58
43 52 54 52
43 40 48 41
43 39 54 39
43 36 46 38
43 32 54 32
43 31 54 31
43 28 48 29
43 19 54 19
44 25 55 25
44 14 55 14
44 11 55 11
45 55 56 55
45 51 56 51
45 42 56 42
45 13 56 13
46 50 57 50
46 47 51 48
46 9 57 9
46 0 57 0
47 37 52 38
47 35 52 36
47 3 58 3
48 17 53 18
48 1 59 1
49 46 60 46
49 44 54 45
49 41 60 41
49 34 60 34
49 29 54 30
49 21 54 22
49 16 60 16
49 5 54 6
50 4 61 4
51 20 62 20
51 10 62 10
52 47 63 47
52 43 63 43
53 57 64 57
53 53 58 54
53 37 64 37
53 35 58 36
53 27 58 28
53 24 64 24
54 17 65 17
54 12 65 12
55 45 66 45
55 40 66 40
55 32 66 32
55 31 66 31
55 18 60 19
55 5 60 6
56 56 67 56
57 55 68 55
57 51 68 51
57 44 68 44
57 42 68 42
57 29 62 30
58 50 69 50
58 38 63 39
58 21 61 23
58 14 69 14
59 54 70 54
59 52 64 53
59 28 70 28
59 13 70 13
59 11 70 11
59 8 70 8
59 3 70 3
59 2 70 2
60 59 71 59
60 35 71 35
60 1 71 1
60 0 71 0
61 41 72 41
61 19 72 19
61 15 72 15
61 5 64 7
62 46 73 46
62 26 67 27
62 21 65 23
63 33 68 34
63 29 68 30
63 25 74 25
63 9 68 10
64 43 75 43
64 36 75 36
64 20 75 20
65 57 70 58
65 48 76 48
65 38 70 39
65 37 76 37
65 7 76 7
65 4 68 6
66 49 77 49
67 52 78 52
67 21 78 21
68 40 79 40
69 55 80 55
69 34 80 34
69 32 74 33
69 29 74 30
69 18 80 18
69 9 80 9
69 4 72 6
70 50 81 50
70 24 81 24
70 22 81 22
70 16 75 17
70 14 81 14
71 57 82 57
71 51 82 51
71 47 82 47
71 26 82 26
71 23 82 23
71 12 76 13
71 10 76 11
71 2 76 3
72 59 83 59
72 44 83 44
72 0 83 0
73 53 78 54
73 41 78 42
73 27 78 28
73 15 84 15
73 6 84 6
73 4 84 4
74 35 85 35
75 46 86 46
75 45 86 45
75 32 80 33
75 29 80 30
75 25 86 25
76 43 87 43
76 19 81 20
76 16 81 17
76 8 87 8
77 39 88 39
77 37 88 37
77 13 88 13
77 11 88 11
77 10 88 10
78 2 83 3
79 56 90 56
79 53 84 54
80 41 85 42
81 38 92 38
81 34 92 34
81 30 92 30
81 29 92 29
81 9 92 9
81 1 92 1
82 52 93 52
82 19 84 22
82 16 87 17
82 14 93 14
83 57 88 58
83 55 94 55
83 47 88 48
83 26 94 26
83 23 94 23
84 59 95 59
84 32 89 33
84 27 89 28
84 2 95 2
85 54 96 54
85 53 96 53
85 51 96 51
85 21 96 21
85 6 96 6
86 42 97 42
86 40 91 41
86 22 97 22
86 18 91 19
86 3 89 5
87 46 98 46
87 35 98 35
88 49 99 49
88 43 91 45
88 7 93 8
89 39 100 39
89 25 100 25
89 13 100 13
90 57 101 57
90 28 101 28
90 15 101 15
91 47 96 48
91 31 96 32
91 17 102 17
91 3 96 4
92 50 103 50
92 44 103 44
92 40 103 40
92 24 103 24
92 19 97 20
92 11 103 11
92 10 103 10
93 41 104 41
93 36 96 38
93 1 104 1
94 52 105 52
94 29 105 29
94 16 105 16
94 9 105 9
94 7 99 8
95 34 106 34
95 23 106 23
96 55 101 56
97 36 108 36
97 33 108 33
97 30 108 30
97 21 108 21
97 18 108 18
97 5 102 6
97 2 102 3
98 51 109 51
98 37 103 38
98 31 103 32
98 22 109 22
98 20 109 20
99 59 110 59
99 48 110 48
99 46 110 46
99 43 110 43
100 54 111 54
100 49 111 49
100 35 111 35
100 26 105 27
101 47 112 47
101 13 106 14
102 57 113 57
102 56 113 56
103 25 114 25
103 19 114 19
103 17 114 17
103 6 114 6
103 2 108 3
104 44 109 45
104 38 107 40
104 4 109 5
105 42 116 42
105 7 116 7
106 31 117 31
106 29 117 29
106 28 117 28
106 15 111 16
106 12 117 12
106 11 117 11
106 8 111 9
107 53 118 53
107 41 118 41
108 39 119 39
108 23 119 23
108 0 119 0
109 38 120 38
109 32 114 33
109 21 120 21
109 18 120 18
109 2 114 3
110 51 121 51
110 26 121 26
110 14 121 14
110 5 121 5
111 59 122 59
111 48 122 48
111 44 114 46
111 27 122 27
112 54 117 55
112 49 123 49
112 37 123 37
112 34 115 36
112 15 117 16
112 9 123 9
113 43 124 43
113 8 124 8
114 57 125 57
115 46 126 46
115 44 120 45
115 25 126 25
115 19 120 20
115 17 126 17
115 10 126 10
115 6 126 6
115 1 117 4
116 58 127 58
116 52 127 52
116 34 127 34
116 13 127 13
117 40 128 40
117 35 122 36
117 33 128 33
117 32 128 32
118 55 123 56
118 28 129 28
118 15 129 15
118 12 129 12
119 50 130 50
119 30 130 30
119 11 130 11
119 1 124 2
120 54 131 54
120 31 131 31
121 44 132 44
121 38 126 39
121 21 132 21
121 20 132 20
121 7 132 7
122 26 133 26
122 5 133 5
122 3 133 3
123 45 134 45
123 36 134 36
123 29 134 29
123 19 134 19
124 59 135 59
124 48 135 48
124 42 135 42
124 41 135 41
125 56 136 56
125 47 136 47
125 37 136 37
125 14 136 14
125 2 136 2
125 1 136 1
126 43 137 43
126 23 131 24
126 4 137 4
127 46 138 46
127 38 138 38
127 16 138 16
127 9 132 10
128 57 133 58
128 51 133 52
128 34 133 35
128 0 139 0
129 40 140 40
130 39 141 39
130 28 141 28
130 25 141 25
130 15 141 15
130 13 141 13
130 12 141 12
131 18 142 18
132 54 143 54
132 30 137 31
132 27 143 27
132 22 143 22
133 50 144 50
133 20 138 21
133 17 144 17
133 9 136 11
134 53 145 53
134 35 145 35
134 5 139 6
135 58 146 58
135 45 146 45
135 33 146 33
135 23 146 23
135 7 140 8
136 55 147 55
136 48 147 48
136 29 147 29
137 59 148 59
137 44 148 44
137 41 148 41
137 36 142 37
137 9 142 10
137 2 148 2
138 56 143 57
138 34 149 34
138 31 149 31
139 42 144 43
139 16 150 16
140 21 151 21
140 19 151 19
140 14 151 14
141 40 152 40
141 7 146 8
141 0 152 0
142 46 153 46
142 25 147 26
142 15 153 15
142 11 147 12
142 4 147 5
143 37 148 38
143 32 154 32
143 18 154 18
143 9 154 9
143 6 154 6
144 56 155 56
144 27 155 27
144 22 155 22
144 1 155 1
145 3 156 3
146 52 151 53
146 50 151 51
146 35 157 35
147 57 152 58
147 39 158 39
147 33 158 33
147 8 158 8
148 48 153 49
148 42 159 42
148 24 151 26
148 5 159 5
149 44 154 45
149 41 160 41
149 30 160 30
149 28 160 28
149 10 160 10
150 20 161 20
150 11 155 12
151 55 162 55
151 34 162 34
152 51 154 54
152 37 163 37
152 31 163 31
152 25 157 26
152 19 163 19
153 58 164 58
153 4 164 4
154 57 165 57
154 29 165 29
154 23 159 24
154 15 157 17
154 7 165 7
154 2 165 2
155 54 166 54
155 51 166 51
155 50 166 50
155 49 166 49
155 44 157 47
156 53 167 53
156 40 167 40
156 27 167 27
156 22 167 22
156 14 167 14
156 11 161 12
156 1 167 1
157 36 168 36
158 47 169 47
158 17 163 18
158 16 169 16
158 13 169 13
159 59 170 59
159 46 170 46
159 44 164 45
159 43 170 43
159 35 170 35
159 25 164 26
159 8 170 8
160 52 171 52
160 5 171 5
161 39 172 39
161 33 172 33
162 23 173 23
162 20 167 21
162 11 173 11
162 9 167 10
163 41 174 41
163 38 174 38
163 12 174 12
164 31 169 32
165 58 176 58
165 56 176 56
165 48 176 48
165 45 176 45
165 25 170 26
166 28 171 29
167 50 178 50
167 49 178 49
167 44 178 44
167 37 178 37
167 2 172 3
168 55 179 55
168 27 179 27
168 22 179 22
168 19 173 20
168 1 179 1
169 14 174 15
170 31 175 32
171 53 176 54
171 35 176 36
171 7 173 10
172 29 177 30
172 16 177 17
172 5 177 6
173 46 178 47
173 24 178 25
173 3 178 4
174 18 177 20
174 7 179 8
175 11 177 14
176 41 179 43
177 56 179 59
177 51 179 54
178 16 179 21
179 28 179 39
3 56 14 56
4 59 15 59
41 27 52 27
49 33 60 33
56 25 61 26
70 31 81 31
89 58 100 58
137 47 148 47
138 51 143 52
173 39 178 40
174 9 179 10
6 53 17 53
113 47 124 47
124 55 135 55
103 58 114 58
12 8 23 8
71 38 76 39
146 43 157 43
47 2 58 2
134 3 144 3
28 37 38 37
68 56 78 56
138 30 148 30
139 20 149 20
154 48 164 48
158 15 168 15
119 41 123 42
149 59 158 59
172 51 176 52
82 24 91 24
100 7 104 8
102 55 111 55
106 52 115 52
121 18 130 18
36 25 40 26
95 26 99 27
125 8 134 8
0 49 8 49
0 26 8 26
36 42 44 42
66 16 68 18
107 13 115 13
156 56 164 56
15 56 23 56
26 2 34 2
27 49 35 49
38 3 40 5
82 31 90 31
89 10 91 12
145 17 153 17
155 32 163 32
65 53 72 53
67 45 74 45
106 26 109 27
134 51 137 52
85 20 91 20
12 11 18 11
172 28 178 28
0 55 2 56
0 45 1 47
12 35 17 35
30 7 35 7
47 4 48 6
55 38 57 39
81 32 83 33
122 51 127 51
127 17 132 17
148 54 150 55
149 47 154 47
168 9 170 10
0 12 5 12
41 3 46 3
43 0 45 1
46 43 51 43
88 16 90 17
123 35 127 35
135 19 139 19
137 11 141 11
149 2 153 2
155 52 159 52
168 40 172 40
59 36 63 36
142 39 146 39
0 7 3 7
44 47 45 48
77 38 80 38
138 4 141 4
158 43 158 46
144 51 145 52
73 19 75 19
122 14 124 14
127 25 129 25
