774
0 1 2 4
0 6 11 6
0 8 11 8
0 9 5 10
0 11 1 16
0 17 11 17
0 18 3 20
0 21 0 32
0 33 3 35
0 36 11 36
0 37 3 39
0 40 11 40
0 41 3 43
0 44 11 44
0 45 1 50
0 51 1 56
0 57 3 59
1 21 12 21
1 23 6 24
1 25 12 25
1 26 4 28
1 29 6 30
2 11 13 11
2 12 4 15
2 45 5 47
2 50 5 52
3 1 5 4
3 16 14 16
3 48 14 48
3 54 14 54
4 7 15 7
4 18 15 18
4 31 6 34
4 35 15 35
4 37 15 37
4 38 15 38
4 41 15 41
4 42 9 43
4 56 9 57
5 5 16 5
5 13 16 13
5 22 16 22
5 26 8 28
6 0 9 2
6 9 17 9
6 10 17 10
6 12 17 12
6 19 17 19
6 46 11 47
6 49 8 52
6 58 17 58
7 24 18 24
7 29 18 29
7 32 18 32
7 33 12 34
7 55 18 55
8 31 19 31
9 23 20 23
9 26 20 26
9 27 14 28
9 49 14 50
9 51 20 51
9 52 20 52
10 0 12 3
10 42 21 42
10 43 21 43
10 45 21 45
10 57 21 57
12 4 23 4
12 30 23 30
12 36 23 36
12 40 23 40
12 44 23 44
12 47 23 47
13 0 18 1
13 6 24 6
13 21 24 21
13 25 24 25
13 33 24 33
13 34 24 34
14 2 25 2
14 20 25 20
14 46 25 46
15 14 17 17
15 54 26 54
16 28 27 28
16 37 27 37
16 41 27 41
17 49 22 50
18 7 29 7
18 10 29 10
18 11 21 13
18 15 29 15
18 17 23 18
18 19 29 19
18 35 29 35
18 58 29 58
19 0 30 0
19 1 30 1
19 9 30 9
19 55 30 55
19 59 30 59
20 14 31 14
20 39 31 39
20 48 31 48
20 53 31 53
21 23 26 24
21 52 32 52
22 11 33 11
22 22 33 22
22 42 27 43
23 12 28 13
23 49 26 51
24 3 27 5
24 8 35 8
24 18 35 18
24 26 35 26
24 36 35 36
25 21 36 21
25 25 36 25
25 33 36 33
25 56 36 56
26 20 37 20
26 29 31 30
27 16 32 17
27 23 32 24
27 38 38 38
27 49 30 51
27 54 38 54
28 2 31 4
28 5 33 6
28 28 39 28
28 32 39 32
28 41 33 42
28 43 39 43
28 57 39 57
29 27 40 27
29 47 40 47
30 12 35 13
30 19 41 19
31 0 36 1
31 40 42 40
31 49 34 51
31 55 42 55
31 58 36 59
32 14 43 14
32 48 43 48
33 4 44 4
33 17 44 17
33 52 38 53
34 5 39 6
34 9 37 11
34 22 37 24
34 29 45 29
34 34 39 35
34 41 39 42
35 2 46 2
35 16 46 16
36 12 41 13
36 30 47 30
36 45 47 45
36 49 39 51
37 0 42 1
37 7 48 7
37 18 48 18
37 33 48 33
37 44 48 44
37 46 48 46
38 8 40 11
38 15 49 15
38 20 49 20
38 21 41 23
38 24 49 24
39 37 42 39
39 52 42 54
40 34 43 36
40 41 43 43
40 49 51 49
40 56 42 59
41 8 52 8
41 10 52 10
41 25 43 28
42 21 47 22
42 23 53 23
43 19 54 19
43 31 54 31
43 32 54 32
43 38 48 39
43 50 45 53
43 54 54 54
43 55 46 57
43 58 54 58
44 11 46 14
44 25 46 28
44 40 47 42
45 4 56 4
45 9 56 9
45 35 48 37
46 0 57 0
46 47 51 48
46 50 57 50
46 51 57 51
47 3 58 3
47 25 52 26
47 27 52 28
47 55 58 55
47 57 58 57
48 1 59 1
48 29 53 30
48 40 53 41
48 52 53 53
49 5 54 6
49 16 60 16
49 21 54 22
49 33 54 34
49 35 51 38
49 42 54 43
49 44 60 44
49 45 54 46
50 17 61 17
51 13 56 14
51 20 62 20
51 24 62 24
52 35 54 38
52 47 63 47
53 25 55 28
54 10 65 10
54 11 59 12
54 40 59 41
54 52 59 53
55 5 66 5
55 18 60 19
55 30 60 31
55 32 66 32
55 34 57 37
55 43 66 43
55 45 66 45
56 25 59 27
56 42 67 42
56 56 67 56
57 6 59 9
57 28 62 29
57 46 68 46
58 13 63 14
58 21 63 22
58 33 60 36
58 38 63 39
58 50 69 50
58 51 69 51
58 54 69 54
59 2 70 2
59 3 70 3
60 0 71 0
60 1 71 1
60 8 71 8
60 40 71 40
60 41 71 41
60 53 71 53
60 55 71 55
60 59 71 59
61 15 72 15
61 18 66 19
61 31 72 31
61 34 66 35
61 44 72 44
62 11 73 11
62 17 73 17
62 26 67 27
62 37 73 37
62 57 67 58
63 7 74 7
63 25 74 25
63 28 66 30
64 6 75 6
64 20 75 20
64 33 75 33
64 36 75 36
65 9 76 9
65 21 76 21
65 38 70 39
65 48 76 48
66 10 77 10
66 12 71 13
66 49 77 49
67 4 72 5
67 28 72 29
67 34 72 35
67 52 78 52
68 42 73 43
68 57 79 57
69 14 80 14
69 18 80 18
69 45 72 47
70 22 81 22
70 23 75 24
70 50 81 50
71 2 76 3
71 26 82 26
71 51 82 51
72 0 83 0
72 32 83 32
72 53 74 56
72 59 83 59
73 4 84 4
73 15 78 16
73 27 78 28
73 29 78 30
73 34 78 35
73 44 76 46
74 12 85 12
74 37 75 42
74 43 85 43
75 11 86 11
75 17 86 17
75 25 86 25
75 53 78 55
76 6 79 8
76 19 87 19
76 24 87 24
76 36 78 39
77 13 88 13
77 45 88 45
77 46 82 47
78 1 81 3
78 9 83 10
78 20 83 21
78 41 89 41
79 27 81 30
79 33 90 33
79 34 90 34
79 35 90 35
79 53 84 54
79 56 90 56
80 5 85 6
80 36 85 37
80 39 91 39
80 57 91 57
81 16 92 16
81 23 92 23
81 38 92 38
82 1 93 1
82 2 87 3
82 14 93 14
82 27 84 30
82 52 93 52
83 7 88 8
83 26 94 26
83 46 94 46
83 47 88 48
83 55 94 55
84 9 95 9
84 15 95 15
84 21 95 21
84 32 95 32
84 59 95 59
85 27 88 29
85 30 90 31
85 51 96 51
85 53 90 54
86 6 97 6
86 22 97 22
86 42 97 42
86 43 97 43
87 10 90 12
88 2 99 2
88 18 93 19
88 49 99 49
88 58 99 58
89 3 94 4
89 13 100 13
89 25 100 25
89 27 92 29
90 44 101 44
91 7 96 8
91 17 102 17
91 33 94 35
91 40 96 41
91 47 96 48
91 53 96 54
92 10 103 10
92 11 103 11
92 24 103 24
92 50 103 50
92 56 97 57
93 23 104 23
93 28 104 28
93 31 104 31
93 36 95 39
94 1 105 1
94 16 105 16
94 18 97 20
94 29 105 29
94 52 105 52
95 4 106 4
95 33 100 34
95 35 106 35
95 46 106 46
96 9 107 9
96 21 107 21
96 36 107 36
97 7 102 8
97 30 108 30
97 39 102 40
97 53 100 55
98 5 103 6
98 18 109 18
98 19 103 20
98 22 109 22
98 37 103 38
98 51 109 51
99 41 110 41
99 43 110 43
99 48 110 48
99 59 110 59
100 2 111 2
100 26 105 27
100 49 111 49
101 12 104 14
101 32 112 32
101 33 112 33
101 47 112 47
101 53 104 55
102 34 113 34
102 44 107 45
102 56 113 56
102 57 113 57
103 17 114 17
103 25 114 25
104 20 115 20
104 37 109 38
105 3 116 3
105 5 116 5
105 6 116 6
105 7 116 7
105 42 116 42
105 54 110 55
106 11 117 11
106 12 117 12
106 13 108 16
106 26 108 29
106 31 117 31
107 4 118 4
107 35 118 35
107 46 118 46
107 53 118 53
108 0 119 0
108 21 119 21
108 23 119 23
108 39 119 39
109 14 112 16
109 29 120 29
109 44 114 45
110 8 113 10
110 18 121 18
110 26 121 26
110 28 121 28
110 36 113 38
110 50 113 52
111 19 122 19
111 27 122 27
111 48 122 48
111 59 122 59
112 1 117 2
112 49 123 49
112 54 117 55
113 13 115 16
113 43 124 43
114 8 117 10
114 37 125 37
114 41 125 41
114 51 119 52
114 56 117 58
115 17 126 17
115 25 126 25
115 33 120 34
115 44 120 45
116 13 127 13
116 14 121 15
116 38 127 38
117 5 128 5
117 6 122 7
117 32 128 32
117 40 128 40
118 8 121 10
118 12 129 12
118 20 129 20
118 36 129 36
118 54 121 56
119 1 122 3
119 11 130 11
119 30 130 30
119 50 130 50
120 21 131 21
120 31 131 31
120 52 125 53
121 44 132 44
121 57 126 58
122 8 125 10
122 26 133 26
122 28 133 28
122 45 127 46
122 54 133 54
122 55 127 56
123 2 134 2
123 7 134 7
123 14 128 15
123 19 134 19
123 29 134 29
123 33 128 34
123 39 134 39
124 1 135 1
124 42 135 42
124 48 135 48
124 59 135 59
125 47 136 47
126 3 131 4
126 23 131 24
126 37 137 37
126 43 137 43
126 51 129 53
127 8 130 10
127 16 138 16
127 41 138 41
128 0 139 0
128 38 139 38
128 45 139 45
128 46 139 46
128 55 133 56
128 57 133 58
129 5 140 5
129 13 134 14
129 34 134 35
129 40 140 40
130 12 141 12
130 15 141 15
130 20 141 20
130 25 141 25
130 51 135 52
131 8 134 10
131 18 142 18
132 3 143 3
132 21 143 21
132 22 143 22
132 27 143 27
132 30 135 32
133 17 144 17
133 50 144 50
134 11 145 11
134 28 145 28
134 53 145 53
134 56 139 57
135 6 137 9
135 13 146 13
135 23 146 23
135 33 137 36
135 54 146 54
135 58 146 58
136 1 147 1
136 2 147 2
136 29 147 29
136 48 147 48
136 55 147 55
137 30 142 31
137 44 148 44
137 59 148 59
138 6 140 9
138 34 149 34
138 35 149 35
139 16 150 16
139 36 144 37
139 41 142 43
140 14 151 14
140 19 151 19
140 32 145 33
140 45 151 45
141 0 152 0
141 6 143 9
141 40 152 40
141 56 152 56
142 4 147 5
142 15 153 15
142 25 147 26
142 46 153 46
143 18 154 18
143 31 154 31
144 6 155 6
144 7 155 7
144 20 147 22
144 27 155 27
145 3 156 3
145 9 156 9
145 36 147 39
145 41 156 41
146 10 149 12
146 49 149 51
146 52 151 53
147 8 158 8
147 33 158 33
147 57 152 58
148 2 159 2
148 4 153 5
148 21 153 22
148 23 151 25
148 38 153 39
148 42 159 42
149 28 160 28
149 29 154 30
150 1 161 1
150 10 161 10
150 11 155 12
150 20 161 20
150 34 155 35
150 47 152 50
151 55 162 55
152 19 163 19
152 24 157 25
152 37 163 37
152 44 157 45
152 51 154 54
153 56 158 57
153 58 164 58
154 14 159 15
155 4 166 4
155 23 166 23
155 29 158 31
155 49 160 50
155 51 166 51
155 53 160 54
156 5 161 6
156 11 161 12
156 17 167 17
156 22 167 22
156 26 161 27
156 34 167 34
156 35 167 35
156 40 167 40
156 47 167 47
157 36 168 36
158 13 169 13
158 16 169 16
158 41 169 41
159 7 164 8
159 24 164 25
159 29 170 29
159 31 164 32
159 43 170 43
159 44 164 45
159 46 170 46
159 59 170 59
160 2 165 3
160 14 171 14
160 52 171 52
161 33 172 33
161 38 166 39
161 48 166 49
161 54 172 54
162 0 167 1
162 5 167 6
162 9 164 12
162 20 167 21
162 27 167 28
162 57 173 57
163 50 174 50
165 7 167 10
165 12 176 12
165 24 168 26
165 30 170 31
165 45 176 45
165 56 176 56
165 58 176 58
167 2 178 2
167 23 178 23
167 37 178 37
167 44 178 44
167 48 178 48
167 49 178 49
168 1 179 1
168 3 169 8
168 18 173 19
168 22 179 22
168 27 179 27
168 35 179 35
168 38 171 40
168 47 179 47
168 55 179 55
170 3 171 8
170 41 175 42
171 15 176 16
171 29 173 32
172 3 174 6
172 8 177 9
172 52 177 53
173 24 178 25
174 18 177 20
174 28 175 33
175 4 178 6
176 28 179 30
176 41 179 43
177 10 178 15
177 56 179 59
178 16 179 21
2 53 13 53
4 59 15 59
12 56 23 56
41 5 46 6
79 40 90 40
137 47 148 47
138 51 143 52
146 32 157 32
165 11 176 11
167 51 178 51
172 38 175 40
32 3 43 3
73 31 84 31
77 44 88 44
113 47 124 47
176 38 179 40
12 8 23 8
102 58 113 58
146 43 157 43
47 2 58 2
28 37 38 37
145 17 155 17
160 15 170 15
95 3 104 3
135 39 144 39
149 59 158 59
57 4 66 4
132 4 141 4
84 20 93 20
95 26 99 27
119 35 128 35
67 19 75 19
122 18 130 18
168 10 176 10
72 38 73 41
172 7 179 7
153 47 154 50
37 25 40 26
98 56 101 57
103 8 109 8
173 54 179 54
30 7 36 7
60 52 66 52
117 42 123 42
140 57 146 57
55 38 57 39
60 12 65 12
60 25 61 27
76 40 77 42
127 17 132 17
148 54 150 55
14 53 19 53
43 0 45 1
120 51 125 51
155 48 160 48
168 28 173 28
44 34 48 34
45 17 49 17
135 19 139 19
155 52 159 52
2 55 6 55
0 7 3 7
6 45 9 45
14 11 17 11
44 47 45 48
75 56 78 56
87 17 90 17
158 43 158 46
136 51 137 52
144 51 145 52
61 36 63 36
122 14 122 16
127 25 129 25
