783
0 1 3 3
0 4 11 4
0 6 11 6
0 8 11 8
0 9 5 10
0 11 11 11
0 12 1 17
0 18 3 20
0 21 0 32
0 33 0 44
0 45 1 50
0 51 3 53
0 54 2 57
1 21 12 21
1 23 6 24
1 25 12 25
1 26 4 28
1 29 6 30
1 31 2 36
1 37 4 39
1 40 3 43
2 12 4 15
2 44 5 46
2 47 7 48
2 58 7 59
3 16 14 16
3 31 4 36
3 54 14 54
4 1 9 2
4 7 15 7
4 17 15 17
4 18 15 18
4 41 15 41
4 42 9 43
4 50 15 50
4 51 15 51
4 56 9 57
5 5 16 5
5 13 16 13
5 22 16 22
5 26 8 28
5 31 7 34
5 35 10 36
5 37 16 37
5 38 16 38
6 0 17 0
6 9 17 9
6 10 17 10
6 12 17 12
6 19 17 19
7 24 18 24
7 29 18 29
7 44 12 45
7 55 18 55
8 31 19 31
8 32 19 32
8 34 19 34
8 46 19 46
8 47 13 48
8 52 19 52
8 58 19 58
9 23 20 23
9 26 20 26
9 27 14 28
9 49 20 49
10 42 21 42
10 43 21 43
10 57 21 57
11 33 22 33
11 35 16 36
11 40 22 40
12 4 23 4
12 30 23 30
13 6 24 6
13 21 24 21
13 25 24 25
13 44 24 44
13 45 24 45
14 1 19 2
14 20 25 20
14 47 25 47
15 54 26 54
16 15 18 18
16 28 27 28
16 41 27 41
17 37 28 37
17 50 22 51
18 0 29 0
18 7 29 7
18 10 29 10
18 11 20 14
18 19 29 19
18 35 29 35
19 9 30 9
19 15 30 15
19 17 24 18
19 36 30 36
19 55 30 55
19 59 30 59
20 2 25 3
20 39 31 39
20 48 31 48
20 52 25 53
21 11 32 11
21 12 26 13
21 23 26 24
22 22 33 22
22 42 27 43
23 31 25 34
23 49 26 51
23 56 26 58
24 8 35 8
24 26 35 26
25 18 36 18
25 21 36 21
25 25 36 25
26 1 27 6
26 20 37 20
26 29 31 30
26 52 31 53
27 12 30 14
27 16 32 17
27 23 32 24
27 38 38 38
27 49 30 51
27 54 38 54
28 1 33 2
28 3 39 3
28 5 33 6
28 28 39 28
28 32 39 32
28 41 33 42
28 43 39 43
28 57 39 57
29 27 40 27
29 47 40 47
29 58 40 58
30 19 41 19
30 56 41 56
31 12 33 15
31 33 36 34
31 40 42 40
31 49 34 51
31 55 42 55
32 48 43 48
33 4 44 4
33 9 36 11
33 17 44 17
33 35 36 37
33 52 38 53
34 5 37 7
34 12 36 15
34 22 37 24
34 29 45 29
34 41 39 42
35 1 46 1
35 2 46 2
35 16 46 16
36 30 47 30
36 45 47 45
36 49 47 49
37 8 40 10
37 11 40 13
37 14 42 15
37 18 48 18
37 33 48 33
37 34 42 35
37 44 48 44
37 46 48 46
38 5 41 7
38 20 43 21
38 22 43 23
38 24 49 24
39 37 42 39
39 52 44 53
40 41 43 43
41 8 52 8
41 10 52 10
41 25 43 28
41 54 52 54
41 57 52 57
42 7 53 7
43 13 48 14
43 15 54 15
43 19 54 19
43 31 54 31
43 32 54 32
43 34 45 37
43 38 48 39
43 58 54 58
44 11 55 11
44 20 55 20
44 21 47 23
44 25 55 25
44 26 49 27
44 40 47 42
45 4 56 4
45 9 56 9
45 50 47 53
45 55 56 55
46 0 57 0
46 28 51 29
46 36 51 37
46 47 51 48
47 3 58 3
47 34 52 35
48 1 59 1
48 40 53 41
48 49 53 50
48 51 59 51
48 52 53 53
49 5 54 6
49 16 60 16
49 21 54 22
49 42 54 43
49 44 54 45
49 46 60 46
50 17 61 17
50 23 55 24
51 13 56 14
51 26 62 26
51 38 56 39
52 28 55 30
52 36 57 37
52 47 63 47
53 56 58 57
54 10 65 10
54 12 65 12
54 40 59 41
54 52 57 54
55 5 60 6
55 18 60 19
55 31 66 31
55 32 66 32
55 34 66 34
55 43 66 43
55 45 66 45
55 50 66 50
56 20 67 20
56 23 61 24
56 27 67 27
56 28 59 30
56 42 67 42
57 35 68 35
57 44 68 44
57 55 68 55
58 13 63 14
58 21 63 22
58 38 63 39
58 54 69 54
59 2 70 2
59 3 70 3
59 8 70 8
59 11 70 11
59 52 64 53
60 0 71 0
60 1 71 1
60 28 71 28
60 40 71 40
60 41 71 41
60 59 71 59
61 4 66 5
61 15 72 15
61 18 66 19
61 29 72 29
62 17 73 17
62 37 73 37
62 46 73 46
62 56 65 58
63 7 74 7
63 24 66 26
64 6 75 6
64 33 75 33
64 36 75 36
65 9 76 9
65 21 76 21
65 38 70 39
65 48 76 48
65 51 76 51
66 10 77 10
66 12 71 13
66 30 77 30
66 49 77 49
66 56 71 57
67 4 72 5
67 24 72 25
67 50 78 50
67 52 72 53
68 42 73 43
69 14 80 14
69 18 72 20
69 34 80 34
69 55 80 55
70 22 81 22
70 31 75 32
71 2 76 3
71 23 82 23
71 26 82 26
71 47 82 47
72 0 77 1
72 44 83 44
72 57 75 59
73 4 84 4
73 15 84 15
73 25 84 25
73 27 78 28
73 53 78 54
74 12 85 12
74 16 85 16
74 17 79 18
74 29 85 29
74 35 85 35
74 37 75 42
74 43 85 43
75 11 86 11
75 45 80 46
75 52 86 52
76 6 81 7
76 8 87 8
76 19 87 19
76 24 87 24
76 31 81 32
76 36 79 38
77 13 88 13
77 39 88 39
77 51 88 51
78 0 81 2
78 9 83 10
78 20 83 21
78 41 89 41
78 56 80 59
79 33 90 33
79 53 84 54
80 3 91 3
80 30 91 30
80 36 85 37
81 34 92 34
81 38 92 38
81 45 86 46
81 57 92 57
81 59 92 59
82 0 85 2
82 6 87 7
82 14 93 14
82 56 93 56
83 17 94 17
83 23 94 23
83 26 94 26
83 47 88 48
83 55 94 55
84 9 95 9
84 21 95 21
84 27 89 28
84 32 95 32
85 53 96 53
85 54 96 54
86 0 89 2
86 15 91 16
86 22 97 22
86 42 97 42
86 43 97 43
87 10 90 12
87 35 92 36
87 46 98 46
88 6 99 6
88 7 93 8
88 18 93 19
88 49 99 49
88 58 99 58
89 13 100 13
89 25 100 25
89 29 100 29
89 39 94 40
89 51 100 51
90 0 95 1
90 28 101 28
90 44 95 45
90 52 101 52
91 2 102 2
91 47 96 48
92 3 103 3
92 10 97 11
92 15 103 15
92 24 103 24
92 50 103 50
93 31 104 31
93 33 96 35
93 36 96 38
93 41 104 41
94 4 105 4
94 7 99 8
94 16 105 16
94 18 97 20
94 56 99 57
95 23 106 23
95 40 106 40
96 9 107 9
96 17 107 17
96 21 107 21
97 0 102 1
97 30 108 30
97 33 98 38
97 44 108 44
97 53 100 55
98 10 103 11
98 18 109 18
98 19 103 20
98 22 109 22
99 32 101 35
99 36 110 36
99 37 102 39
99 43 110 43
99 46 110 46
99 48 110 48
99 59 110 59
100 5 102 8
100 26 105 27
100 49 111 49
101 12 104 14
101 47 112 47
101 53 104 55
102 28 107 29
102 32 113 32
102 33 113 33
102 34 113 34
102 52 113 52
102 56 113 56
102 57 113 57
103 5 108 6
103 25 114 25
103 35 114 35
103 37 108 38
104 0 106 3
104 20 115 20
104 51 115 51
105 7 116 7
105 41 110 42
105 54 110 55
106 4 117 4
106 11 117 11
106 12 117 12
106 13 108 16
106 31 117 31
107 0 110 2
107 53 118 53
108 17 119 17
108 21 119 21
108 23 119 23
108 28 119 28
108 29 119 29
108 39 119 39
109 5 120 5
109 6 120 6
109 14 112 16
109 38 120 38
109 44 114 45
110 8 113 10
110 18 121 18
110 26 121 26
111 0 114 2
111 19 122 19
111 27 122 27
111 42 116 43
111 48 122 48
111 59 122 59
112 37 123 37
112 46 123 46
112 49 123 49
112 54 117 55
113 13 115 16
114 8 117 10
114 41 125 41
114 56 117 58
115 1 120 2
115 25 126 25
115 33 118 35
115 44 120 45
116 0 127 0
116 13 127 13
116 14 121 15
116 50 121 51
116 52 127 52
117 32 128 32
117 40 128 40
118 7 119 12
118 20 129 20
118 36 129 36
118 54 121 56
119 30 130 30
119 33 122 35
120 7 123 9
120 10 131 10
120 11 131 11
120 12 131 12
120 16 125 17
120 21 131 21
120 31 131 31
121 1 124 3
121 5 132 5
121 28 126 29
121 38 126 39
121 43 124 45
121 57 126 58
122 26 133 26
122 53 127 54
122 55 127 56
123 14 128 15
123 19 134 19
123 33 128 34
124 42 135 42
124 46 125 51
124 59 135 59
125 1 136 1
125 2 136 2
125 37 136 37
125 44 130 45
126 3 131 4
126 6 129 8
126 23 131 24
126 43 137 43
126 46 137 46
126 47 129 49
126 50 131 51
127 16 138 16
127 27 130 29
127 38 132 39
127 41 138 41
128 0 139 0
128 53 130 56
128 57 133 58
129 13 134 14
129 34 134 35
129 40 140 40
130 7 133 9
130 15 141 15
130 20 141 20
130 25 141 25
130 47 133 49
131 18 142 18
131 28 136 29
131 53 134 55
132 3 143 3
132 10 137 11
132 12 143 12
132 21 143 21
132 22 143 22
132 27 143 27
132 30 137 31
133 4 138 5
133 17 144 17
133 50 144 50
134 7 137 9
134 38 145 38
134 47 145 47
134 48 145 48
134 56 139 57
135 13 146 13
135 23 146 23
135 33 137 36
135 44 140 45
135 52 140 53
135 54 146 54
135 58 146 58
136 55 147 55
137 2 148 2
137 28 142 29
137 59 148 59
138 6 140 9
138 10 143 11
138 30 143 31
138 34 149 34
138 35 141 37
138 46 149 46
139 16 150 16
139 41 142 43
140 14 151 14
140 19 151 19
140 32 145 33
141 0 152 0
141 6 143 9
141 40 152 40
141 44 152 44
141 56 152 56
142 4 147 5
142 15 153 15
142 25 147 26
142 35 153 35
143 18 154 18
143 28 148 29
144 1 155 1
144 6 155 6
144 7 155 7
144 10 147 12
144 20 147 22
144 27 155 27
144 31 155 31
144 37 155 37
145 3 156 3
145 9 156 9
145 41 156 41
146 47 147 52
147 8 158 8
147 33 158 33
147 39 158 39
147 53 158 53
147 57 152 58
148 4 153 5
148 21 153 22
148 23 151 25
148 42 159 42
148 48 153 49
148 50 153 51
149 10 160 10
149 28 160 28
149 29 154 30
150 11 155 12
150 20 161 20
150 46 161 46
151 34 162 34
151 55 162 55
152 19 163 19
152 24 157 25
153 45 164 45
153 56 164 56
153 57 158 58
154 2 165 2
154 14 159 15
154 51 165 51
155 4 166 4
155 23 166 23
155 29 166 29
155 49 166 49
155 50 166 50
155 54 166 54
156 1 167 1
156 5 161 6
156 11 161 12
156 17 167 17
156 22 167 22
156 26 161 27
156 30 161 31
156 35 161 36
156 37 167 37
156 40 167 40
156 47 167 47
158 13 169 13
158 16 169 16
158 41 169 41
159 7 164 8
159 24 164 25
159 43 170 43
159 52 164 53
159 58 170 58
159 59 170 59
160 14 171 14
161 33 172 33
161 38 166 39
162 5 167 6
162 9 167 10
162 11 167 12
162 20 167 21
162 27 167 28
162 30 167 31
162 36 173 36
162 46 173 46
162 57 173 57
163 34 168 35
165 24 168 26
165 45 176 45
165 48 176 48
165 52 176 52
165 56 176 56
167 2 172 3
167 7 172 8
167 23 178 23
167 44 178 44
167 49 178 49
167 50 178 50
168 1 179 1
168 18 173 19
168 22 179 22
168 27 170 30
168 31 173 32
168 37 179 37
168 38 171 40
168 47 179 47
168 55 179 55
169 4 172 6
169 10 172 12
170 41 175 42
171 15 176 16
171 26 173 29
171 53 176 54
171 58 176 59
173 2 174 7
173 8 178 9
173 11 175 14
173 24 178 25
174 18 177 20
174 26 175 31
174 32 179 33
174 34 177 36
175 2 178 4
175 5 178 7
176 10 178 13
176 27 179 29
176 41 179 43
177 14 179 17
177 51 179 54
177 56 179 59
4 53 15 53
30 0 41 0
49 33 60 33
133 39 144 39
141 45 152 45
146 32 157 32
153 43 158 44
172 38 175 40
10 56 21 56
42 5 47 6
76 40 87 40
132 51 143 51
176 38 179 40
12 8 23 8
102 58 113 58
47 2 58 2
113 47 123 47
148 52 158 52
166 51 176 51
8 59 18 59
82 31 92 31
145 17 155 17
154 48 164 48
160 15 170 15
35 50 44 50
149 59 158 59
143 42 147 43
158 32 167 32
84 20 93 20
95 26 99 27
126 17 130 18
141 52 145 53
17 5 25 5
72 38 73 41
76 56 77 59
131 44 134 45
178 18 179 21
58 36 61 37
67 45 74 45
106 26 109 27
117 42 120 43
37 25 40 26
124 6 125 9
148 47 155 47
159 44 166 44
2 49 8 49
56 25 62 25
103 8 109 8
40 3 46 3
140 57 146 57
12 11 17 11
67 31 69 32
93 59 98 59
123 35 128 35
139 4 141 5
148 54 150 55
50 27 55 27
73 19 75 20
84 44 89 44
100 56 101 58
45 17 49 17
69 35 73 35
135 19 139 19
148 43 152 43
149 2 153 2
0 7 3 7
3 55 6 55
30 7 33 7
42 0 45 0
44 47 45 48
67 18 68 19
16 53 19 53
127 25 129 25
