767
0 1 2 4
0 6 11 6
0 8 11 8
0 9 5 10
0 11 11 11
0 12 2 15
0 16 1 21
0 22 5 23
0 24 11 24
0 25 11 25
0 26 5 27
0 28 1 33
0 34 3 36
0 37 1 42
0 43 5 44
0 45 1 50
0 51 1 56
0 57 3 59
2 16 3 21
2 28 13 28
2 37 5 39
2 41 13 41
2 45 5 47
2 50 7 51
2 52 7 53
3 1 5 4
3 13 14 13
3 33 14 33
3 48 14 48
3 54 14 54
4 7 15 7
4 14 6 17
4 18 15 18
4 21 15 21
4 32 15 32
4 35 9 36
4 56 9 57
5 5 16 5
5 34 16 34
6 0 17 0
6 1 11 2
6 9 17 9
6 10 17 10
6 12 17 12
6 19 17 19
6 22 17 22
6 29 17 29
6 37 11 38
6 42 11 43
6 46 11 47
6 58 17 58
7 14 10 16
7 44 12 45
7 55 18 55
8 31 19 31
8 51 19 51
8 52 13 53
9 23 20 23
9 26 14 27
9 49 14 50
10 57 21 57
11 35 16 36
11 40 22 40
12 4 23 4
12 16 17 17
12 25 23 25
12 30 23 30
12 37 15 39
12 42 17 43
12 47 23 47
13 6 24 6
13 44 18 45
14 1 19 2
14 20 25 20
14 28 25 28
14 46 25 46
15 33 26 33
15 52 18 54
16 37 27 37
16 41 27 41
17 14 22 15
17 24 28 24
17 34 28 34
17 49 22 50
18 0 29 0
18 7 29 7
18 10 29 10
18 11 21 13
18 17 23 18
18 19 29 19
18 21 23 22
18 35 29 35
18 58 29 58
19 9 30 9
19 36 30 36
19 42 22 44
19 52 24 53
19 54 30 54
19 55 30 55
19 59 30 59
20 2 25 3
20 39 31 39
20 48 31 48
22 11 33 11
23 12 28 13
23 15 28 16
23 42 28 43
23 49 26 51
24 8 35 8
24 18 35 18
24 25 35 25
24 26 35 26
25 21 36 21
25 56 36 56
26 1 27 6
26 20 37 20
26 23 37 23
26 29 31 30
26 52 31 53
27 38 38 38
27 49 30 51
28 1 33 2
28 3 33 4
28 5 33 6
28 22 39 22
28 28 39 28
28 32 39 32
28 57 39 57
29 12 31 15
29 16 34 17
29 24 40 24
29 27 40 27
29 40 34 41
29 42 40 42
29 43 40 43
29 47 40 47
30 19 41 19
31 33 36 34
31 49 34 51
31 55 42 55
31 58 36 59
32 12 34 15
32 48 43 48
33 35 36 37
33 52 38 53
34 0 35 5
34 6 45 6
34 9 39 10
34 29 45 29
35 11 37 14
35 16 46 16
35 41 46 41
35 54 46 54
36 1 41 2
36 4 47 4
36 17 41 18
36 30 47 30
36 45 47 45
36 49 47 49
37 7 48 7
37 33 48 33
37 34 40 36
37 44 48 44
37 46 48 46
38 11 40 14
38 15 49 15
38 20 43 21
38 23 49 23
38 40 49 40
39 37 42 39
39 52 44 53
40 8 45 9
40 10 51 10
40 56 42 59
41 12 44 14
41 24 52 24
41 25 43 28
41 34 46 35
42 1 47 2
43 19 54 19
43 31 54 31
43 32 54 32
43 36 48 37
43 38 48 39
43 55 45 58
44 11 55 11
44 20 55 20
44 21 49 22
44 25 55 25
44 26 49 27
45 13 56 13
45 42 56 42
45 50 47 53
46 0 57 0
46 9 57 9
46 28 51 29
46 47 51 48
46 57 57 57
47 3 58 3
47 34 52 35
47 54 58 54
47 55 58 55
48 1 59 1
48 16 51 18
48 49 53 50
48 51 59 51
48 52 53 53
49 5 54 6
49 36 51 39
49 41 60 41
49 44 60 44
49 45 54 46
50 4 61 4
50 21 53 23
51 26 62 26
52 10 63 10
52 15 57 16
52 17 63 17
52 28 55 30
52 36 57 37
52 43 63 43
52 47 63 47
53 24 64 24
53 38 56 40
54 12 65 12
54 21 59 22
54 52 59 53
55 5 66 5
55 18 60 19
55 31 66 31
55 32 66 32
55 34 66 34
55 45 66 45
55 50 66 50
56 20 67 20
56 27 58 30
56 56 67 56
57 35 68 35
57 40 68 40
57 42 68 42
57 46 68 46
58 13 63 14
58 38 63 39
59 2 70 2
59 3 70 3
59 6 64 7
59 8 70 8
59 11 70 11
59 27 62 29
59 54 70 54
60 0 71 0
60 1 71 1
60 21 65 22
60 53 71 53
60 55 71 55
60 59 71 59
61 15 72 15
61 18 66 19
61 41 72 41
61 44 72 44
62 37 73 37
62 57 67 58
63 25 65 28
63 29 68 30
64 9 69 10
64 33 75 33
64 36 75 36
64 43 75 43
65 6 70 7
65 38 70 39
65 48 76 48
65 51 76 51
66 12 71 13
66 24 71 25
66 26 69 28
66 49 77 49
67 4 72 5
67 21 78 21
67 50 78 50
67 52 78 52
68 57 79 57
69 14 80 14
69 16 71 19
69 20 80 20
69 29 74 30
69 34 80 34
69 40 80 40
69 45 72 47
70 9 81 9
70 22 81 22
70 26 73 28
70 31 75 32
71 2 76 3
71 7 82 7
71 10 82 10
71 23 82 23
72 0 77 1
72 6 83 6
72 16 75 18
72 25 83 25
72 53 74 56
72 59 83 59
73 4 78 5
73 15 84 15
73 41 78 42
73 44 76 46
74 12 85 12
74 26 85 26
74 35 85 35
75 11 86 11
75 27 80 28
75 29 80 30
75 53 78 55
76 8 87 8
76 16 81 17
76 19 87 19
76 24 87 24
76 31 81 32
76 36 79 38
76 43 87 43
77 13 88 13
77 39 88 39
77 45 88 45
77 46 80 48
77 51 88 51
78 0 80 3
79 33 90 33
79 53 84 54
79 56 90 56
80 36 85 37
80 41 85 42
80 57 91 57
81 1 92 1
81 2 92 2
81 3 92 3
81 28 86 29
81 30 92 30
81 34 92 34
81 38 92 38
81 46 83 49
82 14 93 14
82 16 87 17
82 52 93 52
83 9 94 9
83 21 86 23
83 55 94 55
84 4 86 7
84 32 95 32
84 46 95 46
84 47 95 47
84 59 95 59
85 53 96 53
85 54 96 54
86 26 97 26
86 40 91 41
86 42 97 42
87 10 90 12
87 23 98 23
87 35 92 36
88 6 99 6
88 7 93 8
88 17 89 22
88 27 93 28
88 43 99 43
88 49 99 49
88 58 99 58
89 13 100 13
89 25 100 25
89 29 100 29
89 39 100 39
89 51 100 51
90 15 93 17
90 21 101 21
90 44 95 45
91 18 96 19
92 10 103 10
92 11 103 11
92 24 103 24
92 40 103 40
92 50 103 50
92 56 97 57
93 0 95 3
93 31 104 31
93 33 96 35
93 36 96 38
93 41 104 41
94 4 105 4
94 7 99 8
94 14 97 16
94 17 105 17
94 27 99 28
94 52 105 52
95 9 106 9
96 0 98 3
96 20 107 20
96 44 99 46
97 18 102 19
97 30 108 30
97 33 98 38
97 53 100 55
98 16 109 16
98 22 109 22
99 1 104 2
99 32 101 35
99 36 104 37
99 48 110 48
99 59 110 59
100 5 102 8
100 26 105 27
100 38 111 38
100 44 105 45
100 49 111 49
101 12 103 15
101 28 106 29
101 42 106 43
101 47 112 47
101 53 106 54
102 21 113 21
102 32 113 32
102 33 113 33
102 34 113 34
102 55 107 56
102 57 113 57
103 5 108 6
103 19 114 19
103 25 114 25
103 35 114 35
104 13 115 13
104 23 109 24
104 51 115 51
105 3 116 3
105 7 116 7
105 46 116 46
106 1 111 2
106 4 117 4
106 11 117 11
106 12 117 12
106 31 117 31
107 17 118 17
107 28 118 28
107 29 118 29
107 39 109 42
107 43 110 45
107 53 118 53
108 0 119 0
108 18 119 18
109 5 120 5
109 6 120 6
110 8 113 10
110 14 113 16
110 23 121 23
110 26 121 26
110 39 121 39
111 27 122 27
111 42 116 43
111 48 122 48
111 59 122 59
112 1 117 2
112 36 115 38
112 44 117 45
112 49 123 49
112 54 117 55
114 8 117 10
114 14 117 16
114 21 119 22
114 41 125 41
114 56 117 58
115 19 120 20
115 25 126 25
115 33 120 34
116 13 127 13
116 37 121 38
116 50 121 51
116 52 127 52
117 32 128 32
117 35 122 36
117 40 128 40
118 7 120 10
118 12 129 12
118 14 121 16
118 44 129 44
118 45 121 47
118 54 121 56
119 1 124 2
119 11 130 11
119 30 130 30
120 17 125 18
120 21 131 21
120 31 131 31
121 5 132 5
121 6 124 8
121 10 132 10
121 20 132 20
121 28 126 29
121 57 126 58
122 3 133 3
122 26 133 26
122 38 133 38
122 45 127 46
122 53 127 54
122 55 127 56
123 14 128 15
123 19 134 19
123 33 128 34
123 36 134 36
123 39 134 39
124 42 135 42
124 48 126 51
124 59 135 59
125 0 128 2
125 37 136 37
125 47 136 47
126 4 137 4
126 6 128 9
126 23 131 24
126 43 137 43
127 16 132 17
127 27 130 29
127 41 138 41
127 48 132 49
127 50 138 50
128 45 139 45
128 46 139 46
128 51 130 54
128 55 133 56
128 57 133 58
129 0 140 0
129 1 134 2
129 7 134 8
129 13 134 14
129 34 134 35
129 40 140 40
130 9 141 9
130 12 141 12
130 15 141 15
130 25 141 25
131 18 142 18
131 28 136 29
131 54 142 54
132 21 143 21
132 22 143 22
132 27 143 27
132 30 135 32
132 51 135 53
133 5 138 6
133 17 144 17
133 48 144 48
134 10 139 11
134 16 145 16
134 38 145 38
134 56 137 58
135 1 140 2
135 7 140 8
135 13 146 13
135 20 146 20
135 23 146 23
135 33 137 36
136 55 147 55
137 28 139 31
137 44 148 44
137 59 148 59
138 34 149 34
138 35 149 35
138 51 141 53
138 56 141 58
139 36 144 37
139 41 142 43
139 50 150 50
140 14 151 14
140 19 151 19
140 28 142 31
140 32 145 33
140 45 143 47
141 0 146 1
141 7 152 7
141 40 152 40
142 4 145 6
142 8 145 10
142 11 153 11
142 15 153 15
142 25 147 26
142 56 153 56
143 18 154 18
143 28 146 30
143 31 154 31
144 22 155 22
144 27 155 27
144 45 149 46
145 3 156 3
145 41 156 41
145 53 150 54
146 4 149 6
146 9 157 9
146 51 151 52
147 8 158 8
147 33 158 33
147 39 158 39
147 47 150 49
147 57 152 58
148 2 159 2
148 23 151 25
148 42 159 42
149 10 160 10
149 28 160 28
149 29 154 30
150 1 161 1
150 6 161 6
150 20 155 21
150 34 155 35
150 44 155 45
150 46 161 46
151 5 162 5
151 53 162 53
151 55 162 55
152 19 163 19
152 24 157 25
152 37 163 37
153 4 164 4
153 51 164 51
153 57 156 59
154 7 165 7
154 11 159 12
154 14 159 15
155 23 166 23
155 29 158 31
155 49 160 50
155 54 166 54
156 17 167 17
156 22 167 22
156 26 161 27
156 34 167 34
156 35 161 36
156 40 167 40
156 45 167 45
156 47 167 47
157 56 160 58
158 13 169 13
158 16 169 16
158 41 169 41
159 8 170 8
159 24 164 25
159 29 170 29
159 31 170 31
159 43 170 43
159 59 170 59
160 2 165 3
160 11 165 12
160 14 171 14
160 52 171 52
161 33 172 33
161 38 166 39
161 48 166 49
161 58 172 58
162 0 167 1
162 9 173 9
162 20 167 21
162 27 167 28
162 36 173 36
162 46 173 46
162 57 173 57
163 5 174 5
163 35 174 35
163 50 174 50
165 24 170 25
165 56 176 56
166 11 171 12
167 2 172 3
167 23 178 23
167 37 178 37
167 44 178 44
167 48 172 49
168 1 179 1
168 18 173 19
168 22 179 22
168 27 179 27
168 38 171 40
168 47 179 47
168 55 179 55
170 41 175 42
171 15 176 16
171 29 176 30
171 31 176 32
171 53 176 54
172 10 174 13
173 3 178 4
173 7 178 8
173 24 178 25
173 48 178 49
173 58 178 59
174 18 177 20
175 9 176 14
176 41 179 43
177 10 178 15
177 51 179 54
178 16 179 21
179 28 179 39
4 59 15 59
12 56 23 56
42 17 47 18
49 33 60 33
108 54 111 56
139 3 141 6
146 16 157 16
146 32 157 32
151 47 153 50
159 32 170 32
165 51 176 51
172 38 175 40
77 44 88 44
135 39 146 39
36 5 47 5
117 42 122 43
12 8 23 8
102 58 113 58
146 43 157 43
41 43 51 43
82 31 92 31
36 3 46 3
145 17 155 17
156 44 166 44
160 15 170 15
161 10 171 10
168 28 178 28
48 2 58 2
35 50 44 50
60 51 64 52
106 52 115 52
36 25 40 26
142 57 146 58
36 0 45 0
71 38 75 39
17 5 25 5
176 38 178 40
142 51 144 53
90 22 97 22
58 36 61 37
67 16 68 19
106 26 109 27
152 52 159 52
98 56 101 57
2 49 8 49
56 25 62 25
103 8 109 8
130 44 136 44
141 2 147 2
30 7 36 7
81 20 87 20
154 48 160 48
12 11 17 11
67 31 69 32
90 20 95 20
123 35 128 35
50 27 55 27
136 51 137 53
147 20 149 21
69 35 73 35
126 18 130 18
135 19 139 19
2 55 6 55
0 7 3 7
44 47 45 48
72 19 75 19
75 56 78 56
125 6 125 9
3 12 5 12
122 14 122 16
127 25 129 25
