784
0 1 3 3
0 4 11 4
0 6 11 6
0 8 11 8
0 9 5 10
0 11 11 11
0 12 2 15
0 16 1 21
0 22 0 33
0 34 3 36
0 37 1 42
0 43 5 44
0 45 1 50
0 51 3 53
0 54 1 59
1 23 6 24
1 25 12 25
1 26 4 28
1 29 4 31
2 16 3 21
2 37 5 39
2 41 13 41
2 45 5 47
2 57 13 57
2 58 7 59
3 13 14 13
3 33 14 33
3 48 14 48
3 54 14 54
4 1 9 2
4 7 15 7
4 14 6 17
4 18 15 18
4 21 15 21
4 32 15 32
4 35 9 36
4 50 6 53
5 5 16 5
5 22 16 22
5 26 8 28
5 34 16 34
6 0 17 0
6 9 17 9
6 10 17 10
6 12 17 12
6 19 17 19
6 29 17 29
6 37 8 40
6 42 11 43
6 46 11 47
7 14 10 16
7 24 18 24
7 44 12 45
7 51 18 51
7 55 18 55
8 31 19 31
8 52 19 52
8 58 19 58
9 23 20 23
9 26 20 26
9 27 14 28
9 49 14 50
10 35 11 40
12 4 23 4
12 16 17 17
12 30 23 30
12 35 15 37
12 40 23 40
12 42 23 42
12 47 23 47
13 6 24 6
13 25 24 25
13 43 15 46
14 1 19 2
14 20 25 20
14 57 25 57
15 33 26 33
15 54 26 54
16 28 27 28
16 35 19 37
16 41 27 41
16 43 18 46
17 14 22 15
17 34 28 34
17 49 22 50
18 0 29 0
18 7 29 7
18 10 29 10
18 11 21 13
18 17 23 18
18 19 29 19
18 21 23 22
19 9 30 9
19 43 22 45
19 55 30 55
19 59 30 59
20 2 25 3
20 35 25 36
20 37 25 38
20 39 31 39
20 48 31 48
20 52 31 52
20 53 31 53
21 23 26 24
22 11 33 11
23 12 28 13
23 15 28 16
23 43 34 43
23 49 26 51
24 8 35 8
24 18 35 18
24 26 35 26
24 42 35 42
25 21 36 21
25 25 36 25
25 56 36 56
26 1 31 2
26 3 29 5
26 20 37 20
26 29 31 30
26 35 29 37
27 23 32 24
27 38 38 38
27 49 30 51
27 54 38 54
28 22 39 22
28 28 39 28
28 32 39 32
28 57 39 57
29 6 40 6
29 12 31 15
29 16 34 17
29 27 40 27
29 40 34 41
29 47 40 47
29 58 40 58
30 3 41 3
30 19 41 19
30 35 35 36
31 33 36 34
31 49 34 51
31 55 42 55
32 4 37 5
32 12 34 15
32 48 43 48
33 1 44 1
33 52 38 53
34 9 37 11
34 29 45 29
35 2 46 2
35 12 37 15
35 16 46 16
35 23 40 24
35 41 46 41
35 43 40 44
36 17 41 18
36 30 47 30
36 35 39 37
36 45 47 45
36 49 39 51
37 7 48 7
37 33 48 33
37 46 48 46
38 8 43 9
38 11 43 12
38 13 41 15
38 20 43 21
38 40 49 40
39 10 50 10
39 52 42 54
40 34 43 36
40 37 45 38
40 49 51 49
41 4 46 5
41 22 42 27
41 42 44 44
41 57 52 57
42 13 47 14
42 15 53 15
43 19 54 19
43 23 48 24
43 26 54 26
43 31 54 31
43 32 54 32
43 39 54 39
43 50 45 53
43 54 54 54
43 58 54 58
44 11 55 11
44 20 55 20
44 21 49 22
44 25 55 25
45 9 56 9
45 35 56 35
45 42 56 42
45 55 56 55
46 0 57 0
46 27 49 29
46 36 51 37
46 44 57 44
46 47 51 48
46 50 48 53
47 3 58 3
48 1 59 1
48 16 51 18
49 5 54 6
49 23 54 24
49 33 54 34
49 41 60 41
49 45 54 46
49 50 54 51
49 52 60 52
50 4 61 4
50 21 55 22
50 28 55 29
51 10 62 10
51 13 56 14
52 17 63 17
52 36 57 37
52 43 63 43
52 47 63 47
53 56 58 57
54 12 65 12
54 16 65 16
55 5 66 5
55 18 60 19
55 30 60 31
55 32 66 32
55 34 66 34
55 40 66 40
55 45 66 45
55 50 66 50
55 51 66 51
56 20 67 20
56 23 61 24
56 25 59 27
57 6 59 9
57 28 62 29
57 35 68 35
57 42 68 42
57 46 68 46
57 54 62 55
58 13 63 14
58 21 63 22
58 38 63 39
58 44 69 44
59 2 70 2
59 3 70 3
59 11 70 11
60 0 71 0
60 1 71 1
60 8 71 8
60 53 71 53
60 59 71 59
61 15 72 15
61 18 66 19
61 31 72 31
61 41 72 41
62 23 64 26
62 37 73 37
62 56 65 58
63 7 74 7
63 9 68 10
63 28 66 30
63 54 74 54
63 55 74 55
64 6 75 6
64 33 75 33
64 36 75 36
64 43 75 43
65 21 76 21
65 25 76 25
65 26 76 26
65 38 70 39
65 48 76 48
66 12 71 13
66 49 77 49
66 56 71 57
67 4 72 5
67 27 70 29
67 50 72 51
67 52 78 52
68 40 79 40
69 9 74 10
69 14 80 14
69 16 71 19
69 20 80 20
69 34 80 34
69 45 72 47
70 22 81 22
70 23 75 24
71 2 76 3
71 28 74 30
72 0 77 1
72 16 75 18
72 32 83 32
72 44 83 44
72 57 77 58
72 59 83 59
73 4 78 5
73 15 84 15
73 41 78 42
73 45 78 46
73 51 84 51
74 12 85 12
74 35 85 35
75 7 78 9
75 10 80 11
75 27 80 28
75 29 80 30
75 53 78 55
76 16 81 17
76 19 87 19
76 24 87 24
76 36 78 39
76 43 87 43
77 13 88 13
77 25 82 26
77 47 82 48
78 0 81 2
78 57 89 57
79 5 84 6
79 33 90 33
79 46 90 46
79 53 82 55
79 56 90 56
80 3 91 3
80 36 81 41
81 8 83 11
81 23 92 23
81 28 86 29
81 30 92 30
81 34 92 34
82 0 85 2
82 14 93 14
82 16 87 17
82 36 84 39
82 41 87 42
82 52 93 52
83 21 94 21
83 26 94 26
83 47 88 48
83 53 94 53
83 54 94 54
83 55 94 55
84 7 87 9
84 32 95 32
84 59 95 59
85 4 88 6
85 36 88 38
85 39 90 40
85 44 90 45
85 51 96 51
86 0 89 2
86 10 91 11
86 22 97 22
87 35 98 35
88 7 93 8
88 18 93 19
88 27 93 28
88 41 93 42
88 43 99 43
88 49 99 49
88 58 99 58
89 6 100 6
89 12 94 13
89 25 100 25
89 29 100 29
90 0 93 2
90 15 93 17
90 37 95 38
90 57 101 57
91 39 96 40
91 44 102 44
91 46 102 46
91 47 96 48
92 3 103 3
92 10 103 10
92 11 103 11
92 24 103 24
92 50 103 50
93 23 104 23
93 31 104 31
94 0 97 2
94 4 105 4
94 7 97 9
94 14 95 19
94 27 99 28
94 36 105 36
94 41 105 41
94 52 105 52
95 21 106 21
95 33 100 34
95 42 106 42
95 53 106 53
96 12 97 17
96 18 99 20
96 54 101 55
97 30 108 30
97 39 102 40
98 0 101 2
98 7 103 8
98 9 109 9
98 12 99 17
98 22 109 22
98 37 103 38
98 51 109 51
99 48 110 48
99 59 110 59
100 12 103 14
100 15 102 18
100 20 111 20
100 26 105 27
100 35 111 35
100 49 111 49
101 5 106 6
101 28 106 29
101 32 104 34
101 47 112 47
102 2 113 2
102 54 104 57
103 16 108 17
103 19 114 19
103 25 114 25
103 44 108 45
104 1 115 1
104 13 115 13
104 37 106 40
105 3 116 3
105 7 116 7
105 32 108 34
105 46 116 46
105 54 110 55
105 56 110 57
106 4 117 4
106 11 117 11
106 12 117 12
106 31 117 31
107 5 112 6
107 21 118 21
107 28 118 28
107 29 118 29
107 37 108 42
107 53 118 53
108 0 119 0
108 18 119 18
108 23 119 23
109 14 112 16
109 32 114 33
109 38 120 38
109 39 120 39
109 40 110 45
110 8 113 10
110 17 121 17
110 26 121 26
110 50 113 52
111 27 122 27
111 42 116 43
111 48 122 48
111 57 116 58
111 59 122 59
112 34 115 36
112 37 123 37
112 44 117 45
112 49 123 49
112 54 117 55
113 5 124 5
113 6 124 6
113 14 116 16
114 8 117 10
114 41 125 41
114 51 119 52
115 19 126 19
115 25 126 25
116 1 127 1
116 13 127 13
116 32 118 35
117 40 128 40
117 56 120 58
118 7 120 10
118 12 129 12
118 14 121 16
118 20 129 20
118 36 129 36
118 44 123 45
119 11 130 11
119 30 130 30
119 33 124 34
119 50 130 50
119 53 122 55
120 2 131 2
120 21 131 21
120 31 131 31
120 52 131 52
121 7 132 7
121 8 124 10
121 28 126 29
121 38 126 39
121 57 126 58
122 3 133 3
122 15 125 17
122 26 133 26
122 46 127 47
123 32 134 32
123 54 126 56
124 42 135 42
124 44 135 44
124 45 135 45
124 48 135 48
124 59 135 59
125 4 128 6
125 14 136 14
125 33 128 35
125 37 136 37
126 15 131 16
126 23 131 24
126 43 137 43
127 8 130 10
127 19 138 19
127 27 130 29
127 38 132 39
127 41 138 41
127 53 130 55
127 56 138 56
128 0 133 1
128 46 139 46
128 57 133 58
129 4 134 5
129 34 134 35
129 40 140 40
129 47 140 47
130 12 141 12
130 13 141 13
130 20 141 20
130 25 141 25
131 8 134 10
131 18 142 18
131 28 136 29
131 49 134 51
131 53 134 55
132 21 143 21
132 22 143 22
132 27 143 27
132 30 137 31
133 2 144 2
133 15 136 17
134 0 139 1
134 11 145 11
134 38 145 38
135 3 140 4
135 6 137 9
135 23 146 23
135 33 137 36
135 49 136 54
135 57 140 58
136 45 147 45
136 48 147 48
136 55 147 55
137 14 140 16
137 28 142 29
137 44 148 44
137 49 140 51
137 52 140 54
137 59 148 59
138 5 139 10
138 30 143 31
138 34 141 36
139 41 142 43
140 6 142 9
140 19 151 19
140 32 145 33
141 0 152 0
141 14 152 14
141 15 152 15
141 16 146 17
141 37 152 37
141 40 152 40
141 49 142 54
141 56 152 56
142 4 147 5
142 25 147 26
142 34 153 34
142 35 153 35
142 46 153 46
143 6 148 7
143 9 154 9
143 12 148 13
143 18 154 18
143 28 148 29
143 49 148 50
144 1 155 1
144 20 147 22
144 27 155 27
144 31 155 31
145 3 156 3
145 41 156 41
145 53 150 54
146 51 151 52
147 8 158 8
147 33 158 33
147 39 158 39
147 57 152 58
148 2 159 2
148 4 153 5
148 21 153 22
148 23 151 25
148 42 159 42
149 6 154 7
149 10 160 10
149 28 160 28
149 29 154 30
149 44 154 45
149 47 151 50
150 11 155 12
150 20 161 20
151 53 162 53
151 55 162 55
152 19 163 19
152 24 157 25
153 15 164 15
153 51 164 51
153 56 164 56
153 57 158 58
154 34 159 35
154 37 165 37
155 4 166 4
155 23 166 23
155 29 166 29
155 43 157 46
155 49 160 50
155 54 166 54
156 1 167 1
156 5 159 7
156 11 161 12
156 13 161 14
156 17 167 17
156 22 167 22
156 26 161 27
156 30 161 31
156 40 167 40
156 47 167 47
157 36 168 36
158 16 169 16
158 41 169 41
159 8 170 8
159 24 164 25
159 43 170 43
159 44 164 45
159 46 170 46
159 58 170 58
159 59 170 59
160 2 165 3
160 5 171 5
160 34 171 34
160 35 171 35
160 52 171 52
161 33 172 33
161 38 166 39
161 48 166 49
162 9 163 14
162 20 167 21
162 27 167 28
162 30 167 31
162 57 173 57
163 50 174 50
164 9 165 14
165 6 170 7
165 24 170 25
165 45 176 45
165 56 176 56
166 11 171 12
167 2 178 2
167 13 172 14
167 23 178 23
167 37 178 37
167 44 178 44
167 48 172 49
168 1 179 1
168 3 173 4
168 18 173 19
168 22 179 22
168 27 170 30
168 31 173 32
168 38 171 40
168 47 179 47
168 55 179 55
170 41 175 42
171 7 173 10
171 15 176 16
171 26 173 29
171 53 176 54
171 58 176 59
172 5 177 6
172 34 175 36
173 11 175 14
173 24 178 25
173 48 178 49
174 7 179 8
174 18 177 20
174 26 175 31
174 32 179 33
176 10 178 13
176 27 179 29
176 41 179 43
177 14 179 17
177 51 179 54
177 56 179 59
3 56 14 56
30 0 41 0
42 17 47 18
46 38 57 38
74 31 85 31
133 39 144 39
146 32 157 32
147 16 152 17
165 51 176 51
172 38 175 40
7 53 18 53
81 20 92 20
152 47 154 50
176 38 179 40
117 42 122 43
141 57 146 58
12 8 23 8
47 2 58 2
143 43 154 43
120 18 130 18
8 59 18 59
91 56 101 56
120 51 130 51
100 58 110 58
117 46 121 47
149 59 158 59
160 6 164 7
158 32 167 32
166 9 170 10
15 56 24 56
71 38 75 39
17 5 25 5
55 33 63 33
141 47 148 47
178 18 179 21
58 36 61 37
67 16 68 19
106 26 109 27
152 52 159 52
37 25 40 26
143 51 144 54
2 49 8 49
72 56 78 56
86 31 92 31
126 17 132 17
30 7 36 7
45 43 51 43
12 11 17 11
38 4 40 5
47 4 48 6
60 25 61 27
83 25 88 25
104 8 109 8
112 20 117 20
119 35 124 35
153 16 155 17
50 27 55 27
61 52 66 52
88 15 89 17
125 8 126 10
155 48 160 48
165 15 170 15
44 34 48 34
69 35 73 35
95 26 99 26
2 55 6 55
42 3 46 3
0 7 3 7
30 4 31 5
42 0 45 0
44 47 45 48
72 19 75 19
141 3 144 3
158 43 158 46
3 12 5 12
122 14 124 14
127 25 129 25
