785
0 1 3 3
0 4 11 4
0 6 11 6
0 8 11 8
0 9 5 10
0 11 1 16
0 17 2 20
0 21 0 32
0 33 0 44
0 45 1 50
0 51 3 53
0 54 1 59
1 21 12 21
1 23 6 24
1 25 12 25
1 26 4 28
1 29 6 30
1 31 2 36
1 37 4 39
1 40 3 43
2 11 13 11
2 12 4 15
2 44 5 46
2 47 7 48
2 57 13 57
2 58 7 59
3 16 14 16
3 17 6 19
3 31 4 36
3 54 14 54
4 1 9 2
4 7 15 7
4 41 15 41
4 42 9 43
4 50 6 53
5 5 16 5
5 13 16 13
5 22 16 22
5 26 8 28
5 31 7 34
5 35 10 36
5 37 16 37
5 38 16 38
6 0 17 0
6 9 17 9
6 10 17 10
6 12 17 12
7 17 12 18
7 19 18 19
7 24 18 24
7 29 18 29
7 44 12 45
7 51 18 51
7 55 18 55
8 31 19 31
8 32 19 32
8 34 19 34
8 46 19 46
8 47 13 48
8 52 13 53
8 58 19 58
9 23 20 23
9 26 20 26
9 27 14 28
9 49 20 49
10 42 21 42
10 43 21 43
11 33 22 33
11 35 16 36
11 40 22 40
12 4 23 4
12 30 23 30
13 6 24 6
13 21 24 21
13 25 24 25
13 44 18 45
14 1 19 2
14 20 25 20
14 47 25 47
14 57 25 57
15 14 17 17
15 52 18 54
16 28 27 28
16 41 27 41
17 37 28 37
18 0 29 0
18 7 29 7
18 10 29 10
18 11 19 16
18 17 23 18
18 35 29 35
19 9 30 9
19 36 30 36
19 44 24 45
19 50 24 51
19 52 24 53
19 54 30 54
19 55 30 55
19 59 30 59
20 2 25 3
20 11 31 11
20 12 25 13
20 14 31 14
20 15 31 15
20 19 31 19
20 39 31 39
20 48 31 48
21 23 26 24
22 22 33 22
22 42 27 43
23 31 25 34
24 8 35 8
24 18 35 18
24 26 35 26
25 21 36 21
25 25 36 25
25 49 30 50
25 51 28 53
25 56 36 56
26 1 27 6
26 20 37 20
26 29 31 30
27 16 32 17
27 23 32 24
27 38 38 38
28 1 33 2
28 3 39 3
28 5 33 6
28 28 39 28
28 32 39 32
28 41 33 42
28 43 39 43
28 57 39 57
29 27 40 27
29 47 40 47
29 52 34 53
29 58 40 58
30 12 35 13
31 33 36 34
31 40 42 40
31 49 34 51
31 55 42 55
32 9 35 11
32 14 43 14
32 48 43 48
33 4 44 4
33 17 44 17
33 35 36 37
34 5 39 6
34 22 37 24
34 29 45 29
34 41 39 42
35 1 46 1
35 2 46 2
35 16 46 16
35 51 38 53
35 54 46 54
36 7 38 10
36 11 39 13
36 18 41 19
36 30 47 30
36 45 47 45
36 49 47 49
37 33 48 33
37 34 42 35
37 44 48 44
37 46 48 46
38 15 49 15
38 20 43 21
38 22 43 23
38 24 49 24
39 7 41 10
39 37 42 39
39 52 44 53
40 41 43 43
41 25 43 28
41 57 52 57
42 6 44 9
43 19 54 19
43 31 54 31
43 32 54 32
43 34 45 37
43 38 48 39
43 58 54 58
44 10 49 11
44 12 47 14
44 20 46 23
44 25 46 28
44 40 47 42
45 4 46 9
45 50 47 53
45 55 56 55
46 0 57 0
46 36 51 37
46 47 51 48
47 3 58 3
47 5 50 7
47 8 52 9
47 20 50 22
47 25 52 26
47 27 52 28
47 34 52 35
47 54 58 54
48 1 59 1
48 16 51 18
48 29 53 30
48 40 53 41
48 49 53 50
48 51 59 51
48 52 53 53
49 42 54 43
49 44 60 44
49 45 54 46
50 4 61 4
50 10 53 12
50 23 55 24
51 5 62 5
51 13 56 14
51 20 62 20
51 21 62 21
51 38 56 39
52 6 63 6
52 15 54 18
52 36 57 37
52 47 63 47
53 25 55 28
53 56 58 57
54 8 59 9
54 10 65 10
54 11 59 12
54 40 59 41
54 52 59 53
55 16 60 17
55 18 60 19
55 30 60 31
55 32 66 32
55 34 66 34
55 43 66 43
55 45 66 45
55 50 66 50
56 23 61 24
56 25 59 27
56 42 67 42
57 28 62 29
57 35 68 35
57 46 68 46
57 55 68 55
58 13 63 14
58 38 63 39
59 2 70 2
59 3 70 3
59 54 70 54
60 0 71 0
60 1 71 1
60 8 71 8
60 40 71 40
60 41 71 41
60 53 71 53
60 59 71 59
61 15 72 15
61 16 64 18
61 19 72 19
61 31 72 31
61 44 72 44
62 11 73 11
62 23 64 26
62 37 73 37
62 56 65 58
63 4 68 5
63 7 74 7
63 28 66 30
64 6 75 6
64 20 75 20
64 33 75 33
64 36 75 36
65 9 76 9
65 16 68 18
65 21 68 23
65 25 70 26
65 38 70 39
65 48 76 48
65 51 76 51
66 10 77 10
66 12 71 13
66 49 77 49
66 56 71 57
67 27 70 29
67 50 78 50
67 52 78 52
68 42 73 43
69 14 80 14
69 16 72 18
69 34 80 34
69 45 72 47
69 55 80 55
70 22 81 22
70 23 75 24
71 2 76 3
71 25 72 30
72 0 83 0
72 32 83 32
72 57 75 59
73 4 84 4
73 15 84 15
73 16 76 18
73 25 78 26
73 27 78 28
73 29 78 30
73 44 76 46
73 53 78 54
74 12 85 12
74 21 85 21
74 35 85 35
74 37 75 42
74 43 85 43
75 11 86 11
76 6 79 8
76 19 87 19
76 24 87 24
76 36 78 39
77 13 88 13
77 16 80 18
77 45 80 47
77 51 88 51
78 1 81 3
78 9 83 10
78 41 89 41
78 56 80 59
79 27 81 30
79 33 90 33
79 53 84 54
80 5 85 6
80 25 85 26
80 36 83 38
80 39 91 39
81 16 86 17
81 23 92 23
81 34 92 34
81 44 82 49
81 57 92 57
81 59 92 59
82 1 93 1
82 2 87 3
82 14 93 14
82 27 84 30
82 52 93 52
82 56 93 56
83 7 88 8
83 44 88 45
83 46 86 48
83 55 94 55
84 9 95 9
84 32 95 32
84 36 89 37
85 27 88 29
85 30 96 30
85 53 96 53
85 54 96 54
86 6 97 6
86 22 97 22
86 26 97 26
86 42 97 42
86 43 97 43
87 10 90 12
87 35 98 35
87 46 98 46
87 47 98 47
88 2 91 4
88 18 93 19
88 20 93 21
88 49 99 49
88 58 99 58
89 13 100 13
89 25 100 25
89 27 100 27
89 28 94 29
89 51 100 51
90 15 101 15
90 37 95 38
90 44 95 45
91 7 96 8
91 17 102 17
91 40 96 41
92 2 103 2
92 3 103 3
92 10 97 11
92 24 103 24
92 50 103 50
93 23 104 23
93 31 104 31
94 1 105 1
94 4 105 4
94 16 105 16
94 18 96 21
94 36 105 36
94 52 105 52
94 56 99 57
95 29 106 29
95 33 100 34
96 9 107 9
96 28 107 28
97 7 102 8
97 18 108 18
97 19 100 21
97 30 108 30
97 39 102 40
97 44 108 44
97 53 100 55
98 5 103 6
98 10 103 11
98 22 109 22
98 37 103 38
99 41 102 43
99 46 110 46
99 48 110 48
99 59 110 59
100 35 111 35
100 49 111 49
101 12 104 14
101 19 104 21
101 25 104 27
101 32 112 32
101 33 112 33
101 47 112 47
101 53 104 55
102 34 113 34
102 56 113 56
102 57 113 57
103 17 114 17
103 41 108 42
104 2 109 3
104 37 109 38
104 51 115 51
105 5 116 5
105 6 116 6
105 7 116 7
105 21 116 21
105 23 107 26
105 54 110 55
106 4 117 4
106 11 117 11
106 12 117 12
106 13 108 16
106 31 117 31
107 29 118 29
107 53 118 53
108 0 119 0
108 19 113 20
108 23 111 25
108 28 119 28
108 39 119 39
109 14 112 16
109 18 120 18
109 40 110 45
110 1 113 3
110 8 113 10
110 26 121 26
110 36 113 38
111 27 122 27
111 42 116 43
111 44 114 46
111 48 122 48
111 59 122 59
112 23 123 23
112 49 123 49
112 54 117 55
113 13 115 16
113 25 124 25
114 1 117 3
114 8 117 10
114 33 115 38
114 41 125 41
114 56 117 58
115 17 126 17
115 19 126 19
115 44 117 47
116 13 127 13
116 14 121 15
116 32 119 34
116 37 121 38
116 50 121 51
116 52 127 52
117 5 122 6
117 20 120 22
117 35 122 36
117 40 128 40
118 7 119 12
118 44 120 47
118 54 120 57
119 1 122 3
119 30 130 30
120 7 122 10
120 11 131 11
120 12 131 12
120 31 131 31
120 32 125 33
121 20 126 21
121 28 126 29
121 43 124 45
121 53 124 55
121 57 126 58
122 26 133 26
122 38 133 38
122 46 127 47
123 2 134 2
123 3 124 8
123 14 128 15
123 36 134 36
123 39 134 39
124 1 135 1
124 10 135 10
124 42 135 42
124 48 126 51
124 59 135 59
125 3 126 8
125 22 127 25
125 34 130 35
125 37 136 37
125 44 130 45
125 53 130 54
125 56 136 56
126 32 131 33
126 43 137 43
127 3 128 8
127 16 132 17
127 19 130 21
127 27 130 29
127 41 138 41
127 48 132 49
127 50 132 51
128 0 139 0
128 22 130 25
128 46 139 46
128 57 133 58
129 3 132 5
129 7 134 8
129 13 134 14
129 40 140 40
129 47 140 47
130 9 141 9
130 15 141 15
131 18 133 21
131 25 142 25
131 28 136 29
131 34 136 35
131 53 134 55
132 12 143 12
132 22 143 22
132 27 143 27
132 30 137 31
133 3 136 5
133 17 144 17
133 48 144 48
133 49 135 52
134 11 145 11
134 16 145 16
134 38 145 38
135 7 140 8
135 13 146 13
135 18 137 21
135 23 146 23
135 33 146 33
135 44 140 45
135 54 146 54
135 57 140 58
136 1 147 1
136 2 147 2
136 49 139 51
136 55 147 55
137 3 139 6
137 28 142 29
137 34 142 35
137 36 142 37
137 59 148 59
138 18 149 18
138 30 143 31
139 41 142 43
140 14 151 14
140 19 151 19
140 20 145 21
140 50 143 52
141 0 152 0
141 7 152 7
141 40 152 40
141 44 152 44
141 56 144 58
142 4 147 5
142 8 147 9
142 15 153 15
142 46 153 46
143 6 154 6
143 24 148 25
143 28 148 29
143 32 154 32
143 34 154 34
143 35 154 35
144 22 155 22
144 27 155 27
144 31 155 31
144 37 155 37
144 49 149 50
145 3 156 3
145 41 156 41
145 56 156 56
146 10 149 12
146 51 151 52
147 33 158 33
147 39 158 39
147 53 158 53
147 57 152 58
148 2 159 2
148 4 153 5
148 8 159 8
148 9 159 9
148 42 159 42
149 23 152 25
149 28 160 28
149 29 154 30
150 1 161 1
150 10 155 11
150 16 153 18
150 20 155 21
150 47 152 50
151 55 162 55
152 19 163 19
153 23 156 25
153 45 164 45
153 51 164 51
153 57 158 58
154 7 165 7
154 13 155 18
155 4 166 4
155 29 166 29
155 34 166 34
155 49 166 49
155 50 166 50
155 54 166 54
156 5 161 6
156 10 159 12
156 13 161 14
156 17 167 17
156 22 167 22
156 26 161 27
156 30 161 31
156 35 167 35
156 37 167 37
156 40 167 40
156 47 167 47
157 23 168 23
157 24 162 25
157 36 168 36
158 16 169 16
158 41 169 41
159 43 170 43
159 46 170 46
159 52 164 53
159 56 162 58
159 59 170 59
160 2 165 3
160 8 171 8
160 9 165 10
160 11 171 11
160 12 171 12
161 33 172 33
161 38 166 39
162 0 167 1
162 5 167 6
162 14 173 14
162 20 167 21
162 27 167 28
162 30 167 31
163 24 168 25
163 56 168 57
164 13 175 13
164 58 175 58
165 45 176 45
165 48 176 48
165 51 170 52
167 2 178 2
167 44 178 44
167 49 178 49
167 50 178 50
168 1 179 1
168 3 173 4
168 18 173 19
168 22 179 22
168 27 170 30
168 31 173 32
168 35 179 35
168 37 179 37
168 38 171 40
168 47 179 47
168 55 179 55
169 5 174 6
169 56 174 57
170 41 175 42
171 15 176 16
171 23 176 24
171 26 173 29
171 51 173 54
172 7 173 12
174 7 179 8
174 18 177 20
174 25 179 26
174 28 175 33
174 51 177 53
175 4 178 6
175 10 178 12
176 27 177 32
176 41 179 43
176 57 179 59
177 14 179 17
178 27 179 32
3 56 14 56
30 0 41 0
49 33 60 33
74 31 85 31
79 40 90 40
135 53 146 53
141 45 152 45
153 43 158 44
172 38 175 40
76 20 87 20
135 39 146 39
156 32 167 32
176 38 179 40
156 15 167 15
166 9 171 10
12 8 23 8
102 58 113 58
153 48 164 48
47 2 58 2
8 59 18 59
35 50 44 50
60 51 64 52
145 47 149 48
149 59 158 59
106 52 115 52
121 18 130 18
143 42 147 43
15 56 24 56
17 5 25 5
87 15 89 17
69 4 72 5
72 38 73 41
76 56 77 59
131 44 134 45
140 3 141 6
178 18 179 21
58 36 61 37
117 42 120 43
146 16 149 17
146 20 149 21
37 25 40 26
159 44 166 44
2 49 8 49
86 31 92 31
103 8 109 8
123 9 129 9
152 52 158 52
40 3 46 3
30 7 35 7
60 12 65 12
60 25 61 27
76 40 77 42
93 59 98 59
148 54 150 55
174 54 179 54
138 19 139 21
100 56 101 58
40 5 44 5
69 35 73 35
148 43 152 43
2 55 6 55
0 7 3 7
14 11 17 11
42 0 45 0
44 47 45 48
108 26 109 27
136 52 139 52
145 57 146 58
154 46 155 47
144 51 145 52
73 19 75 19
122 14 122 16
