772
0 1 2 4
0 6 11 6
0 8 11 8
0 9 5 10
0 11 11 11
0 12 2 15
0 16 3 18
0 19 5 20
0 21 0 32
0 33 0 44
0 45 1 50
0 51 3 53
0 54 2 57
1 21 12 21
1 23 6 24
1 25 12 25
1 26 4 28
1 29 6 30
1 31 2 36
1 37 4 39
1 40 12 40
1 41 12 41
1 42 6 43
2 44 5 46
2 47 7 48
2 58 7 59
3 1 5 4
3 13 14 13
3 31 4 36
3 54 14 54
4 7 15 7
4 14 6 17
4 18 15 18
4 50 9 51
4 56 9 57
5 5 16 5
5 22 16 22
5 26 8 28
5 31 7 34
5 35 10 36
5 37 16 37
5 38 16 38
6 0 9 2
6 9 17 9
6 10 17 10
6 12 17 12
6 19 17 19
7 14 10 16
7 24 18 24
7 29 18 29
7 42 9 45
7 55 18 55
8 31 19 31
8 32 19 32
8 34 19 34
8 46 19 46
8 47 13 48
8 52 13 53
8 58 19 58
9 23 20 23
9 26 20 26
9 27 14 28
9 49 20 49
10 0 12 3
10 42 21 42
10 43 21 43
10 45 21 45
10 50 15 51
10 57 21 57
11 33 22 33
11 35 16 36
12 4 23 4
12 16 17 17
12 30 23 30
12 44 23 44
13 0 18 1
13 6 24 6
13 21 24 21
13 25 24 25
13 40 24 40
14 2 25 2
14 20 25 20
14 47 25 47
15 52 18 54
16 28 27 28
16 41 27 41
17 14 22 15
17 37 28 37
17 50 22 51
18 7 29 7
18 10 29 10
18 11 21 13
18 17 23 18
18 19 29 19
18 35 29 35
19 0 30 0
19 1 30 1
19 9 30 9
19 36 30 36
19 52 24 53
19 54 24 55
19 59 30 59
20 39 31 39
20 48 31 48
21 23 26 24
22 11 33 11
22 22 33 22
22 42 27 43
23 12 28 13
23 15 28 16
23 31 25 34
23 49 26 51
23 56 26 58
24 3 27 5
24 8 35 8
24 18 35 18
24 26 35 26
25 21 36 21
25 25 36 25
25 52 27 55
26 20 37 20
26 29 31 30
27 23 32 24
27 38 38 38
27 49 30 51
28 2 31 4
28 5 33 6
28 28 39 28
28 32 39 32
28 41 33 42
28 43 39 43
28 52 31 54
28 57 39 57
29 12 31 15
29 16 34 17
29 27 40 27
29 47 40 47
29 58 40 58
30 19 41 19
30 55 41 55
30 56 41 56
31 0 36 1
31 33 36 34
31 40 42 40
31 49 34 51
32 12 34 15
32 48 43 48
33 4 44 4
33 35 36 37
33 52 38 53
34 5 39 6
34 9 37 11
34 22 37 24
34 29 45 29
34 41 45 41
35 2 46 2
35 12 38 14
35 16 46 16
35 54 46 54
36 17 41 18
36 30 47 30
36 45 47 45
36 49 47 49
37 0 42 1
37 7 48 7
37 33 48 33
37 34 42 35
37 44 48 44
37 46 48 46
38 8 41 10
38 15 49 15
38 20 49 20
38 21 41 23
38 24 49 24
39 11 44 12
39 13 44 14
39 37 42 39
39 52 44 53
41 25 43 28
41 57 52 57
42 21 47 22
42 23 53 23
43 19 54 19
43 31 54 31
43 32 54 32
43 34 45 37
43 38 48 39
43 58 54 58
44 8 47 10
44 25 46 28
45 4 56 4
45 11 56 11
45 13 56 13
45 42 56 42
45 50 47 53
45 55 56 55
46 0 57 0
46 36 51 37
46 40 51 41
46 47 51 48
47 3 58 3
47 25 52 26
47 27 52 28
47 34 52 35
47 54 58 54
48 1 59 1
48 8 51 10
48 16 51 18
48 29 53 30
48 49 53 50
48 51 53 52
49 5 54 6
49 21 54 22
49 44 60 44
49 45 54 46
51 20 62 20
51 24 62 24
51 38 56 39
52 8 57 9
52 10 63 10
52 15 57 16
52 17 63 17
52 36 57 37
52 40 57 41
52 43 63 43
52 47 63 47
53 25 55 28
53 56 58 57
54 12 65 12
54 49 56 52
55 5 60 6
55 18 60 19
55 30 60 31
55 32 66 32
55 34 66 34
55 45 66 45
56 25 59 27
57 28 62 29
57 35 68 35
57 42 68 42
57 46 68 46
57 48 59 51
57 55 68 55
58 13 63 14
58 21 63 22
58 36 59 41
59 2 70 2
59 3 70 3
59 8 70 8
59 11 70 11
59 52 64 53
59 54 70 54
60 0 71 0
60 1 71 1
60 37 63 39
60 40 71 40
60 41 71 41
60 50 65 51
60 59 71 59
61 4 66 5
61 15 72 15
61 18 66 19
61 31 72 31
61 44 72 44
62 26 67 27
62 56 65 58
63 7 74 7
63 25 74 25
63 28 68 29
64 6 75 6
64 9 69 10
64 20 75 20
64 33 75 33
64 36 75 36
64 37 75 37
64 43 75 43
65 21 68 23
65 38 70 39
65 48 76 48
66 12 71 13
66 30 77 30
66 49 77 49
66 50 77 50
66 51 71 52
66 56 71 57
67 4 72 5
69 14 80 14
69 16 72 18
69 27 74 28
69 34 80 34
69 45 72 47
69 55 80 55
70 9 75 10
70 22 81 22
70 23 75 24
71 2 76 3
71 26 82 26
72 0 83 0
72 32 83 32
72 51 83 51
72 52 83 52
72 57 75 59
73 4 78 5
73 15 84 15
73 16 78 17
73 39 75 42
73 44 76 46
73 53 78 54
74 12 85 12
74 21 85 21
74 29 85 29
74 35 85 35
75 11 86 11
75 18 80 19
75 25 86 25
75 27 80 28
76 6 78 9
76 10 87 10
76 24 87 24
76 36 78 39
76 43 87 43
77 13 88 13
77 45 88 45
77 46 82 47
78 1 81 3
78 41 89 41
78 56 80 59
79 5 84 6
79 16 84 17
79 33 90 33
79 53 84 54
80 30 91 30
80 36 85 37
80 39 91 39
81 9 92 9
81 18 84 20
81 23 92 23
81 34 92 34
81 38 92 38
81 57 86 58
81 59 92 59
82 1 93 1
82 2 87 3
82 14 93 14
82 56 93 56
83 7 88 8
83 26 94 26
83 46 94 46
83 47 88 48
83 55 94 55
84 27 89 28
84 32 95 32
85 4 88 6
85 15 88 17
85 51 96 51
85 53 96 53
85 54 96 54
86 18 91 19
86 22 97 22
86 42 97 42
87 35 92 36
88 2 99 2
88 10 93 11
88 20 93 21
88 43 99 43
88 49 99 49
88 58 99 58
89 3 94 4
89 6 100 6
89 12 94 13
89 25 100 25
89 29 100 29
90 15 101 15
90 28 101 28
90 44 101 44
90 52 101 52
90 57 101 57
91 7 96 8
91 17 102 17
91 40 96 41
91 47 96 48
92 24 103 24
92 50 103 50
93 23 104 23
93 31 104 31
93 33 96 35
93 36 96 38
94 1 105 1
94 9 105 9
94 10 105 10
94 11 105 11
94 16 105 16
94 18 97 20
95 4 106 4
95 21 106 21
95 46 106 46
96 13 107 13
96 55 101 56
97 7 102 8
97 30 108 30
97 33 108 33
97 34 102 35
97 36 102 37
97 39 102 40
98 18 109 18
98 19 103 20
98 22 109 22
98 51 109 51
99 41 110 41
99 48 110 48
99 59 110 59
100 2 111 2
100 26 105 27
100 38 111 38
100 49 111 49
100 54 111 54
101 5 106 6
101 32 112 32
101 42 106 43
101 47 112 47
102 28 107 29
102 44 107 45
102 52 113 52
102 55 107 56
102 57 113 57
103 17 114 17
103 25 114 25
103 34 105 37
104 20 115 20
105 3 116 3
105 7 116 7
106 8 111 9
106 11 117 11
106 12 117 12
106 15 111 16
106 31 117 31
106 34 111 35
107 4 118 4
107 5 112 6
107 21 118 21
107 46 118 46
107 53 118 53
108 0 119 0
108 23 119 23
108 28 113 29
108 39 119 39
108 42 119 42
109 44 114 45
110 13 115 14
110 18 121 18
110 26 121 26
110 51 121 51
111 19 122 19
111 27 122 27
111 48 122 48
111 59 122 59
112 1 117 2
112 8 115 10
112 15 117 16
112 33 123 33
112 34 115 36
112 37 123 37
112 49 123 49
112 54 117 55
113 5 124 5
113 6 124 6
113 43 124 43
114 28 119 29
114 41 125 41
114 56 117 58
115 17 126 17
115 25 126 25
115 44 120 45
116 8 119 10
116 13 127 13
116 34 127 34
116 38 127 38
116 52 127 52
117 32 128 32
117 35 122 36
117 40 128 40
118 12 129 12
118 14 121 16
118 20 129 20
118 54 121 56
119 1 124 2
119 11 130 11
119 30 130 30
119 50 130 50
120 7 122 10
120 21 131 21
120 31 131 31
121 28 126 29
121 44 132 44
121 57 126 58
122 3 133 3
122 26 133 26
122 45 127 46
122 53 127 54
122 55 127 56
123 7 134 7
123 14 128 15
123 19 134 19
123 36 134 36
123 39 134 39
124 10 135 10
124 42 135 42
124 48 135 48
124 59 135 59
125 0 128 2
125 4 128 6
125 37 136 37
125 47 136 47
126 23 131 24
126 43 137 43
127 16 132 17
127 27 130 29
127 41 138 41
128 34 133 35
128 38 139 38
128 45 139 45
128 46 139 46
128 51 133 52
128 53 130 56
128 57 133 58
129 0 132 2
129 4 134 5
129 13 134 14
129 40 140 40
130 9 141 9
130 12 141 12
130 15 141 15
130 20 141 20
130 25 141 25
131 18 142 18
131 28 136 29
131 53 134 55
132 21 143 21
132 22 143 22
132 27 143 27
132 30 137 31
133 0 144 0
133 1 144 1
133 2 144 2
133 17 144 17
133 50 144 50
134 11 145 11
134 16 145 16
134 34 139 35
134 56 139 57
135 3 140 4
135 7 140 8
135 13 146 13
135 23 146 23
135 33 146 33
135 52 140 53
135 54 146 54
135 58 146 58
136 48 147 48
136 55 147 55
137 28 148 28
137 29 148 29
137 36 142 37
137 44 148 44
137 59 148 59
138 30 143 31
139 41 142 43
140 14 151 14
140 19 151 19
140 34 151 34
140 45 143 47
141 7 146 8
141 40 152 40
141 56 152 56
142 4 147 5
142 9 153 9
142 15 153 15
142 25 147 26
142 35 153 35
143 6 154 6
143 18 154 18
143 32 154 32
143 36 146 38
144 20 147 22
144 27 155 27
144 31 155 31
144 45 149 46
145 0 148 2
145 3 156 3
145 41 156 41
146 10 149 12
146 49 149 51
146 52 151 53
147 8 158 8
147 33 158 33
147 39 158 39
147 57 152 58
148 4 153 5
148 21 153 22
148 23 151 25
148 42 159 42
149 28 160 28
149 29 154 30
150 1 161 1
150 10 155 11
150 20 161 20
150 44 155 45
150 46 161 46
150 47 152 50
151 55 162 55
152 19 163 19
152 24 157 25
152 34 163 34
152 37 163 37
152 51 154 54
153 56 158 57
153 58 164 58
154 2 165 2
154 7 165 7
154 14 159 15
155 4 166 4
155 23 166 23
155 29 166 29
155 49 166 49
155 50 166 50
155 51 166 51
155 53 160 54
156 5 161 6
156 9 158 12
156 17 167 17
156 22 167 22
156 26 161 27
156 30 161 31
156 35 167 35
156 40 167 40
156 45 167 45
156 47 167 47
157 36 168 36
158 13 169 13
158 16 169 16
158 41 169 41
159 8 170 8
159 9 161 12
159 24 164 25
159 43 170 43
159 59 170 59
160 14 171 14
160 52 171 52
161 33 172 33
161 38 166 39
161 54 172 54
162 0 167 1
162 5 167 6
162 9 164 12
162 20 167 21
162 27 167 28
162 30 167 31
162 46 173 46
162 57 173 57
165 9 168 11
165 12 176 12
165 24 170 25
165 48 176 48
165 56 176 56
165 58 176 58
167 2 172 3
167 23 178 23
167 37 178 37
167 44 178 44
167 49 178 49
167 50 178 50
168 1 179 1
168 18 173 19
168 22 179 22
168 27 170 30
168 31 173 32
168 35 179 35
168 38 171 40
168 47 179 47
168 55 179 55
169 4 172 6
170 41 175 42
171 7 173 10
171 15 176 16
171 26 173 29
172 52 177 53
173 3 178 4
173 24 178 25
174 7 179 8
174 18 177 20
174 26 175 31
174 32 179 33
176 27 179 29
176 41 179 43
177 10 178 15
177 56 179 59
178 16 179 21
41 5 46 6
42 17 47 18
49 33 60 33
74 31 85 31
79 40 90 40
123 8 128 9
146 16 157 16
167 51 178 51
172 38 175 40
10 56 21 56
32 3 43 3
40 43 51 43
77 44 88 44
113 47 124 47
135 39 146 39
156 32 167 32
176 38 179 40
134 51 145 51
12 8 23 8
102 58 113 58
146 43 157 43
153 48 164 48
47 2 58 2
34 42 44 42
8 59 18 59
145 17 155 17
156 44 166 44
160 15 170 15
35 50 44 50
95 3 104 3
149 59 158 59
95 26 99 27
141 52 145 53
122 18 130 18
174 9 176 11
4 52 7 53
65 53 72 53
67 19 74 19
76 56 77 59
106 26 109 27
108 55 111 56
37 25 40 26
2 49 8 49
86 31 92 31
173 54 179 54
30 7 36 7
140 57 146 57
12 11 17 11
60 25 61 27
67 16 68 18
76 40 77 42
93 59 98 59
122 51 127 51
129 8 134 8
148 54 150 55
169 9 170 11
43 0 45 1
107 43 112 43
144 47 149 47
69 35 73 35
123 35 127 35
135 19 139 19
149 2 153 2
155 52 159 52
0 7 3 7
3 55 6 55
44 47 45 48
71 38 72 39
89 16 90 17
120 42 123 42
141 3 144 3
60 36 63 36
3 12 5 12
122 14 122 16
127 25 129 25
