769
0 1 2 4
0 6 11 6
0 8 11 8
0 9 5 10
0 11 11 11
0 12 1 17
0 18 1 23
0 24 11 24
0 25 11 25
0 26 5 27
0 29 1 34
0 35 11 35
0 36 11 36
0 37 3 39
0 40 11 40
0 41 3 43
0 45 1 50
0 51 1 56
0 57 3 59
2 12 2 23
2 28 13 28
2 32 5 34
2 44 5 46
2 47 7 48
2 50 7 51
2 52 7 53
3 1 5 4
3 12 3 23
3 54 14 54
4 7 15 7
4 13 15 13
4 14 6 17
4 18 15 18
4 21 15 21
4 23 15 23
4 37 15 37
4 38 15 38
4 41 15 41
4 42 9 43
4 56 9 57
5 5 16 5
6 0 9 2
6 9 17 9
6 10 17 10
6 12 17 12
6 19 17 19
6 22 17 22
6 29 17 29
6 33 17 33
6 34 17 34
6 58 17 58
7 14 10 16
7 32 18 32
7 44 10 46
7 55 18 55
8 31 19 31
8 47 13 48
8 51 19 51
8 52 13 53
9 26 14 27
9 49 20 49
10 0 12 3
10 42 21 42
10 43 21 43
10 57 21 57
11 44 14 46
12 4 23 4
12 16 17 17
12 25 23 25
12 30 23 30
12 36 23 36
12 40 23 40
13 0 18 1
13 6 24 6
14 20 25 20
14 28 25 28
14 47 25 47
15 44 26 44
15 45 26 45
15 52 18 54
16 37 27 37
16 41 27 41
17 14 22 15
17 24 28 24
18 7 29 7
18 11 21 13
18 17 23 18
18 19 29 19
18 21 21 23
18 34 29 34
18 35 29 35
19 0 30 0
19 1 30 1
19 10 30 10
19 52 24 53
19 54 30 54
19 55 30 55
19 58 30 58
19 59 30 59
20 8 25 9
20 39 31 39
20 48 31 48
20 50 25 51
22 2 27 3
22 11 33 11
22 22 27 23
22 42 27 43
23 12 28 13
23 21 34 21
24 14 29 15
24 18 35 18
24 25 35 25
24 26 35 26
24 36 35 36
25 33 36 33
25 56 36 56
26 4 29 6
26 9 37 9
26 20 37 20
26 29 31 30
26 49 29 51
26 52 31 53
27 16 32 17
27 38 38 38
28 3 39 3
28 22 39 22
28 23 39 23
28 28 39 28
28 32 39 32
28 43 39 43
28 57 39 57
29 24 40 24
29 27 40 27
29 40 34 41
29 42 40 42
29 47 40 47
30 6 35 7
30 12 35 13
30 19 41 19
30 50 41 50
31 0 36 1
31 55 42 55
31 58 36 59
32 4 37 5
32 14 43 14
32 48 43 48
32 51 37 52
33 17 44 17
34 29 45 29
34 34 39 35
35 2 46 2
35 10 40 11
35 41 46 41
35 54 46 54
36 12 41 13
36 30 47 30
36 45 47 45
36 49 47 49
36 53 47 53
37 0 42 1
37 7 48 7
37 15 42 16
37 18 48 18
37 33 48 33
37 44 48 44
38 6 49 6
38 8 43 9
38 20 43 21
38 40 49 40
39 37 42 39
40 23 51 23
40 34 43 36
40 56 42 59
41 4 46 5
41 24 52 24
41 25 43 28
43 15 54 15
43 32 54 32
43 38 48 39
43 52 54 52
43 55 46 57
43 58 54 58
44 8 47 10
44 11 46 14
44 19 55 19
44 20 55 20
44 21 49 22
44 25 55 25
44 26 49 27
44 31 55 31
45 35 48 37
45 42 56 42
45 51 56 51
46 0 57 0
46 28 51 29
46 47 51 48
46 50 57 50
47 3 58 3
47 54 58 54
47 55 58 55
48 1 59 1
48 10 50 13
48 57 59 57
49 16 60 16
49 33 54 34
49 35 51 38
49 41 60 41
49 44 60 44
49 45 54 46
50 4 61 4
50 5 61 5
50 17 61 17
50 21 55 22
51 8 53 11
51 13 56 14
52 6 63 6
52 26 63 26
52 35 54 38
52 43 63 43
52 47 63 47
53 24 64 24
53 27 58 28
54 8 57 10
54 11 59 12
55 32 66 32
55 34 57 37
55 40 66 40
55 45 66 45
56 18 67 18
56 19 61 20
56 30 61 31
56 56 67 56
57 46 68 46
57 51 68 51
58 13 63 14
58 21 61 23
58 33 63 34
58 42 69 42
58 50 69 50
59 2 70 2
59 3 70 3
59 8 70 8
59 9 64 10
59 27 62 29
59 52 64 53
59 54 64 55
60 0 71 0
60 35 71 35
60 37 63 39
60 59 71 59
61 15 72 15
61 41 72 41
62 17 73 17
62 21 67 22
62 57 67 58
63 4 68 5
63 7 74 7
63 11 68 12
63 25 74 25
63 28 66 30
64 1 75 1
64 6 75 6
64 19 69 20
64 26 69 27
64 33 75 33
64 34 75 34
64 37 67 39
64 43 75 43
65 9 76 9
65 10 76 10
65 36 76 36
65 48 76 48
65 55 76 55
66 49 77 49
66 53 71 54
67 13 72 14
67 28 72 29
67 52 78 52
68 21 79 21
68 40 79 40
68 57 79 57
69 18 80 18
69 37 74 38
69 44 72 46
70 20 81 20
70 22 81 22
70 23 75 24
70 30 73 32
70 50 81 50
71 2 76 3
71 26 82 26
71 47 82 47
71 51 82 51
72 0 83 0
72 59 83 59
73 4 78 5
73 13 75 16
73 27 78 28
73 41 78 42
73 44 76 46
73 53 78 54
74 12 85 12
74 29 85 29
74 30 77 32
74 35 85 35
75 11 86 11
75 17 86 17
75 25 86 25
76 6 79 8
76 13 81 14
76 15 81 16
76 19 87 19
76 24 87 24
76 33 81 34
76 37 87 37
76 43 87 43
77 9 82 10
77 45 88 45
77 46 88 46
77 55 88 55
78 1 81 3
78 39 89 39
79 53 84 54
79 56 90 56
80 5 85 6
80 30 91 30
80 40 83 42
80 57 91 57
81 23 92 23
81 38 92 38
82 2 87 3
82 33 87 34
82 52 93 52
83 7 88 8
83 9 94 9
83 13 88 14
83 21 94 21
83 26 94 26
83 47 88 48
84 15 95 15
84 27 89 28
84 32 95 32
84 40 89 41
84 59 95 59
85 0 90 1
85 51 96 51
85 53 96 53
85 54 96 54
86 6 97 6
86 22 97 22
87 35 92 36
87 42 98 42
88 2 91 4
88 10 93 11
88 18 93 19
88 43 99 43
88 49 99 49
88 58 99 58
89 12 94 13
89 25 100 25
89 29 100 29
89 46 100 46
90 28 101 28
90 33 95 34
90 39 101 39
90 44 101 44
91 0 96 1
91 7 96 8
91 14 102 14
91 17 102 17
91 47 96 48
92 2 97 3
92 24 103 24
92 40 103 40
92 50 103 50
92 55 97 56
93 23 104 23
93 31 104 31
93 35 104 35
93 36 96 38
93 41 104 41
94 10 105 10
94 11 105 11
94 16 105 16
94 18 97 20
94 52 105 52
95 4 106 4
95 9 106 9
96 13 107 13
96 21 107 21
96 33 101 34
97 0 102 1
97 7 102 8
97 30 108 30
97 36 102 37
98 2 103 3
98 18 109 18
98 20 109 20
98 22 109 22
99 5 104 6
99 48 110 48
99 51 110 51
99 55 110 55
100 26 105 27
100 38 111 38
100 49 111 49
100 54 111 54
100 59 111 59
101 32 112 32
101 42 106 43
101 45 106 46
101 47 112 47
102 33 113 33
102 56 113 56
103 17 114 17
103 19 114 19
103 25 114 25
103 28 108 29
104 0 106 3
105 6 116 6
105 7 116 7
106 11 117 11
106 12 117 12
106 15 111 16
106 31 117 31
106 34 111 35
107 0 110 2
107 4 118 4
107 39 108 44
107 46 118 46
108 5 119 5
108 23 119 23
108 53 119 53
109 21 120 21
109 29 120 29
109 39 120 39
109 40 110 45
110 9 121 9
110 13 115 14
110 18 121 18
110 26 121 26
110 28 121 28
111 0 114 2
111 42 116 43
111 48 122 48
111 51 122 51
111 57 116 58
112 15 123 15
112 34 115 36
112 37 123 37
112 44 117 45
112 54 117 55
113 8 124 8
113 16 124 16
113 59 124 59
114 41 125 41
115 1 120 2
115 10 126 10
115 17 126 17
115 19 120 20
115 25 126 25
116 0 127 0
116 13 127 13
116 32 118 35
116 38 127 38
116 49 121 50
116 52 127 52
117 6 122 7
117 40 128 40
117 56 120 58
118 36 129 36
118 44 123 45
119 11 130 11
119 30 130 30
119 33 122 35
120 31 125 32
120 54 131 54
121 1 124 3
121 5 132 5
121 20 126 21
121 55 124 57
122 12 133 12
122 26 133 26
122 28 133 28
122 46 133 46
123 7 134 7
123 19 134 19
123 29 134 29
123 33 128 34
123 39 134 39
123 49 126 51
124 15 135 15
124 42 135 42
124 44 129 45
124 48 135 48
125 1 136 1
125 2 136 2
125 14 136 14
125 37 136 37
125 47 136 47
125 55 127 58
126 3 131 4
126 23 131 24
126 43 137 43
127 8 130 10
127 16 138 16
127 20 132 21
127 41 138 41
127 50 138 50
128 0 139 0
128 38 139 38
128 51 133 52
128 55 133 56
128 57 133 58
129 31 131 34
129 40 140 40
129 59 140 59
130 13 141 13
130 25 141 25
130 44 135 45
131 8 134 10
131 18 142 18
132 3 143 3
132 22 143 22
132 27 143 27
132 30 133 35
132 54 143 54
133 4 138 5
133 17 144 17
133 20 138 21
134 11 145 11
134 28 145 28
134 30 139 31
134 34 137 36
134 53 145 53
134 56 137 58
135 6 137 9
135 12 146 12
135 23 146 23
135 33 146 33
136 29 147 29
136 45 147 45
136 48 147 48
136 55 147 55
137 2 148 2
137 44 148 44
138 6 140 9
138 34 141 36
138 46 149 46
138 56 141 58
139 16 150 16
139 41 142 43
139 50 150 50
140 14 151 14
140 19 151 19
140 20 145 21
140 30 145 31
140 37 143 39
141 0 146 1
141 6 143 9
141 15 152 15
142 4 147 5
142 34 153 34
142 35 153 35
142 40 153 40
142 56 144 59
143 18 154 18
143 24 148 25
143 32 154 32
144 6 147 8
144 22 155 22
144 27 155 27
144 36 147 38
145 3 156 3
145 9 156 9
145 56 156 56
146 51 151 52
146 59 157 59
147 11 150 13
147 33 158 33
147 39 158 39
147 41 158 41
147 53 158 53
147 57 152 58
148 4 153 5
148 6 151 8
148 31 159 31
148 48 153 49
149 10 160 10
149 23 152 25
149 28 160 28
149 29 154 30
149 42 160 42
149 44 154 45
150 1 161 1
150 20 161 20
150 46 161 46
151 55 162 55
152 6 163 6
152 8 163 8
152 11 157 12
152 19 163 19
152 37 163 37
153 15 156 17
153 23 156 25
153 51 164 51
153 57 158 58
154 7 165 7
154 34 165 34
155 2 166 2
155 4 166 4
155 29 166 29
155 49 166 49
156 14 167 14
156 26 161 27
156 35 161 36
156 45 167 45
156 47 167 47
156 54 167 54
157 17 168 17
157 21 162 22
157 24 162 25
157 40 168 40
158 11 169 11
158 12 169 12
158 13 169 13
158 16 169 16
158 23 169 23
158 50 169 50
159 41 170 41
159 43 170 43
159 52 164 53
159 56 162 58
159 59 170 59
160 5 171 5
160 30 163 32
161 33 172 33
161 38 166 39
162 0 167 1
162 9 173 9
162 27 167 28
162 36 173 36
162 46 173 46
163 20 174 20
163 21 168 22
163 24 168 25
163 35 174 35
163 56 168 57
164 30 167 32
164 58 175 58
165 48 176 48
165 51 170 52
166 6 169 8
167 2 172 3
167 37 178 37
167 44 178 44
167 49 178 49
168 1 179 1
168 18 173 19
168 27 170 30
168 31 173 32
168 47 179 47
168 55 179 55
169 14 174 15
169 38 174 39
169 56 174 57
170 7 175 8
170 11 173 13
171 22 176 23
171 26 173 29
171 40 174 42
171 51 173 54
172 4 177 5
172 16 177 17
173 24 178 25
174 10 176 13
174 26 175 31
174 32 179 33
174 50 176 53
175 19 178 21
176 27 179 29
176 41 179 43
176 57 179 59
177 6 178 11
177 51 179 54
179 14 179 25
4 59 15 59
12 56 23 56
26 8 37 8
78 31 83 32
92 57 103 57
104 57 109 58
106 27 117 27
137 47 148 47
138 51 143 52
143 41 146 43
40 43 51 43
77 44 88 44
175 38 178 40
82 20 93 20
117 42 122 43
155 44 166 44
161 10 172 10
147 43 158 43
157 15 168 15
47 2 58 2
38 46 48 46
82 16 92 16
28 37 38 37
68 56 78 56
113 47 123 47
154 48 164 48
69 11 73 12
58 35 59 39
106 52 115 52
36 25 40 26
95 26 99 27
103 8 112 8
68 39 77 39
17 5 25 5
67 30 69 32
84 31 92 31
122 18 130 18
123 35 131 35
116 14 124 14
52 29 55 30
69 4 72 5
12 8 19 8
45 16 48 17
145 17 152 17
146 20 149 21
134 51 137 52
2 49 8 49
28 2 34 2
56 25 62 25
151 50 157 50
152 52 158 52
40 3 46 3
149 47 155 47
12 11 17 11
30 49 35 49
38 4 40 5
55 38 57 39
60 11 62 12
70 19 75 19
75 38 80 38
127 17 132 17
139 4 141 5
148 54 150 55
149 2 154 2
43 0 45 1
47 4 49 5
13 35 17 35
44 34 48 34
155 32 159 32
2 55 6 55
60 36 64 36
30 4 31 5
62 19 63 20
106 26 109 26
125 8 126 9
136 19 139 19
145 57 146 58
100 58 103 58
144 51 145 52
88 17 90 17
127 25 129 25
142 24 142 26
144 39 146 39
