767
179 48 179 59
179 32 179 43
179 18 179 29
178 43 178 54
178 31 178 42
178 19 178 30
178 2 178 13
177 43 177 54
177 17 177 28
177 5 177 16
176 55 178 58
176 42 176 53
176 34 177 39
176 17 176 28
176 5 176 16
175 29 177 32
175 17 175 28
175 4 175 15
174 53 175 58
174 47 175 52
174 40 175 45
174 28 174 39
174 16 174 27
173 45 173 56
173 19 173 30
173 10 174 15
173 3 174 8
172 44 172 55
172 29 172 40
172 14 172 25
172 1 177 2
171 46 171 57
171 32 171 43
171 5 172 10
170 46 170 57
170 34 170 45
170 25 171 30
170 8 170 19
169 30 169 41
169 13 169 24
169 1 169 12
168 45 169 50
168 21 168 32
167 55 169 58
167 43 167 54
167 37 168 42
167 12 168 17
167 2 168 7
166 48 166 59
166 36 166 47
166 29 167 34
166 17 166 28
166 8 168 11
165 48 165 59
165 36 165 47
165 21 165 32
165 9 165 20
165 1 166 6
164 45 164 56
164 7 164 18
163 33 164 38
163 23 164 28
163 3 163 14
162 50 163 55
162 22 162 33
162 16 163 21
162 4 162 15
161 56 163 59
161 44 162 49
160 50 161 55
160 34 161 39
160 23 161 28
160 14 161 19
160 7 161 12
160 1 161 6
159 48 159 59
159 42 164 43
159 24 159 35
159 2 159 13
158 40 163 41
158 25 158 36
158 17 159 22
158 4 158 15
157 41 157 52
157 29 157 40
157 11 157 22
156 54 157 59
156 42 156 53
156 28 156 39
156 5 157 10
155 35 155 46
155 23 157 26
155 11 155 22
154 48 154 59
154 36 154 47
154 27 155 32
154 15 154 26
154 5 155 10
153 47 153 58
153 35 153 46
153 16 153 27
153 1 155 4
152 33 152 44
152 20 152 31
152 1 152 12
151 52 152 57
151 46 152 51
151 34 151 45
151 22 151 33
151 14 152 19
150 48 150 59
150 31 150 42
150 19 150 30
150 3 150 14
149 48 149 59
149 36 149 47
149 24 149 35
149 10 149 21
148 45 148 56
148 31 148 42
148 18 148 29
148 4 148 15
147 48 147 59
147 27 147 38
147 15 147 26
147 2 147 13
146 42 147 47
146 17 146 28
146 0 146 11
145 32 146 37
145 17 145 28
145 3 145 14
144 41 145 46
144 27 144 38
144 15 144 26
144 0 144 11
143 57 146 59
143 54 146 56
143 48 146 50
143 32 143 43
143 12 143 23
143 0 143 11
142 45 142 56
142 33 142 44
142 15 142 26
141 29 141 40
141 17 141 28
141 9 142 14
140 52 141 57
140 46 141 51
140 26 140 37
140 4 140 15
139 47 139 58
139 41 141 44
139 24 139 35
139 7 139 18
139 0 142 2
138 47 138 58
138 33 138 44
138 18 138 29
138 3 138 14
137 43 137 54
137 31 137 42
137 12 137 23
137 0 137 11
136 43 136 54
136 19 136 30
135 56 137 59
135 40 135 51
135 19 135 30
135 9 136 14
135 1 136 6
134 42 134 53
134 34 135 39
134 20 134 31
133 37 133 48
133 25 133 36
133 15 136 17
133 8 134 13
133 2 134 7
131 55 134 57
131 48 132 53
131 42 132 47
131 21 131 32
131 15 132 20
131 9 132 14
130 48 130 59
130 28 130 39
130 15 130 26
130 3 132 6
129 48 129 59
129 41 130 46
129 3 129 14
129 0 132 2
128 28 128 39
128 22 129 27
128 10 128 21
127 49 128 54
127 43 128 48
127 31 127 42
127 19 127 30
127 3 128 8
126 47 126 58
126 23 126 34
126 13 127 18
125 43 125 54
125 37 126 42
125 25 125 36
125 9 125 20
125 3 126 8
125 0 128 2
124 47 124 58
124 35 124 46
124 22 124 33
124 10 124 21
123 26 123 37
123 14 123 25
123 4 124 9
122 47 122 58
122 41 123 46
122 29 122 40
122 17 122 28
122 4 122 15
121 32 121 43
121 11 121 22
121 1 124 3
120 54 121 59
120 45 121 50
120 31 120 42
120 25 121 30
120 7 120 18
119 48 119 59
119 23 119 34
119 8 119 19
118 48 118 59
118 37 119 42
118 25 118 36
118 6 118 17
117 43 119 46
117 31 117 42
117 20 120 22
117 8 117 19
116 44 116 55
116 14 116 25
116 0 117 5
115 48 115 59
115 20 115 31
115 5 115 16
114 47 114 58
114 39 115 44
114 33 115 38
114 19 114 30
113 47 113 58
113 31 113 42
113 19 113 30
113 11 114 16
113 4 114 9
113 0 115 3
112 36 112 47
112 22 112 33
112 3 112 14
111 49 112 54
111 30 111 41
111 18 111 29
110 36 110 47
110 24 110 35
110 5 111 10
109 56 111 59
109 50 110 55
109 36 109 47
109 16 110 21
109 0 112 2
108 47 108 58
108 26 108 37
108 13 108 24
108 0 108 11
107 41 108 46
107 29 107 40
107 7 107 18
106 23 107 28
106 7 106 18
106 1 107 6
105 56 107 59
105 50 106 55
105 44 106 49
105 36 106 41
105 22 105 33
105 3 105 14
104 48 104 59
104 34 104 45
104 3 104 14
103 46 103 57
103 26 103 37
103 6 103 17
102 46 102 57
102 28 102 39
102 22 104 25
102 19 105 21
102 7 102 18
102 0 103 5
101 40 101 51
101 15 101 26
100 45 100 56
100 30 100 41
100 16 100 27
100 2 101 7
99 45 99 56
99 33 99 44
99 20 99 31
99 10 101 13
98 33 98 44
98 17 98 28
98 4 99 9
97 54 98 59
97 46 98 51
97 28 97 39
97 16 97 27
97 1 97 12
96 44 96 55
96 25 96 36
96 1 96 12
95 40 97 43
95 28 95 39
95 18 96 23
95 5 95 16
94 49 95 54
94 31 94 42
94 19 94 30
94 7 94 18
93 56 95 59
93 33 93 44
93 10 93 21
93 1 95 4
92 50 93 55
92 27 92 38
92 12 92 23
91 47 91 58
91 41 92 46
91 18 91 29
91 6 91 17
90 32 90 43
90 13 90 24
90 1 92 4
89 54 90 59
89 42 89 53
89 30 89 41
89 18 89 29
89 7 90 12
88 36 88 47
88 24 88 35
88 8 88 19
88 1 89 6
87 43 87 54
87 28 87 39
87 14 87 25
86 56 88 59
86 44 86 55
86 20 86 31
86 8 87 13
86 2 87 7
85 40 85 51
85 32 86 37
85 11 85 22
84 52 85 57
84 39 84 50
84 27 84 38
83 47 83 58
83 32 83 43
83 23 85 26
83 6 85 9
82 48 82 59
82 36 82 47
82 19 84 22
82 10 84 13
82 0 85 2
81 38 81 49
81 26 81 37
81 14 81 25
80 44 80 55
80 26 80 37
80 11 80 22
79 46 79 57
79 26 79 37
79 11 79 22
79 2 80 7
78 47 78 58
78 40 80 43
78 8 78 19
77 33 78 38
77 22 78 27
77 10 77 21
76 50 77 55
76 37 76 48
76 8 76 19
76 1 78 4
75 43 75 54
75 29 77 32
75 21 76 26
75 9 75 20
74 48 74 59
74 37 75 42
74 25 74 36
73 39 73 50
73 27 73 38
73 15 73 26
73 5 74 10
72 43 72 54
72 31 72 42
72 1 75 3
71 33 71 44
71 25 72 30
71 15 72 20
71 12 74 14
71 4 72 9
70 49 71 54
70 34 70 45
70 16 70 27
70 4 70 15
70 0 81 0
69 35 69 46
69 21 69 32
68 55 73 56
68 39 68 50
68 22 68 33
68 8 69 13
68 2 69 7
67 58 72 59
67 39 67 50
67 12 67 23
66 42 66 53
66 33 67 38
66 26 67 31
66 10 66 21
66 3 67 8
65 54 66 59
65 28 65 39
65 6 65 17
64 47 65 52
64 41 65 46
64 26 64 37
64 20 65 25
64 6 64 17
64 0 69 1
63 46 63 57
63 34 63 45
63 11 63 22
62 48 62 59
62 34 62 45
62 28 63 33
62 7 62 18
62 3 65 5
61 43 61 54
61 29 61 40
61 24 63 27
61 11 61 22
60 36 60 47
60 17 60 28
59 29 59 40
59 9 60 14
59 4 61 7
58 55 60 58
58 47 59 52
58 35 58 46
58 23 58 34
58 15 59 20
58 3 58 14
57 45 57 56
57 33 57 44
57 20 57 31
57 6 57 17
56 39 56 50
56 20 56 31
56 8 56 19
55 48 55 59
55 35 55 46
55 17 55 28
55 5 55 16
54 32 54 43
54 20 54 31
54 1 56 4
53 53 54 58
53 24 53 35
53 14 54 19
52 49 54 52
52 44 54 47
52 29 52 40
52 17 52 28
52 9 54 12
52 2 53 7
51 27 51 38
51 0 51 11
50 54 52 57
50 41 53 43
50 29 50 40
50 17 51 22
50 5 50 16
49 49 51 52
49 45 51 48
49 24 49 35
49 12 49 23
48 46 48 57
48 30 48 41
48 18 48 29
48 5 49 10
47 43 47 54
47 18 47 29
47 12 48 17
46 48 46 59
46 36 47 41
46 22 46 33
46 5 47 10
45 38 45 49
45 26 45 37
45 16 46 21
45 4 45 15
44 47 44 58
44 35 44 46
44 23 44 34
44 0 44 11
43 48 43 59
43 17 43 28
43 4 43 15
42 39 43 44
42 27 42 38
42 11 42 22
41 54 42 59
41 48 42 53
41 29 41 40
41 16 41 27
41 5 42 10
41 0 43 3
40 48 40 59
40 45 43 47
40 33 40 44
40 15 40 26
39 44 39 55
39 14 39 25
38 38 39 43
38 32 39 37
38 27 40 30
38 8 40 11
38 0 40 3
37 49 38 54
37 34 37 45
37 20 37 31
37 8 37 19
36 48 36 59
36 22 36 33
36 10 36 21
35 41 35 52
35 19 35 30
35 5 38 7
34 54 35 59
34 36 34 47
34 13 34 24
33 48 34 53
33 32 35 35
33 20 33 31
33 7 33 18
33 1 34 6
32 47 32 58
32 40 33 45
32 14 32 25
31 36 33 39
31 29 32 34
31 17 31 28
31 7 32 12
30 50 31 55
30 42 31 47
30 27 30 38
30 14 30 25
30 2 30 13
29 48 29 59
29 26 29 37
29 14 29 25
29 2 29 13
28 45 28 56
28 15 28 26
27 41 29 44
27 26 27 37
27 14 27 25
27 5 28 10
26 41 26 52
26 24 26 35
26 12 26 23
25 56 27 59
25 44 25 55
25 32 25 43
25 5 26 10
25 2 28 4
25 0 36 0
24 20 25 25
24 7 24 18
23 36 24 41
23 30 24 35
23 16 23 27
23 0 23 11
22 55 24 58
22 49 24 52
22 7 22 18
21 43 21 54
21 20 21 31
21 7 21 18
20 40 20 51
20 35 22 38
20 18 20 29
20 6 20 17
20 2 22 5
19 56 21 59
19 40 19 51
19 18 19 29
19 6 19 17
18 52 20 55
18 34 19 39
18 13 18 24
18 0 19 5
17 44 18 49
17 32 17 43
17 26 18 31
16 50 17 55
16 38 16 49
16 26 16 37
16 19 17 24
16 7 16 18
15 45 15 56
15 29 15 40
15 2 17 5
14 57 17 59
14 38 14 49
14 21 14 32
14 9 14 20
13 35 13 46
12 54 13 59
12 48 13 53
12 8 12 19
12 0 17 1
11 48 11 59
11 42 12 47
11 23 12 28
11 10 11 21
10 46 10 57
10 36 12 39
10 32 12 35
10 14 10 25
10 4 11 9
9 46 9 57
9 40 10 45
9 26 10 31
9 9 9 20
9 2 14 3
8 36 8 47
8 5 8 16
7 53 8 58
7 41 7 52
7 26 8 31
7 19 8 24
6 42 6 53
6 13 7 18
6 6 7 11
5 48 5 59
5 36 6 41
5 33 8 35
5 13 5 24
5 0 5 11
4 48 4 59
4 42 5 47
4 24 4 35
4 11 4 22
3 39 3 50
3 23 3 34
3 8 3 19
3 1 4 6
2 26 2 37
2 13 2 24
2 1 2 12
1 56 3 59
1 51 3 54
1 30 1 41
1 17 1 28
1 5 1 16
0 48 0 59
0 33 0 44
0 21 0 32
158 48 158 59
109 24 109 35
82 24 82 35
67 51 69 54
57 1 62 2
48 0 50 3
31 1 32 6
1 43 2 48
155 48 155 59
141 3 142 8
129 29 129 40
101 28 101 39
93 45 95 48
75 56 77 59
45 0 47 3
35 1 37 4
17 7 18 12
0 4 0 15
68 15 69 20
158 44 160 47
123 48 123 59
143 51 146 53
167 18 167 28
93 22 93 32
77 39 77 49
45 50 45 59
34 8 35 12
142 27 143 31
139 19 140 23
127 55 128 59
92 5 93 9
74 15 74 24
149 0 149 9
99 58 103 59
162 0 164 2
49 36 49 44
56 51 56 59
168 51 169 54
163 29 164 32
144 39 147 40
119 0 119 7
116 6 116 13
30 56 31 59
126 9 127 12
50 23 51 26
39 4 40 7
175 33 175 39
129 15 129 21
112 15 112 21
111 42 111 48
90 25 90 31
56 32 56 38
120 51 121 53
70 28 70 33
46 42 46 47
40 12 41 14
20 0 22 1
47 30 47 35
17 13 17 18
6 54 6 59
101 52 101 57
150 43 150 47
112 55 112 59
96 13 96 17
89 13 89 17
78 28 78 32
46 11 46 15
46 4 50 4
8 48 8 52
146 12 146 16
2 38 2 42
168 33 168 36
117 23 118 24
109 48 110 49
79 38 80 39
71 45 71 48
30 48 31 49
9 58 10 59
142 57 142 59
138 15 138 17
135 55 137 55
123 38 123 40
73 4 75 4
64 40 66 40
