789
0 1 3 3
0 4 11 4
0 6 11 6
0 8 11 8
0 9 5 10
0 11 11 11
0 12 2 15
0 16 3 18
0 19 5 20
0 21 0 32
0 33 2 36
0 37 3 39
0 40 11 40
0 41 3 43
0 44 11 44
0 45 1 50
0 51 3 53
0 54 2 57
1 21 12 21
1 23 6 24
1 25 12 25
1 26 4 28
1 29 4 31
2 45 5 47
2 58 7 59
3 13 14 13
3 32 6 34
3 35 8 36
3 48 14 48
3 54 14 54
4 1 9 2
4 7 15 7
4 14 6 17
4 18 15 18
4 37 15 37
4 38 15 38
4 41 15 41
4 42 9 43
4 50 9 51
4 56 9 57
5 5 16 5
5 22 16 22
5 26 8 28
6 0 17 0
6 9 17 9
6 10 17 10
6 12 17 12
6 19 17 19
6 29 17 29
6 46 11 47
7 14 10 16
7 24 18 24
7 32 18 32
7 33 12 34
7 55 18 55
8 31 19 31
8 52 13 53
8 58 19 58
9 23 20 23
9 26 20 26
9 27 14 28
9 49 20 49
10 42 21 42
10 43 21 43
10 45 21 45
10 50 15 51
10 57 21 57
11 35 16 36
12 4 23 4
12 16 17 17
12 30 23 30
12 40 23 40
12 44 23 44
12 47 23 47
13 6 24 6
13 21 24 21
13 25 24 25
13 33 24 33
13 34 24 34
14 1 19 2
14 20 25 20
14 46 25 46
15 52 18 54
16 28 27 28
16 37 27 37
16 41 27 41
17 14 22 15
17 50 22 51
18 0 29 0
18 7 29 7
18 10 29 10
18 11 21 13
18 17 23 18
18 19 29 19
18 35 29 35
19 9 30 9
19 36 30 36
19 52 24 53
19 54 24 55
19 59 30 59
20 2 25 3
20 39 31 39
20 48 31 48
21 23 26 24
22 11 33 11
22 22 33 22
22 42 27 43
23 12 28 13
23 15 28 16
23 49 26 51
23 56 26 58
24 8 35 8
24 18 35 18
24 26 35 26
25 21 36 21
25 25 36 25
25 33 36 33
25 52 27 55
26 1 27 6
26 20 37 20
26 29 31 30
27 23 32 24
27 38 38 38
27 49 30 51
28 1 33 2
28 3 33 4
28 5 33 6
28 28 39 28
28 32 39 32
28 41 33 42
28 43 39 43
28 52 31 54
28 57 39 57
29 12 31 15
29 16 34 17
29 27 40 27
29 47 40 47
29 58 40 58
30 19 41 19
30 55 41 55
30 56 41 56
31 40 42 40
31 49 34 51
32 12 34 15
32 34 35 36
32 48 43 48
33 52 38 53
34 0 35 5
34 6 39 7
34 9 37 11
34 22 37 24
34 29 45 29
34 41 39 42
35 12 38 14
35 16 46 16
35 54 46 54
36 1 41 2
36 4 47 4
36 17 41 18
36 30 47 30
36 34 47 34
36 35 41 36
36 45 47 45
36 49 39 51
37 33 48 33
37 44 48 44
37 46 48 46
38 8 40 11
38 15 49 15
38 20 43 21
38 22 43 23
38 24 49 24
39 12 42 14
39 37 42 39
39 52 44 53
40 7 51 7
40 41 43 43
40 49 51 49
41 8 52 8
41 10 52 10
41 25 43 28
41 57 52 57
42 1 47 2
43 13 48 14
43 19 54 19
43 31 54 31
43 32 54 32
43 35 48 36
43 38 48 39
43 58 54 58
44 11 55 11
44 20 46 23
44 25 46 28
44 40 47 42
45 9 56 9
45 50 47 53
45 55 56 55
46 0 57 0
46 47 51 48
47 3 58 3
47 20 50 22
47 25 52 26
47 27 52 28
47 37 58 37
47 54 58 54
48 1 59 1
48 16 51 18
48 29 53 30
48 40 53 41
48 50 53 51
48 52 53 53
49 5 54 6
49 33 54 34
49 35 60 35
49 42 54 43
49 44 60 44
49 45 54 46
50 4 61 4
50 23 55 24
51 13 56 14
51 20 56 21
51 38 56 39
52 15 57 16
52 17 63 17
52 47 63 47
53 25 55 28
53 56 58 57
54 10 65 10
54 12 65 12
54 40 59 41
54 49 56 52
55 5 66 5
55 18 60 19
55 30 60 31
55 32 66 32
55 34 66 34
55 43 66 43
55 45 66 45
56 23 61 24
56 25 59 27
56 42 67 42
57 6 59 9
57 20 60 22
57 28 62 29
57 46 68 46
57 48 59 51
57 55 68 55
58 13 63 14
58 38 63 39
59 2 70 2
59 3 70 3
59 11 70 11
59 52 64 53
59 54 70 54
60 0 71 0
60 1 71 1
60 8 71 8
60 40 71 40
60 41 71 41
60 50 65 51
60 59 71 59
61 15 72 15
61 18 66 19
61 21 66 22
61 31 72 31
61 44 72 44
62 23 64 26
62 37 73 37
62 56 65 58
63 7 74 7
63 28 68 29
63 35 68 36
64 6 75 6
64 20 75 20
64 33 75 33
65 9 76 9
65 25 76 25
65 26 76 26
65 38 70 39
65 48 76 48
66 10 77 10
66 12 71 13
66 30 77 30
66 49 77 49
66 50 77 50
66 51 71 52
66 56 71 57
67 4 72 5
67 21 78 21
68 42 73 43
69 14 80 14
69 16 72 18
69 27 74 28
69 34 80 34
69 36 80 36
69 45 72 47
69 55 80 55
70 22 81 22
70 23 75 24
71 2 76 3
72 0 83 0
72 32 83 32
72 51 77 52
72 57 75 59
73 4 78 5
73 15 78 16
73 17 78 18
73 44 76 46
73 53 78 54
74 12 85 12
74 29 85 29
74 35 85 35
74 37 75 42
74 43 85 43
75 11 86 11
75 27 80 28
76 6 79 8
76 19 81 20
76 24 87 24
76 37 87 37
77 13 88 13
77 25 82 26
77 39 88 39
77 45 88 45
77 46 88 46
77 47 82 48
78 1 81 3
78 9 83 10
78 41 89 41
78 50 83 51
78 56 80 59
79 15 81 18
79 33 90 33
79 53 84 54
80 5 85 6
80 30 91 30
81 23 92 23
81 34 92 34
81 38 92 38
81 57 92 57
81 59 92 59
82 1 93 1
82 2 87 3
82 14 93 14
82 15 83 20
82 52 93 52
82 56 93 56
83 7 88 8
83 21 94 21
83 26 94 26
83 47 88 48
83 55 94 55
84 9 95 9
84 15 85 20
84 27 89 28
84 32 95 32
85 51 96 51
85 53 96 53
85 54 96 54
86 6 97 6
86 15 91 16
86 17 89 19
86 22 97 22
86 42 97 42
86 43 97 43
87 10 90 12
87 35 92 36
88 2 91 4
88 49 99 49
88 58 99 58
89 13 100 13
89 25 100 25
89 29 100 29
89 39 100 39
89 46 100 46
90 17 93 19
90 28 101 28
90 44 101 44
91 7 96 8
91 40 96 41
91 47 96 48
92 2 103 2
92 3 103 3
92 10 97 11
92 15 103 15
92 24 103 24
92 50 103 50
93 23 104 23
93 31 104 31
93 33 96 35
93 36 96 38
94 1 105 1
94 4 105 4
94 16 105 16
94 17 97 19
94 52 105 52
94 56 99 57
95 21 106 21
96 9 107 9
96 20 107 20
97 7 102 8
97 30 108 30
97 33 98 38
97 53 100 55
98 5 103 6
98 10 103 11
98 17 101 19
98 22 109 22
98 40 100 43
98 51 109 51
99 32 101 35
99 36 110 36
99 37 104 38
99 48 110 48
99 59 110 59
100 26 105 27
100 49 111 49
101 12 104 14
101 40 104 42
101 45 106 46
101 47 112 47
101 53 104 55
102 17 113 17
102 28 107 29
102 32 113 32
102 33 113 33
102 34 113 34
102 56 113 56
102 57 113 57
103 19 114 19
103 25 114 25
103 35 114 35
104 2 109 3
105 5 116 5
105 6 116 6
105 7 116 7
105 37 108 39
105 40 107 43
105 54 110 55
106 4 117 4
106 11 117 11
106 12 117 12
106 13 108 16
106 31 117 31
107 21 118 21
107 46 118 46
107 53 118 53
108 0 119 0
108 18 119 18
108 23 119 23
108 28 119 28
108 29 119 29
108 40 110 43
109 14 112 16
109 38 120 38
109 39 120 39
109 44 114 45
110 1 113 3
110 8 113 10
110 26 121 26
110 50 113 52
111 27 122 27
111 42 116 43
111 48 122 48
111 59 122 59
112 37 123 37
112 49 123 49
112 54 117 55
113 13 115 16
114 1 117 3
114 8 117 10
114 17 125 17
114 41 125 41
114 51 119 52
114 56 117 58
115 19 126 19
115 25 126 25
115 33 120 34
115 44 120 45
116 13 127 13
116 14 121 15
117 5 122 6
117 32 128 32
117 35 122 36
117 40 128 40
118 7 119 12
118 20 129 20
118 54 121 56
119 1 122 3
119 30 130 30
119 50 130 50
120 7 122 10
120 11 125 12
120 21 131 21
120 31 131 31
120 52 125 53
121 28 126 29
121 38 126 39
121 43 124 45
121 57 126 58
122 26 133 26
122 46 133 46
122 54 133 54
122 55 127 56
123 2 134 2
123 3 124 8
123 14 128 15
123 33 128 34
123 36 134 36
124 1 135 1
124 10 135 10
124 42 135 42
124 48 135 48
124 59 135 59
125 3 126 8
125 37 136 37
125 44 130 45
125 47 136 47
126 11 137 11
126 23 131 24
126 43 137 43
126 51 131 52
127 3 132 4
127 5 129 8
127 16 138 16
127 19 138 19
127 27 130 29
127 38 132 39
127 41 138 41
128 0 139 0
128 12 133 13
128 55 133 56
128 57 133 58
129 14 140 14
129 34 134 35
129 40 140 40
130 5 135 6
130 7 133 9
130 15 141 15
130 20 141 20
130 25 141 25
131 18 142 18
131 28 136 29
132 21 143 21
132 22 143 22
132 27 143 27
132 30 137 31
132 49 135 51
132 52 137 53
133 17 144 17
134 7 137 9
134 12 139 13
134 38 145 38
134 44 137 46
134 56 137 58
135 3 140 4
135 23 146 23
135 33 137 36
135 54 146 54
136 1 147 1
136 2 147 2
136 48 147 48
136 49 139 51
136 55 147 55
137 28 142 29
137 59 148 59
138 5 140 8
138 9 143 10
138 30 143 31
138 34 149 34
138 35 141 37
138 42 140 45
138 46 149 46
138 56 143 57
138 58 149 58
139 16 150 16
140 11 143 13
140 19 151 19
140 32 145 33
140 50 143 52
141 0 152 0
141 7 146 8
141 14 152 14
141 40 144 42
141 43 144 45
142 4 147 5
142 15 153 15
142 25 147 26
142 35 153 35
143 6 154 6
143 18 154 18
143 28 148 29
144 10 147 12
144 20 147 22
144 27 155 27
144 31 155 31
144 37 155 37
144 49 149 50
144 56 155 56
145 3 156 3
145 9 156 9
145 39 148 41
146 42 149 44
146 51 151 52
147 8 158 8
147 33 158 33
147 53 158 53
148 2 159 2
148 4 153 5
148 21 151 23
148 24 151 26
149 10 160 10
149 28 160 28
149 29 154 30
149 38 151 41
150 1 161 1
150 11 155 12
150 20 161 20
150 42 161 42
150 44 155 45
150 46 161 46
150 47 152 50
150 57 161 57
151 34 162 34
151 55 162 55
152 19 163 19
152 24 157 25
152 38 154 41
152 58 157 59
153 51 164 51
154 7 165 7
154 14 159 15
155 4 166 4
155 23 166 23
155 29 166 29
155 41 166 41
155 49 166 49
155 50 166 50
155 54 166 54
156 5 161 6
156 11 161 12
156 17 167 17
156 22 167 22
156 26 161 27
156 30 161 31
156 35 161 36
156 37 167 37
156 40 167 40
156 45 167 45
156 47 167 47
158 13 169 13
158 16 169 16
158 58 169 58
159 8 170 8
159 24 164 25
159 43 170 43
159 52 164 53
159 59 170 59
160 2 165 3
160 14 171 14
161 33 172 33
161 38 166 39
162 0 167 1
162 5 167 6
162 9 164 12
162 20 167 21
162 27 167 28
162 30 167 31
162 36 173 36
162 46 173 46
162 57 173 57
163 34 168 35
165 9 167 12
165 24 170 25
165 48 176 48
165 51 170 52
165 56 176 56
167 2 178 2
167 23 178 23
167 44 178 44
167 49 178 49
167 50 178 50
168 1 179 1
168 3 171 5
168 18 173 19
168 22 179 22
168 27 179 27
168 28 171 30
168 31 173 32
168 37 179 37
168 38 171 40
168 47 179 47
168 55 179 55
169 10 172 12
170 41 175 42
171 15 176 16
171 51 173 54
171 58 176 59
172 3 174 6
172 8 177 9
172 29 177 30
173 11 175 14
173 24 178 25
174 18 177 20
174 31 179 32
174 33 176 36
174 51 177 53
175 4 177 7
176 10 179 12
176 41 179 43
177 14 179 17
177 56 179 59
41 5 46 6
42 17 47 18
74 31 85 31
79 40 90 40
133 39 144 39
137 47 148 47
146 32 157 32
172 38 175 40
10 56 21 56
49 36 60 36
77 44 88 44
113 47 124 47
176 38 179 40
12 8 23 8
102 58 113 58
153 48 164 48
28 37 38 37
120 18 130 18
8 59 18 59
36 3 46 3
145 17 155 17
156 44 166 44
160 15 170 15
48 2 58 2
86 20 95 20
158 32 167 32
95 26 99 27
108 20 117 20
36 0 45 0
17 5 25 5
156 56 164 56
166 7 174 7
55 33 63 33
67 19 75 19
138 53 146 53
150 43 158 43
4 52 7 53
65 53 72 53
72 38 73 41
76 56 77 59
178 18 179 21
106 26 109 27
117 42 120 43
172 28 179 28
37 25 40 26
2 49 8 49
86 31 92 31
103 8 109 8
123 9 129 9
126 17 132 17
152 52 158 52
12 11 17 11
60 25 61 27
67 16 68 18
76 40 77 42
83 25 88 25
93 59 98 59
123 35 128 35
148 54 150 55
174 54 179 54
120 51 125 51
144 57 149 57
100 56 101 58
69 35 73 35
76 38 80 38
145 45 149 45
0 7 3 7
3 55 6 55
6 45 9 45
30 7 33 7
44 47 45 48
61 35 62 36
141 3 144 3
144 51 145 52
3 12 5 12
122 14 122 16
127 25 129 25
