777
0 1 2 4
0 6 11 6
0 8 11 8
0 9 5 10
0 11 11 11
0 12 2 15
0 16 1 21
0 22 2 25
0 26 5 27
0 28 1 33
0 34 3 36
0 37 3 39
0 40 11 40
0 41 3 43
0 44 11 44
0 45 1 50
0 51 1 56
0 57 3 59
2 16 3 21
2 28 13 28
2 45 5 47
2 50 5 52
3 1 5 4
3 13 14 13
3 22 6 24
3 33 14 33
3 48 14 48
3 54 14 54
4 7 15 7
4 14 5 19
4 21 15 21
4 32 15 32
4 35 9 36
4 37 15 37
4 38 15 38
4 41 15 41
4 42 9 43
4 56 9 57
5 5 16 5
5 34 16 34
6 0 9 2
6 9 17 9
6 10 17 10
6 12 17 12
6 14 7 19
6 25 9 27
6 29 17 29
6 46 11 47
6 49 8 52
6 58 17 58
7 22 10 24
7 55 18 55
8 14 9 19
8 31 19 31
9 49 14 50
9 51 20 51
9 52 20 52
10 0 12 3
10 16 12 19
10 25 13 27
10 42 21 42
10 43 21 43
10 45 21 45
10 57 21 57
11 22 16 23
11 35 16 36
12 4 23 4
12 30 23 30
12 40 23 40
12 44 23 44
12 47 23 47
13 0 24 0
13 6 24 6
13 18 18 19
14 1 19 2
14 14 17 16
14 20 25 20
14 28 25 28
14 46 25 46
15 25 26 25
15 33 26 33
15 54 26 54
16 37 27 37
16 41 27 41
17 24 28 24
17 34 28 34
17 49 22 50
18 7 29 7
18 10 29 10
18 11 21 13
18 15 29 15
18 21 23 22
18 23 29 23
18 35 29 35
18 58 29 58
19 9 30 9
19 17 24 18
19 36 30 36
19 55 30 55
19 59 30 59
20 2 25 3
20 14 31 14
20 19 31 19
20 39 31 39
20 48 31 48
20 53 31 53
21 52 32 52
22 11 33 11
22 42 27 43
23 12 28 13
23 49 26 51
24 8 35 8
24 26 35 26
25 0 36 0
25 18 36 18
25 21 36 21
25 56 36 56
26 1 27 6
26 20 37 20
26 29 31 30
27 16 32 17
27 38 38 38
27 49 30 51
27 54 38 54
28 1 33 2
28 3 33 4
28 5 33 6
28 22 39 22
28 28 39 28
28 32 39 32
28 41 33 42
28 43 39 43
28 57 39 57
29 24 40 24
29 27 40 27
29 47 40 47
30 12 35 13
31 23 42 23
31 33 36 34
31 40 42 40
31 49 34 51
31 55 42 55
31 58 36 59
32 14 43 14
32 48 43 48
33 17 44 17
33 35 36 37
33 52 38 53
34 1 35 6
34 9 39 10
34 29 45 29
34 41 39 42
35 16 46 16
36 1 41 2
36 4 47 4
36 11 39 13
36 30 47 30
36 45 47 45
36 49 47 49
37 7 48 7
37 18 48 18
37 33 48 33
37 34 40 36
37 44 48 44
37 46 48 46
38 6 49 6
38 15 49 15
38 19 41 21
39 37 42 39
39 52 44 53
40 8 45 9
40 10 51 10
40 41 43 43
40 56 42 59
41 24 52 24
41 25 43 28
41 34 44 36
41 54 52 54
42 1 47 2
42 19 45 21
43 31 54 31
43 32 54 32
43 38 48 39
43 55 46 57
43 58 54 58
44 11 55 11
44 12 47 14
44 25 46 28
44 40 47 42
45 35 48 37
45 50 47 53
46 0 57 0
46 9 57 9
46 19 49 21
46 47 51 48
47 3 58 3
47 25 52 26
47 27 52 28
47 55 58 55
47 57 58 57
48 1 59 1
48 29 53 30
48 40 53 41
48 49 53 50
48 51 53 52
49 16 60 16
49 33 54 34
49 35 60 35
49 36 51 39
49 42 54 43
49 44 54 45
49 46 60 46
50 4 61 4
50 5 61 5
50 17 51 22
51 13 56 14
52 6 63 6
52 10 63 10
52 17 63 17
52 18 57 19
52 20 55 22
52 36 57 37
52 47 63 47
53 24 64 24
53 25 55 28
53 53 58 54
54 12 65 12
54 40 59 41
54 49 56 52
55 30 60 31
55 32 66 32
55 34 66 34
55 43 60 44
55 45 66 45
56 20 67 20
56 25 59 27
56 42 67 42
56 56 67 56
57 28 62 29
57 48 59 51
58 13 63 14
58 18 63 19
58 21 61 23
58 38 63 39
59 2 70 2
59 3 70 3
59 8 70 8
59 11 70 11
59 52 64 53
59 54 64 55
60 0 71 0
60 1 71 1
60 40 71 40
60 41 71 41
60 50 65 51
60 59 71 59
61 15 72 15
61 31 72 31
61 44 72 44
62 4 67 5
62 21 65 23
62 26 67 27
62 37 73 37
62 43 73 43
62 46 73 46
62 57 67 58
63 7 74 7
63 25 74 25
63 28 68 29
63 35 68 36
64 6 75 6
64 9 69 10
64 17 67 19
64 33 75 33
65 38 70 39
65 48 76 48
65 53 68 55
66 12 71 13
66 30 77 30
66 49 69 51
67 21 78 21
67 52 78 52
68 57 79 57
69 14 80 14
69 16 72 18
69 20 80 20
69 27 74 28
69 34 80 34
69 36 80 36
69 54 80 54
69 55 80 55
70 9 75 10
70 22 81 22
70 23 75 24
70 50 81 50
71 2 76 3
71 26 82 26
71 47 82 47
71 51 82 51
72 0 83 0
72 32 83 32
72 59 83 59
73 4 78 5
73 15 84 15
73 16 76 18
73 39 75 42
74 12 85 12
74 29 85 29
74 35 85 35
74 43 85 43
74 44 77 46
75 11 86 11
75 25 86 25
75 27 80 28
76 6 81 7
76 8 79 10
76 19 87 19
76 24 87 24
76 37 87 37
77 13 88 13
77 16 80 18
77 39 88 39
77 48 82 49
78 1 81 3
78 41 89 41
78 46 89 46
79 33 90 33
79 56 90 56
80 30 91 30
80 44 85 45
80 53 91 53
80 57 91 57
81 9 92 9
81 16 92 16
81 23 92 23
81 34 92 34
81 38 92 38
81 54 92 54
82 1 93 1
82 2 87 3
82 6 87 7
82 14 93 14
82 52 93 52
83 17 94 17
83 21 94 21
83 26 94 26
83 47 88 48
83 55 94 55
84 27 89 28
84 32 95 32
84 59 95 59
85 51 96 51
86 22 97 22
86 42 97 42
86 43 97 43
86 44 91 45
87 10 90 12
87 35 92 36
88 2 91 4
88 6 99 6
88 7 93 8
88 18 93 19
88 49 99 49
88 58 99 58
89 13 100 13
89 25 100 25
89 29 100 29
89 39 100 39
90 15 101 15
90 28 101 28
90 46 93 48
91 40 96 41
92 2 97 3
92 10 97 11
92 24 103 24
92 44 103 44
92 50 103 50
92 56 97 57
93 23 104 23
93 31 104 31
93 33 96 35
93 36 96 38
93 53 104 53
93 54 104 54
94 1 105 1
94 4 105 4
94 7 99 8
94 9 105 9
94 16 105 16
94 18 97 20
94 45 96 48
94 52 105 52
95 21 106 21
96 17 107 17
97 30 108 30
97 33 108 33
97 34 102 35
97 36 108 36
97 46 108 46
98 2 103 3
98 10 103 11
98 18 109 18
98 19 103 20
98 22 109 22
98 37 103 38
98 40 100 43
98 51 109 51
99 48 110 48
99 55 110 55
99 59 110 59
100 5 102 8
100 26 105 27
100 49 111 49
101 12 104 14
101 32 112 32
101 40 104 42
101 47 112 47
102 28 107 29
102 56 113 56
102 57 113 57
103 5 108 6
103 25 114 25
103 35 114 35
104 2 109 3
104 20 115 20
104 37 109 38
104 44 109 45
105 7 116 7
105 40 107 43
106 4 117 4
106 8 111 9
106 11 117 11
106 12 117 12
106 13 108 16
106 31 117 31
107 21 118 21
107 53 118 53
108 0 119 0
108 17 119 17
108 23 119 23
108 28 113 29
108 39 119 39
108 40 110 43
109 5 120 5
109 6 120 6
109 14 112 16
109 46 120 46
110 1 113 3
110 18 121 18
110 26 121 26
110 36 113 38
110 50 113 52
111 19 122 19
111 27 122 27
111 33 116 34
111 42 116 43
111 48 122 48
111 59 122 59
112 8 115 10
112 44 117 45
112 49 123 49
112 54 117 55
113 13 115 16
114 1 117 3
114 28 119 29
114 37 125 37
114 41 125 41
114 51 119 52
114 56 117 58
115 25 126 25
116 8 119 10
116 13 127 13
116 14 121 15
116 38 127 38
117 32 128 32
117 33 128 33
117 34 128 34
117 35 122 36
117 40 128 40
118 12 129 12
118 20 129 20
118 44 123 45
118 54 121 56
119 1 124 2
119 11 130 11
119 30 130 30
119 50 130 50
120 7 122 10
120 16 125 17
120 21 131 21
120 31 131 31
120 52 131 52
121 5 132 5
121 28 126 29
121 57 126 58
122 3 133 3
122 26 133 26
122 46 127 47
122 53 127 54
122 55 127 56
123 7 134 7
123 14 128 15
123 19 134 19
123 36 134 36
123 39 134 39
124 10 135 10
124 42 135 42
124 44 129 45
124 48 135 48
124 59 135 59
125 0 128 2
126 4 137 4
126 23 131 24
126 37 137 37
126 43 137 43
127 16 138 16
127 27 130 29
127 41 138 41
128 38 139 38
128 46 139 46
128 53 130 56
128 57 133 58
129 0 132 2
129 13 134 14
129 34 134 35
129 40 140 40
129 47 140 47
130 9 141 9
130 12 141 12
130 15 141 15
130 20 141 20
130 25 141 25
130 44 135 45
131 18 142 18
131 28 136 29
131 49 134 51
131 53 134 55
132 21 143 21
132 22 143 22
132 27 143 27
132 30 135 32
133 0 144 0
133 1 138 2
133 5 138 6
133 17 144 17
134 11 145 11
134 56 137 58
135 7 140 8
135 13 146 13
135 23 146 23
135 33 146 33
135 34 138 36
135 49 136 54
136 45 147 45
136 48 147 48
136 55 147 55
137 28 142 29
137 30 142 31
137 44 148 44
137 49 140 51
137 52 140 54
137 59 148 59
138 56 143 57
138 58 149 58
139 1 140 6
139 16 150 16
139 34 142 36
139 41 142 43
140 14 151 14
140 19 151 19
140 37 143 39
141 1 146 2
141 7 152 7
141 40 152 40
141 49 142 54
142 4 147 5
142 8 147 9
142 15 153 15
142 25 147 26
142 46 153 46
143 6 154 6
143 18 154 18
143 28 146 30
143 31 154 31
143 32 154 32
143 34 154 34
143 35 154 35
143 49 148 50
144 20 147 22
144 27 155 27
144 36 147 38
144 56 155 56
145 3 156 3
145 41 156 41
145 53 150 54
146 10 149 12
146 51 151 52
147 33 158 33
147 39 158 39
148 2 159 2
148 4 153 5
148 8 159 8
148 9 159 9
148 21 151 23
148 24 151 26
148 42 159 42
149 28 160 28
149 29 154 30
149 44 154 45
149 47 151 50
150 1 161 1
150 10 155 11
150 20 161 20
150 57 161 57
151 53 162 53
151 55 162 55
152 19 163 19
152 24 157 25
152 37 163 37
152 58 157 59
153 51 164 51
154 7 165 7
154 14 159 15
155 4 166 4
155 23 166 23
155 29 166 29
155 30 160 31
155 34 158 36
155 43 157 46
155 49 166 49
155 50 166 50
155 54 166 54
156 5 161 6
156 10 159 12
156 17 167 17
156 22 167 22
156 26 161 27
156 40 167 40
156 47 167 47
158 13 169 13
158 16 169 16
158 41 169 41
158 58 169 58
159 24 164 25
159 32 162 34
159 35 170 35
159 43 170 43
159 44 164 45
159 46 170 46
159 59 170 59
160 2 165 3
160 8 162 11
160 12 171 12
160 14 171 14
160 52 171 52
161 31 172 31
161 38 166 39
162 0 167 1
162 5 167 6
162 20 167 21
162 27 167 28
162 36 173 36
162 57 173 57
163 8 165 11
163 33 174 33
165 24 168 26
165 45 176 45
165 48 176 48
165 56 176 56
166 8 168 11
167 2 178 2
167 23 178 23
167 37 178 37
167 44 178 44
167 49 178 49
167 50 178 50
168 1 179 1
168 3 173 4
168 18 173 19
168 22 179 22
168 27 179 27
168 28 171 30
168 38 171 40
168 47 179 47
168 55 179 55
169 5 174 6
169 7 172 9
170 41 175 42
171 15 176 16
171 53 176 54
171 58 176 59
172 10 174 13
172 29 177 30
173 7 178 8
173 24 178 25
174 18 177 20
174 31 179 32
174 34 177 36
175 4 178 6
175 9 176 14
176 41 179 43
177 10 178 15
177 51 179 54
177 56 179 59
178 16 179 21
2 53 13 53
4 59 15 59
12 56 23 56
27 25 38 25
52 38 57 39
74 31 85 31
79 40 90 40
123 8 128 9
165 51 176 51
172 38 175 40
81 20 92 20
152 47 154 50
176 38 179 40
36 5 47 5
117 42 122 43
12 8 23 8
102 58 113 58
143 43 154 43
68 56 78 56
69 53 79 53
163 32 173 32
36 3 46 3
120 51 130 51
145 17 155 17
160 15 170 15
48 2 58 2
35 50 44 50
68 4 72 5
71 38 80 38
95 26 99 27
126 17 130 18
155 48 164 48
17 5 25 5
113 47 121 47
156 56 164 56
55 33 63 33
37 0 45 0
141 47 148 47
58 36 61 37
68 19 75 19
106 26 109 27
152 52 159 52
172 28 179 28
98 56 101 57
143 51 144 54
67 45 73 45
86 31 92 31
30 7 36 7
12 11 17 11
60 25 61 27
76 40 77 42
123 35 128 35
129 8 134 8
169 10 171 11
14 53 19 53
144 57 149 57
45 17 49 17
69 35 73 35
135 19 139 19
2 55 6 55
0 7 3 7
6 45 9 45
39 25 40 26
44 47 45 48
45 34 48 34
48 4 49 5
141 3 144 3
155 32 158 32
158 43 158 46
3 12 5 12
127 25 129 25
144 39 146 39
