772
0 1 3 3
0 4 11 4
0 6 11 6
0 8 11 8
0 9 11 9
0 11 1 16
0 17 11 17
0 18 3 20
0 21 11 21
0 22 5 23
0 24 11 24
0 25 11 25
0 26 5 27
0 28 1 33
0 34 2 37
0 38 5 39
0 40 11 40
0 41 3 43
0 44 11 44
0 45 1 50
0 51 1 56
0 57 3 59
1 10 12 10
2 11 13 11
2 12 4 15
2 28 13 28
2 45 5 47
2 50 5 52
3 16 14 16
3 31 4 36
3 37 14 37
3 48 14 48
3 54 14 54
4 1 9 2
4 7 15 7
4 18 15 18
4 41 15 41
4 42 9 43
4 56 9 57
5 5 16 5
5 13 16 13
5 31 7 34
5 35 10 36
6 0 17 0
6 12 17 12
6 19 17 19
6 22 17 22
6 29 17 29
6 38 17 38
6 46 11 47
6 49 8 52
6 58 17 58
7 55 18 55
8 31 19 31
8 32 19 32
8 34 19 34
9 23 20 23
9 26 20 26
9 49 14 50
9 51 20 51
9 52 20 52
10 42 21 42
10 43 21 43
10 45 21 45
10 57 21 57
11 33 22 33
11 35 16 36
12 4 23 4
12 9 23 9
12 21 23 21
12 25 23 25
12 30 23 30
12 40 23 40
12 44 23 44
12 47 23 47
13 6 24 6
14 1 19 2
14 20 25 20
14 28 25 28
14 46 25 46
15 14 17 17
15 54 26 54
16 37 27 37
16 41 27 41
17 10 28 10
17 24 28 24
17 49 22 50
18 0 29 0
18 7 29 7
18 11 21 13
18 15 29 15
18 17 23 18
18 19 29 19
18 35 29 35
18 58 29 58
19 36 30 36
19 55 30 55
19 59 30 59
20 2 25 3
20 14 31 14
20 39 31 39
20 48 31 48
20 53 31 53
21 52 32 52
22 11 33 11
22 22 27 23
22 42 27 43
23 12 28 13
23 31 25 34
23 49 26 51
24 8 35 8
24 9 35 9
24 18 35 18
24 25 35 25
24 26 35 26
25 21 36 21
25 56 36 56
26 1 31 2
26 3 28 6
26 20 37 20
26 29 31 30
27 16 32 17
27 38 38 38
27 49 30 51
27 54 38 54
28 22 39 22
28 23 39 23
28 28 39 28
28 32 39 32
28 41 33 42
28 43 39 43
28 57 39 57
29 3 31 6
29 24 40 24
29 27 40 27
29 47 40 47
30 12 35 13
30 19 41 19
31 33 36 34
31 40 42 40
31 49 34 51
31 55 42 55
31 58 36 59
32 0 34 3
32 4 34 7
32 14 43 14
32 48 43 48
33 17 44 17
33 35 36 37
33 52 38 53
34 29 45 29
34 41 45 41
35 1 46 1
35 2 46 2
35 4 37 7
35 10 46 10
35 16 46 16
36 11 39 13
36 30 47 30
36 45 47 45
36 49 39 51
37 8 42 9
37 18 48 18
37 33 48 33
37 34 42 35
37 44 48 44
37 46 48 46
38 5 41 7
38 15 49 15
38 20 43 21
39 37 42 39
39 52 44 53
40 23 51 23
40 49 51 49
40 56 42 59
41 4 52 4
41 24 52 24
41 25 43 28
41 54 52 54
42 7 53 7
43 19 54 19
43 31 54 31
43 32 54 32
43 34 45 37
43 38 48 39
43 55 46 57
43 58 54 58
44 11 55 11
44 12 47 14
44 20 55 20
44 21 49 22
44 25 46 28
45 9 56 9
45 42 56 42
45 50 47 53
46 0 57 0
46 36 51 37
46 40 51 41
46 47 51 48
47 3 58 3
47 25 52 26
47 27 52 28
47 34 52 35
47 55 58 55
47 57 58 57
48 1 59 1
48 29 53 30
48 50 50 53
49 5 54 6
49 16 60 16
49 44 60 44
49 45 54 46
50 17 61 17
50 21 55 22
51 10 62 10
51 13 56 14
51 38 56 39
51 50 53 53
52 36 57 37
52 40 57 41
52 43 63 43
52 47 63 47
53 4 64 4
53 24 64 24
53 25 55 28
54 12 65 12
54 49 56 52
55 5 60 6
55 18 60 19
55 30 60 31
55 32 66 32
55 34 66 34
55 45 66 45
56 20 59 22
56 25 59 27
56 56 67 56
57 28 62 29
57 35 68 35
57 42 68 42
57 46 68 46
57 48 59 51
58 13 63 14
58 36 59 41
58 54 69 54
59 2 70 2
59 3 70 3
59 8 70 8
59 11 70 11
59 52 64 53
60 0 71 0
60 1 71 1
60 20 63 22
60 37 62 40
60 41 71 41
60 50 65 51
60 55 71 55
60 59 71 59
61 5 64 7
61 15 72 15
61 18 66 19
61 31 72 31
61 44 72 44
62 17 73 17
62 26 67 27
62 57 67 58
63 9 68 10
63 25 74 25
63 28 66 30
63 37 66 39
63 40 74 40
64 20 75 20
64 33 75 33
64 36 75 36
64 43 75 43
65 4 68 6
65 7 76 7
65 21 70 22
65 48 76 48
66 12 71 13
66 49 69 51
67 28 72 29
67 52 72 53
68 57 79 57
69 4 72 6
69 9 74 10
69 14 80 14
69 18 80 18
69 34 80 34
69 37 74 38
69 45 72 47
70 23 75 24
70 50 81 50
71 2 76 3
71 22 82 22
71 26 82 26
71 51 82 51
72 0 83 0
72 32 83 32
72 54 75 56
72 59 83 59
73 4 78 5
73 6 84 6
73 15 78 16
73 27 78 28
73 29 78 30
73 41 78 42
73 44 76 46
74 12 85 12
74 21 85 21
74 35 85 35
75 8 77 11
75 17 86 17
75 25 86 25
75 52 86 52
76 19 87 19
76 24 87 24
76 36 78 39
76 43 87 43
76 53 79 55
77 13 88 13
77 45 88 45
77 46 82 47
77 48 82 49
78 1 81 3
78 9 83 10
79 27 81 30
79 33 90 33
79 56 90 56
80 36 83 38
80 39 91 39
80 40 83 42
80 53 91 53
80 54 91 54
80 57 91 57
81 16 92 16
81 23 92 23
81 34 92 34
82 1 93 1
82 2 87 3
82 14 93 14
82 27 84 30
83 7 88 8
83 26 94 26
83 46 86 48
83 55 94 55
84 9 95 9
84 15 95 15
84 32 95 32
84 36 87 38
84 40 89 41
84 59 95 59
85 4 88 6
85 27 88 29
85 30 96 30
85 51 96 51
86 10 91 11
86 22 97 22
86 42 97 42
87 35 98 35
87 46 98 46
87 47 98 47
88 2 99 2
88 18 93 19
88 20 93 21
88 37 93 38
88 43 99 43
88 49 99 49
88 58 99 58
89 3 94 4
89 6 100 6
89 12 94 13
89 25 100 25
89 27 92 29
90 44 95 45
90 52 101 52
91 7 96 8
91 17 102 17
91 40 96 41
92 10 103 10
92 11 103 11
92 24 103 24
92 50 103 50
92 54 103 54
92 56 97 57
93 23 104 23
93 28 104 28
93 31 104 31
93 53 104 53
94 1 105 1
94 16 105 16
94 18 97 20
94 29 105 29
94 36 105 36
94 37 97 39
95 4 106 4
95 21 106 21
95 33 100 34
96 9 107 9
96 13 107 13
97 7 102 8
97 30 108 30
97 44 108 44
98 18 109 18
98 19 103 20
98 22 109 22
98 37 101 39
98 51 109 51
99 40 104 41
99 46 110 46
99 48 110 48
99 55 110 55
99 59 110 59
100 2 111 2
100 26 105 27
100 35 111 35
100 49 111 49
101 5 106 6
101 32 112 32
101 33 112 33
101 42 106 43
101 47 112 47
102 34 113 34
102 37 105 39
102 52 113 52
102 56 113 56
102 57 113 57
103 17 114 17
103 25 114 25
104 20 115 20
105 3 116 3
105 7 116 7
106 11 117 11
106 12 117 12
106 15 111 16
106 26 108 29
106 31 117 31
106 38 117 38
107 4 118 4
107 5 112 6
107 21 118 21
107 39 109 42
107 53 118 53
108 0 119 0
108 23 119 23
109 29 120 29
109 44 114 45
110 8 113 10
110 13 115 14
110 18 121 18
110 26 121 26
110 28 121 28
110 39 121 39
110 51 121 51
111 19 122 19
111 27 122 27
111 42 116 43
111 48 122 48
111 59 122 59
112 1 117 2
112 15 123 15
112 37 123 37
112 46 123 46
112 49 123 49
112 54 117 55
113 5 124 5
113 6 124 6
113 16 124 16
114 8 117 10
114 33 117 35
114 41 125 41
114 56 117 58
115 17 126 17
115 25 126 25
115 44 120 45
116 13 127 13
116 52 127 52
117 32 128 32
117 40 128 40
118 7 119 12
118 20 129 20
118 33 129 33
118 34 121 36
118 54 121 56
119 1 124 2
119 30 130 30
119 50 130 50
120 7 123 9
120 10 131 10
120 11 125 12
120 21 131 21
120 31 131 31
121 43 124 45
121 57 126 58
122 3 133 3
122 26 133 26
122 28 133 28
122 36 133 36
122 38 133 38
122 53 127 54
122 55 127 56
123 19 134 19
123 29 134 29
123 39 134 39
124 15 135 15
124 42 135 42
124 48 135 48
124 59 135 59
125 0 128 2
125 4 128 6
125 14 136 14
125 34 130 35
125 37 136 37
125 44 130 45
125 47 136 47
126 7 131 8
126 11 137 11
126 23 131 24
126 43 137 43
126 46 137 46
127 16 132 17
127 41 138 41
128 12 133 13
128 51 130 54
128 55 133 56
128 57 133 58
129 0 132 2
129 4 134 5
129 40 140 40
130 9 141 9
130 20 141 20
130 25 141 25
131 18 142 18
131 34 136 35
131 49 134 51
131 54 142 54
132 21 143 21
132 22 143 22
132 27 143 27
132 30 135 32
132 52 137 53
133 0 144 0
133 1 138 2
133 17 144 17
134 12 139 13
134 16 145 16
134 28 145 28
134 38 145 38
134 56 139 57
135 3 140 4
135 7 140 8
135 23 146 23
135 33 146 33
135 44 140 45
135 50 146 50
135 58 146 58
136 29 147 29
136 48 147 48
136 55 147 55
137 30 142 31
137 34 142 35
137 36 142 37
137 59 148 59
138 10 143 11
138 46 149 46
138 51 141 53
139 1 144 2
139 41 142 43
140 13 151 13
140 14 151 14
140 19 151 19
141 7 152 7
141 15 152 15
141 40 152 40
141 44 152 44
141 56 152 56
142 4 147 5
142 8 147 9
142 25 147 26
143 6 154 6
143 18 154 18
143 30 146 32
143 34 154 34
143 35 154 35
144 10 147 12
144 20 147 22
144 27 155 27
144 37 155 37
145 0 150 1
145 3 156 3
145 41 156 41
145 53 150 54
146 51 151 52
147 31 150 33
147 39 158 39
147 57 152 58
148 2 159 2
148 4 153 5
148 8 159 8
148 9 159 9
148 21 151 23
148 24 151 26
148 42 159 42
148 48 153 49
149 10 160 10
149 28 160 28
149 29 154 30
149 50 160 50
150 11 155 12
150 20 161 20
150 46 161 46
151 1 162 1
151 33 162 33
151 53 162 53
151 55 162 55
152 19 163 19
152 24 157 25
152 31 163 31
153 15 164 15
153 45 164 45
153 51 164 51
153 56 155 59
154 7 165 7
155 4 166 4
155 23 166 23
155 29 166 29
155 34 166 34
155 49 166 49
155 54 166 54
156 5 161 6
156 11 161 12
156 13 161 14
156 17 167 17
156 22 167 22
156 26 161 27
156 35 161 36
156 37 167 37
156 40 167 40
156 47 167 47
156 56 159 58
158 16 169 16
158 41 169 41
159 24 164 25
159 43 170 43
159 59 170 59
160 2 165 3
160 8 171 8
160 52 171 52
160 58 171 58
161 38 166 39
162 5 167 6
162 9 167 10
162 11 173 11
162 12 165 14
162 20 167 21
162 27 167 28
162 36 173 36
162 46 173 46
162 57 173 57
163 0 168 1
163 33 174 33
163 35 174 35
163 50 174 50
164 30 167 32
165 24 170 25
165 45 176 45
165 48 176 48
165 56 176 56
166 12 177 12
167 2 172 3
167 13 172 14
167 23 178 23
167 44 178 44
167 49 178 49
168 18 173 19
168 22 179 22
168 27 170 30
168 31 173 32
168 37 179 37
168 38 171 40
168 47 179 47
168 55 179 55
169 0 174 1
169 4 172 6
170 41 175 42
171 15 176 16
171 26 173 29
171 53 176 54
172 8 177 9
172 58 177 59
173 2 174 7
173 24 178 25
174 18 177 20
174 26 175 31
175 1 176 6
175 32 177 35
176 27 179 29
176 41 179 43
177 2 178 7
177 14 179 17
177 51 179 54
2 53 13 53
4 59 15 59
12 56 23 56
49 33 60 33
74 31 85 31
137 47 148 47
141 45 152 45
146 16 157 16
153 43 158 44
165 51 176 51
172 38 175 40
174 10 179 11
40 43 51 43
42 5 47 6
76 20 87 20
77 44 88 44
113 47 124 47
135 39 146 39
176 38 179 40
151 32 162 32
12 8 23 8
35 3 46 3
102 58 113 58
47 2 58 2
34 42 44 42
35 0 45 0
145 17 155 17
154 48 164 48
95 3 104 3
143 42 147 43
36 25 40 26
95 26 99 27
17 5 25 5
67 19 75 19
122 18 130 18
67 39 75 39
116 14 124 14
142 51 144 53
131 44 134 45
178 18 179 21
117 42 120 43
152 52 159 52
98 56 101 57
159 44 166 44
168 9 171 10
79 36 79 42
86 31 92 31
103 8 109 8
140 57 146 57
149 47 155 47
14 10 16 11
60 25 61 27
122 34 124 35
122 51 127 51
124 9 129 9
14 53 19 53
165 15 170 15
45 17 49 17
69 35 73 35
135 19 139 19
148 43 152 43
2 55 6 55
0 7 3 7
6 45 9 45
44 47 45 48
87 17 90 17
124 7 125 8
141 3 144 3
60 36 63 36
76 56 78 56
127 25 129 25
135 51 137 51
