785
0 1 2 4
0 6 11 6
0 8 11 8
0 9 11 9
0 11 11 11
0 12 2 15
0 16 1 21
0 22 0 33
0 34 2 37
0 38 5 39
0 40 11 40
0 41 3 43
0 44 11 44
0 45 1 50
0 51 1 56
0 57 3 59
1 10 12 10
1 23 6 24
1 25 12 25
1 26 4 28
1 29 4 31
2 16 3 21
2 45 5 47
2 50 5 52
3 1 5 4
3 13 14 13
3 32 4 37
3 48 14 48
3 54 14 54
4 7 15 7
4 14 6 17
4 18 15 18
4 21 15 21
4 41 15 41
4 42 9 43
4 56 9 57
5 5 16 5
5 22 16 22
5 26 8 28
5 31 6 36
5 37 16 37
6 0 17 0
6 1 11 2
6 12 17 12
6 19 17 19
6 29 17 29
6 38 17 38
6 46 11 47
6 49 8 52
6 58 17 58
7 14 10 16
7 24 18 24
7 32 10 34
7 55 18 55
8 31 19 31
8 35 13 36
9 23 20 23
9 26 20 26
9 27 14 28
9 49 20 49
9 51 20 51
9 52 20 52
10 42 21 42
10 43 21 43
10 45 21 45
10 57 21 57
11 32 22 32
11 33 22 33
12 4 23 4
12 9 23 9
12 16 17 17
12 30 23 30
12 34 23 34
12 40 23 40
12 44 23 44
12 47 23 47
13 6 24 6
13 25 24 25
14 1 19 2
14 20 25 20
14 36 25 36
14 46 25 46
15 54 26 54
16 28 27 28
16 41 27 41
17 10 28 10
17 14 22 15
17 37 28 37
18 0 29 0
18 7 29 7
18 11 21 13
18 17 23 18
18 19 29 19
18 21 23 22
18 35 29 35
18 58 29 58
19 55 30 55
19 59 30 59
20 2 25 3
20 39 31 39
20 48 31 48
20 53 31 53
21 23 26 24
21 50 26 51
21 52 32 52
22 11 33 11
22 42 27 43
23 12 28 13
23 15 28 16
24 8 35 8
24 9 35 9
24 18 35 18
24 26 35 26
25 21 36 21
25 25 36 25
25 33 36 33
25 56 36 56
26 1 27 6
26 20 37 20
26 29 31 30
26 36 37 36
27 23 32 24
27 38 38 38
27 49 30 51
27 54 38 54
28 1 33 2
28 3 33 4
28 5 33 6
28 22 39 22
28 28 39 28
28 32 39 32
28 41 33 42
28 43 39 43
28 57 39 57
29 12 31 15
29 16 34 17
29 27 40 27
29 47 40 47
30 19 41 19
31 40 42 40
31 49 34 51
31 55 42 55
31 58 36 59
32 12 34 15
32 48 43 48
33 52 38 53
34 0 35 5
34 6 39 7
34 29 45 29
34 34 39 35
34 41 45 41
35 10 36 15
35 16 46 16
35 23 40 24
36 1 41 2
36 4 47 4
36 17 41 18
36 30 47 30
36 45 47 45
36 49 39 51
37 8 39 11
37 12 40 14
37 33 48 33
37 44 48 44
37 46 48 46
38 15 49 15
38 20 43 21
39 37 42 39
39 52 44 53
40 6 41 11
40 34 43 36
40 49 51 49
40 56 42 59
41 12 44 14
41 22 42 27
41 54 52 54
42 1 47 2
42 6 44 9
43 19 54 19
43 23 48 24
43 26 54 26
43 31 54 31
43 32 54 32
43 38 48 39
43 55 45 58
44 10 49 11
44 20 55 20
44 21 49 22
44 25 55 25
45 6 47 9
45 13 56 13
45 35 56 35
45 42 56 42
45 50 47 53
46 0 57 0
46 27 49 29
46 36 51 37
46 40 51 41
46 47 51 48
46 57 57 57
47 3 58 3
47 55 58 55
48 1 59 1
48 4 49 9
48 16 51 18
48 50 51 52
49 23 54 24
49 33 54 34
49 44 54 45
49 46 60 46
50 4 61 4
50 5 51 10
50 21 55 22
50 28 55 29
51 38 56 39
52 5 53 10
52 15 57 16
52 17 63 17
52 36 57 37
52 40 57 41
52 43 63 43
52 47 63 47
52 48 53 53
54 5 65 5
54 8 59 9
54 10 65 10
54 11 59 12
54 49 56 52
55 18 60 19
55 30 60 31
55 32 66 32
55 34 66 34
55 45 66 45
56 20 59 22
56 23 61 24
56 25 59 27
56 56 67 56
57 28 62 29
57 35 68 35
57 42 68 42
57 44 68 44
57 48 59 51
58 13 63 14
58 36 59 41
58 54 69 54
59 2 70 2
59 3 70 3
59 6 64 7
59 52 64 53
60 0 71 0
60 1 71 1
60 8 71 8
60 20 63 22
60 37 63 39
60 40 71 40
60 41 71 41
60 50 65 51
60 55 71 55
60 59 71 59
61 15 72 15
61 18 66 19
61 31 72 31
62 11 73 11
62 23 64 26
62 46 73 46
62 57 67 58
63 28 66 30
64 20 75 20
64 33 75 33
64 36 75 36
64 37 67 39
64 43 75 43
65 6 70 7
65 9 76 9
65 21 70 22
65 25 70 26
65 48 76 48
66 10 77 10
66 12 71 13
66 49 69 51
67 4 72 5
67 27 70 29
67 52 78 52
68 57 79 57
69 14 80 14
69 16 71 19
69 34 80 34
69 37 74 38
70 23 75 24
70 50 81 50
70 53 75 54
71 2 76 3
71 7 82 7
71 22 82 22
71 25 76 26
71 28 74 30
71 47 82 47
71 51 82 51
72 0 83 0
72 6 83 6
72 16 75 18
72 32 83 32
72 44 83 44
72 55 83 55
72 59 83 59
73 4 78 5
73 15 84 15
73 39 75 42
74 12 85 12
74 21 85 21
74 35 85 35
75 11 86 11
75 27 80 28
75 29 80 30
75 45 80 46
76 8 87 8
76 16 81 17
76 18 79 20
76 24 87 24
76 36 79 38
76 43 87 43
76 54 87 54
77 13 88 13
77 25 82 26
77 39 88 39
77 48 82 49
78 1 81 3
78 9 83 10
78 41 89 41
79 33 90 33
79 56 90 56
80 19 91 19
80 36 85 37
80 53 91 53
80 57 91 57
81 23 92 23
81 28 86 29
81 30 92 30
81 34 92 34
81 38 92 38
81 45 86 46
82 1 93 1
82 2 87 3
82 14 93 14
82 16 87 17
82 52 93 52
83 26 94 26
83 47 88 48
84 4 87 6
84 9 95 9
84 32 95 32
84 55 95 55
84 59 95 59
85 51 96 51
86 22 97 22
86 42 97 42
87 10 90 12
87 35 92 36
87 46 98 46
88 2 99 2
88 3 89 8
88 20 93 21
88 27 93 28
88 43 99 43
88 49 99 49
88 58 99 58
89 13 100 13
89 17 94 18
89 25 100 25
89 29 100 29
89 39 94 40
89 54 100 54
90 15 101 15
90 44 95 45
91 3 96 4
91 7 96 8
91 47 96 48
92 10 97 11
92 24 103 24
92 50 103 50
92 56 97 57
93 23 104 23
93 31 104 31
93 33 96 35
93 36 96 38
93 41 104 41
93 53 104 53
94 1 105 1
94 16 105 16
94 19 97 21
94 27 99 28
94 52 105 52
95 40 106 40
96 5 101 6
96 9 107 9
96 17 107 17
97 7 102 8
97 18 108 18
97 30 108 30
97 33 98 38
97 44 108 44
98 3 103 4
98 10 103 11
98 19 101 21
98 22 109 22
98 51 109 51
99 32 101 35
99 36 104 37
99 38 104 39
99 46 110 46
99 48 110 48
99 55 110 55
99 59 110 59
100 2 111 2
100 26 105 27
100 49 111 49
101 12 104 14
101 28 106 29
101 42 106 43
101 47 112 47
102 5 107 6
102 19 105 21
102 32 113 32
102 33 113 33
102 34 113 34
102 56 113 56
102 57 113 57
103 25 114 25
103 35 114 35
105 3 116 3
105 7 116 7
105 37 108 39
106 4 117 4
106 11 117 11
106 12 117 12
106 13 108 16
106 20 111 21
106 31 117 31
107 28 118 28
107 29 118 29
107 40 110 42
107 53 118 53
108 0 119 0
108 5 119 5
108 6 119 6
108 17 119 17
108 23 119 23
109 14 112 16
109 18 120 18
109 38 120 38
109 39 120 39
109 44 114 45
110 8 113 10
110 26 121 26
110 50 113 52
111 19 122 19
111 27 122 27
111 42 116 43
111 48 122 48
111 59 122 59
112 1 117 2
112 37 123 37
112 46 123 46
112 49 123 49
112 54 117 55
113 13 115 16
113 20 116 22
114 8 117 10
114 41 125 41
114 51 119 52
114 56 117 58
115 25 126 25
115 33 120 34
115 44 120 45
116 13 127 13
116 14 121 15
117 20 122 21
117 32 128 32
117 35 122 36
117 40 128 40
118 7 120 10
118 12 129 12
118 54 120 57
119 1 122 3
119 11 130 11
119 30 130 30
119 50 130 50
120 16 125 17
120 31 131 31
120 52 125 53
121 5 122 10
121 28 126 29
121 38 126 39
121 43 124 45
121 54 132 54
121 55 124 57
122 26 133 26
123 2 124 7
123 14 128 15
123 19 134 19
123 20 128 21
123 33 128 34
123 36 134 36
124 1 135 1
124 10 135 10
124 42 135 42
124 48 135 48
124 59 135 59
125 2 136 2
125 3 126 8
125 37 136 37
125 44 130 45
125 47 136 47
125 55 127 58
126 23 131 24
126 43 137 43
126 46 137 46
126 51 131 52
127 3 132 4
127 5 132 6
127 7 130 9
127 16 132 17
127 27 130 29
127 38 132 39
127 41 138 41
128 0 139 0
128 55 133 56
128 57 133 58
129 13 134 14
129 20 140 20
129 21 134 22
129 34 134 35
129 40 140 40
130 12 141 12
130 15 141 15
130 25 141 25
131 7 134 9
131 18 142 18
131 28 136 29
132 27 143 27
132 30 137 31
132 49 135 51
132 52 137 53
133 3 136 5
133 17 144 17
134 11 145 11
134 16 145 16
134 38 145 38
134 56 137 58
135 6 137 9
135 13 146 13
135 22 146 22
135 23 146 23
135 33 146 33
135 34 138 36
135 44 140 45
135 54 146 54
136 1 147 1
136 48 147 48
136 49 139 51
136 55 147 55
137 2 148 2
137 3 140 5
137 28 142 29
137 59 148 59
138 6 140 9
138 30 143 31
138 46 149 46
138 56 143 57
138 58 149 58
139 34 142 36
139 41 142 43
140 14 151 14
140 19 151 19
140 21 151 21
140 50 142 53
141 0 152 0
141 6 143 9
141 37 152 37
141 40 152 40
141 44 152 44
142 4 147 5
142 15 153 15
142 25 147 26
143 18 154 18
143 28 148 29
143 32 154 32
143 34 154 34
143 35 154 35
143 49 148 50
144 6 147 8
144 27 155 27
144 31 155 31
144 56 155 56
145 3 156 3
145 9 156 9
145 41 156 41
146 10 149 12
146 51 151 52
147 33 158 33
147 39 158 39
147 53 158 53
148 4 153 5
148 6 151 8
148 22 150 25
148 42 159 42
149 28 160 28
149 29 154 30
149 47 151 50
150 1 161 1
150 10 155 11
150 20 161 20
150 46 161 46
150 57 153 59
151 22 162 22
151 23 154 25
151 55 162 55
152 6 163 6
152 8 163 8
152 19 163 19
153 45 164 45
153 51 164 51
154 2 165 2
154 7 165 7
154 14 159 15
154 37 165 37
154 57 165 57
154 58 159 59
155 4 166 4
155 23 166 23
155 24 158 26
155 29 166 29
155 34 158 36
155 49 166 49
155 50 166 50
155 54 166 54
156 10 159 12
156 17 167 17
156 27 167 27
156 30 161 31
156 40 167 40
156 47 167 47
158 13 169 13
158 16 169 16
158 41 169 41
159 24 164 25
159 32 162 34
159 35 170 35
159 43 170 43
159 52 164 53
160 5 171 5
160 9 165 10
160 11 171 11
160 12 171 12
160 14 171 14
160 58 171 58
161 38 166 39
161 59 172 59
162 0 167 1
162 20 167 21
162 30 167 31
162 36 173 36
162 46 173 46
163 33 174 33
165 22 176 22
165 24 170 25
165 45 176 45
165 48 176 48
165 51 170 52
165 56 176 56
166 6 168 9
167 2 172 3
167 23 178 23
167 37 178 37
167 44 178 44
167 49 178 49
167 50 178 50
168 1 179 1
168 18 173 19
168 27 170 30
168 31 173 32
168 38 171 40
168 47 179 47
168 55 179 55
169 6 171 9
170 41 175 42
171 15 176 16
171 26 173 29
171 51 173 54
172 4 177 5
172 7 173 12
173 24 178 25
173 57 176 59
174 7 179 8
174 9 175 14
174 18 177 20
174 26 175 31
174 34 177 36
174 51 177 53
176 10 179 12
176 27 177 32
176 41 179 43
177 14 179 17
177 56 179 59
178 27 179 32
2 53 13 53
4 59 15 59
12 56 23 56
42 17 47 18
74 31 85 31
133 39 144 39
137 47 148 47
141 45 152 45
146 16 157 16
153 43 158 44
172 38 175 40
40 43 51 43
76 40 87 40
113 47 124 47
152 47 154 50
176 38 179 40
36 5 47 5
12 8 23 8
102 58 113 58
34 42 44 42
68 56 78 56
36 3 46 3
145 17 155 17
160 15 170 15
48 2 58 2
178 18 179 22
29 37 38 37
121 18 130 18
143 42 147 43
36 0 45 0
155 48 164 48
17 5 25 5
156 56 164 56
55 33 63 33
141 20 149 20
143 51 145 53
13 10 16 11
131 44 134 45
67 16 68 19
67 45 74 45
80 20 87 20
106 26 109 27
117 42 120 43
37 25 40 26
98 56 101 57
159 44 166 44
86 31 92 31
103 8 109 8
152 52 158 52
21 49 26 49
60 12 65 12
60 25 61 27
83 25 88 25
123 35 128 35
148 54 150 55
174 54 179 54
14 53 19 53
50 27 55 27
84 44 89 44
120 51 125 51
144 57 149 57
166 10 171 10
44 34 48 34
68 39 72 39
69 35 73 35
95 26 99 26
135 19 139 19
148 43 152 43
149 2 153 2
2 55 6 55
0 7 3 7
6 45 9 45
30 7 33 7
44 47 45 48
72 19 75 19
141 3 144 3
155 32 158 32
60 36 63 36
3 12 5 12
127 25 129 25
