788
0 1 2 4
0 6 11 6
0 8 11 8
0 9 5 10
0 11 11 11
0 12 2 15
0 16 1 21
0 22 2 25
0 26 5 27
0 28 1 33
0 34 2 37
0 38 5 39
0 40 11 40
0 41 3 43
0 44 11 44
0 45 1 50
0 51 3 53
0 54 2 57
2 16 3 21
2 28 13 28
2 45 5 47
2 58 7 59
3 1 5 4
3 13 14 13
3 22 6 24
3 31 4 36
3 37 14 37
3 48 14 48
3 54 14 54
4 7 15 7
4 14 6 17
4 18 15 18
4 21 15 21
4 41 15 41
4 42 9 43
4 50 15 50
4 51 15 51
4 56 9 57
5 5 16 5
5 31 6 36
6 0 9 2
6 9 17 9
6 10 17 10
6 12 17 12
6 19 17 19
6 25 9 27
6 29 17 29
6 38 17 38
6 46 11 47
7 14 10 16
7 22 18 22
7 24 18 24
7 32 10 34
7 55 18 55
8 31 19 31
8 35 13 36
8 52 19 52
8 58 19 58
9 23 20 23
9 49 20 49
10 0 12 3
10 25 13 27
10 42 21 42
10 43 21 43
10 45 21 45
10 57 21 57
11 32 22 32
11 33 22 33
12 4 23 4
12 16 17 17
12 30 23 30
12 34 23 34
12 40 23 40
12 44 23 44
12 47 23 47
13 0 24 0
13 6 24 6
14 1 19 2
14 20 25 20
14 28 25 28
14 36 25 36
14 46 25 46
15 25 26 25
15 54 26 54
16 37 27 37
16 41 27 41
17 14 22 15
17 50 22 51
18 7 29 7
18 10 29 10
18 11 21 13
18 17 23 18
18 19 29 19
18 35 29 35
19 9 30 9
19 55 30 55
19 59 30 59
20 2 25 3
20 21 25 22
20 39 31 39
20 48 31 48
20 52 31 52
20 53 31 53
21 23 26 24
22 11 33 11
22 42 27 43
23 12 28 13
23 15 28 16
23 49 26 51
23 56 26 58
24 8 35 8
24 18 35 18
24 26 35 26
25 0 36 0
25 33 36 33
26 1 31 2
26 3 28 6
26 20 37 20
26 21 31 22
26 29 31 30
26 36 37 36
27 23 32 24
27 38 38 38
27 49 30 51
27 54 38 54
28 28 39 28
28 32 39 32
28 41 33 42
28 43 39 43
28 57 39 57
29 3 34 4
29 6 40 6
29 12 31 15
29 16 34 17
29 27 40 27
29 47 40 47
29 58 40 58
30 19 41 19
30 56 41 56
31 40 42 40
31 49 34 51
31 55 42 55
32 12 34 15
32 21 43 21
32 22 43 22
32 48 43 48
33 1 44 1
33 24 38 25
33 52 38 53
34 9 37 11
34 29 45 29
34 34 39 35
34 41 39 42
35 2 46 2
35 12 37 15
35 16 46 16
36 4 47 4
36 17 41 18
36 30 47 30
36 45 47 45
36 49 47 49
37 7 48 7
37 33 48 33
37 44 48 44
37 46 48 46
38 8 40 11
38 12 41 14
38 15 49 15
38 20 49 20
38 23 49 23
39 37 42 39
39 52 44 53
40 34 43 36
40 41 43 43
41 8 52 8
41 10 52 10
41 24 52 24
41 25 43 28
41 54 52 54
41 57 52 57
42 13 47 14
43 19 54 19
43 31 54 31
43 32 54 32
43 38 48 39
43 58 54 58
44 11 55 11
44 21 49 22
44 25 46 28
44 40 47 42
45 9 56 9
45 35 48 37
45 50 47 53
45 55 56 55
46 0 57 0
46 47 51 48
47 3 58 3
47 25 52 26
47 27 52 28
48 1 59 1
48 16 51 18
48 29 53 30
48 40 53 41
48 49 53 50
48 51 53 52
49 5 54 6
49 33 52 35
49 36 51 39
49 42 54 43
49 44 60 44
49 45 54 46
50 4 61 4
50 20 52 23
51 13 56 14
52 15 57 16
52 17 63 17
52 36 57 37
52 47 63 47
53 21 58 22
53 24 64 24
53 25 55 28
53 53 58 54
53 56 58 57
54 10 65 10
54 12 65 12
54 40 59 41
54 49 56 52
55 5 60 6
55 18 60 19
55 30 60 31
55 32 66 32
55 34 66 34
55 43 66 43
55 45 66 45
56 20 67 20
56 25 59 27
56 42 67 42
57 28 62 29
57 35 68 35
57 46 68 46
57 48 59 51
57 55 68 55
58 13 63 14
58 38 63 39
59 2 70 2
59 3 70 3
59 8 70 8
59 11 70 11
59 52 64 53
59 54 70 54
60 0 71 0
60 1 71 1
60 21 65 22
60 40 71 40
60 41 71 41
60 50 65 51
60 59 71 59
61 5 64 7
61 15 72 15
61 18 66 19
61 31 72 31
61 44 72 44
62 26 67 27
62 37 73 37
62 56 65 58
63 25 74 25
63 28 66 30
64 33 75 33
64 36 75 36
65 4 68 6
65 7 76 7
65 9 76 9
65 38 70 39
65 48 76 48
66 10 77 10
66 12 71 13
66 49 77 49
66 50 77 50
66 51 71 52
66 56 71 57
67 21 78 21
67 28 72 29
68 42 73 43
69 4 72 6
69 14 80 14
69 16 72 18
69 20 80 20
69 34 80 34
69 45 72 47
69 55 80 55
70 22 81 22
70 23 75 24
71 2 76 3
71 26 82 26
72 0 83 0
72 32 83 32
72 51 77 52
72 57 83 57
72 59 83 59
73 4 78 5
73 6 84 6
73 15 84 15
73 16 78 17
73 27 78 28
73 29 78 30
73 44 76 46
73 53 78 54
74 12 85 12
74 35 85 35
74 37 75 42
74 43 85 43
75 11 86 11
75 18 80 19
75 25 86 25
76 8 87 8
76 24 87 24
76 36 79 38
77 13 88 13
77 39 88 39
77 45 80 47
78 1 81 3
78 9 83 10
78 41 89 41
78 48 80 51
79 16 84 17
79 27 81 30
79 33 90 33
79 53 84 54
79 56 90 56
80 36 85 37
81 18 84 20
81 23 92 23
81 34 92 34
81 38 92 38
81 44 82 49
81 50 84 52
82 1 93 1
82 2 87 3
82 14 93 14
82 27 84 30
83 21 94 21
83 26 94 26
83 44 86 46
83 47 88 48
83 55 94 55
84 9 95 9
84 32 95 32
84 57 87 59
85 4 88 6
85 15 88 17
85 27 88 29
85 30 96 30
85 51 96 51
85 53 96 53
85 54 96 54
86 18 91 19
86 22 97 22
86 42 97 42
86 43 97 43
87 10 90 12
87 35 92 36
87 46 98 46
88 2 99 2
88 7 93 8
88 49 99 49
88 58 99 58
89 3 94 4
89 6 100 6
89 13 100 13
89 25 100 25
89 27 100 27
89 28 94 29
89 39 100 39
90 15 101 15
90 44 95 45
90 52 101 52
90 57 101 57
91 17 102 17
91 40 96 41
91 47 96 48
92 10 103 10
92 11 103 11
92 19 97 20
92 24 103 24
92 50 103 50
93 23 104 23
93 31 104 31
93 33 96 35
93 36 96 38
94 1 105 1
94 7 99 8
94 16 105 16
95 4 106 4
95 21 106 21
95 29 106 29
96 9 107 9
96 28 107 28
96 55 101 56
97 18 108 18
97 30 108 30
97 33 98 38
97 44 108 44
98 19 103 20
98 22 109 22
98 40 100 43
98 51 109 51
99 32 101 35
99 36 110 36
99 37 104 38
99 46 110 46
99 48 110 48
99 59 110 59
100 2 111 2
100 49 111 49
100 54 111 54
101 5 106 6
101 12 104 14
101 25 104 27
101 40 104 42
101 47 112 47
102 32 113 32
102 33 113 33
102 34 113 34
102 52 113 52
102 55 107 56
102 57 113 57
103 17 114 17
103 35 114 35
104 20 115 20
105 3 116 3
105 7 116 7
105 23 107 26
105 37 107 40
105 41 110 42
106 11 117 11
106 12 117 12
106 13 108 16
106 31 117 31
107 4 118 4
107 5 112 6
107 21 118 21
107 29 118 29
107 53 118 53
108 0 119 0
108 23 111 25
108 28 119 28
108 39 119 39
109 14 112 16
109 18 120 18
109 38 120 38
109 44 114 45
110 8 113 10
110 26 121 26
110 51 121 51
111 19 122 19
111 27 122 27
111 42 116 43
111 48 122 48
111 59 122 59
112 1 117 2
112 23 123 23
112 37 123 37
112 46 123 46
112 49 123 49
112 54 117 55
113 5 124 5
113 6 124 6
113 13 115 16
113 25 124 25
114 8 117 10
114 41 125 41
114 56 117 58
115 17 126 17
115 33 118 35
115 44 120 45
116 13 127 13
116 14 121 15
116 52 127 52
117 32 128 32
117 40 128 40
118 7 120 10
118 12 129 12
118 20 129 20
118 36 129 36
118 54 121 56
119 1 122 3
119 11 130 11
119 30 130 30
119 33 122 35
119 50 130 50
120 21 131 21
120 31 131 31
121 7 132 7
121 8 124 10
121 28 126 29
121 38 126 39
121 43 124 45
121 57 126 58
122 26 133 26
122 53 127 54
122 55 127 56
123 2 134 2
123 14 128 15
123 19 134 19
123 33 128 34
124 1 135 1
124 42 135 42
124 48 135 48
124 59 135 59
125 4 128 6
125 22 127 25
125 37 136 37
125 44 130 45
125 47 136 47
126 43 137 43
126 46 137 46
127 8 130 10
127 16 132 17
127 27 130 29
127 38 138 38
127 41 138 41
128 0 139 0
128 22 130 25
128 51 130 54
128 55 133 56
128 57 133 58
129 3 132 5
129 13 134 14
129 34 134 35
129 39 134 40
130 12 141 12
130 15 141 15
130 20 141 20
131 8 134 10
131 18 142 18
131 25 142 25
131 28 136 29
131 49 134 51
131 54 142 54
132 21 143 21
132 22 143 22
132 27 143 27
132 30 135 32
132 52 137 53
133 3 136 5
133 17 144 17
134 11 145 11
134 16 145 16
134 56 137 58
135 6 137 9
135 13 146 13
135 23 146 23
135 33 146 33
135 34 138 36
135 40 146 40
135 44 140 45
135 50 146 50
136 1 147 1
136 2 147 2
136 48 147 48
136 55 147 55
137 3 140 5
137 28 142 29
137 30 142 31
137 59 148 59
138 6 140 9
138 46 149 46
138 51 141 53
138 56 141 58
139 34 142 36
139 37 144 38
139 41 142 43
140 14 151 14
140 19 151 19
141 0 152 0
141 6 143 9
141 44 152 44
142 4 147 5
142 15 153 15
142 56 153 56
143 18 154 18
143 24 148 25
143 28 148 29
143 30 146 32
143 34 154 34
143 35 154 35
144 6 155 6
144 7 155 7
144 20 147 22
144 27 155 27
145 3 156 3
145 9 156 9
145 36 147 39
145 41 156 41
145 53 150 54
146 10 149 12
146 51 151 52
147 8 158 8
147 31 150 33
147 57 152 58
148 2 159 2
148 4 153 5
148 21 153 22
148 37 150 40
148 42 159 42
148 48 153 49
149 23 152 25
149 28 160 28
149 29 154 30
149 50 160 50
150 1 161 1
150 10 155 11
150 20 161 20
150 46 161 46
151 33 162 33
151 36 153 39
151 53 162 53
151 55 162 55
152 19 163 19
152 31 163 31
153 23 156 25
153 45 164 45
153 51 164 51
153 57 156 59
154 14 159 15
154 37 165 37
155 4 166 4
155 29 166 29
155 34 158 36
155 49 166 49
155 54 166 54
156 5 159 7
156 10 159 12
156 17 167 17
156 22 167 22
156 26 161 27
156 40 167 40
156 47 167 47
157 23 168 23
157 24 162 25
157 56 162 57
157 58 168 58
158 13 169 13
158 16 169 16
158 41 169 41
159 8 170 8
159 34 170 34
159 35 170 35
159 43 170 43
159 59 170 59
160 2 165 3
160 5 171 5
160 9 162 12
160 14 171 14
160 52 171 52
161 38 166 39
162 0 167 1
162 20 167 21
162 27 167 28
162 36 173 36
162 46 173 46
163 9 165 12
163 24 168 25
163 33 174 33
163 50 174 50
163 56 168 57
164 30 167 32
165 6 170 7
165 45 176 45
165 48 176 48
166 11 171 12
167 2 178 2
167 37 178 37
167 44 178 44
167 49 178 49
168 1 179 1
168 3 173 4
168 18 173 19
168 22 179 22
168 27 179 27
168 28 170 31
168 38 171 40
168 47 179 47
168 55 179 55
169 56 174 57
170 41 175 42
171 7 173 10
171 15 176 16
171 23 176 24
171 29 176 30
171 31 176 32
171 53 176 54
171 58 176 59
172 5 177 6
172 11 174 14
174 7 179 8
174 18 177 20
174 25 179 26
174 34 177 36
175 9 176 14
176 41 179 43
177 10 178 15
177 51 179 54
177 56 179 59
178 16 179 21
179 28 179 39
4 53 15 53
29 5 40 5
41 5 46 6
42 17 47 18
52 38 57 39
74 31 85 31
79 40 90 40
137 47 148 47
141 45 152 45
146 16 157 16
153 43 158 44
165 51 176 51
172 38 175 40
10 56 21 56
113 47 124 47
151 32 162 32
12 8 23 8
35 3 46 3
102 58 113 58
47 2 58 2
28 37 38 37
53 33 63 33
8 59 18 59
88 59 98 59
145 17 155 17
154 48 164 48
160 15 170 15
35 50 44 50
95 3 104 3
101 43 110 43
135 39 144 39
160 6 164 7
100 7 104 8
121 18 130 18
143 42 147 43
166 9 170 10
142 57 146 58
17 5 25 5
176 38 178 40
37 0 45 0
142 51 144 53
65 53 72 53
67 19 74 19
72 38 73 41
131 44 134 45
58 36 61 37
108 55 111 56
117 42 120 43
152 52 159 52
159 44 166 44
171 28 178 28
2 49 8 49
72 56 78 56
85 20 91 20
86 31 92 31
30 7 36 7
149 47 155 47
12 11 17 11
60 25 61 27
67 16 68 18
76 40 77 42
95 26 100 26
122 51 127 51
123 35 128 35
39 24 40 26
125 8 126 10
44 34 48 34
69 35 73 35
105 8 109 8
135 19 139 19
148 43 152 43
0 7 3 7
3 55 6 55
6 45 9 45
44 47 45 48
89 16 90 17
108 26 109 27
141 3 144 3
16 53 19 53
3 12 5 12
122 14 122 16
135 51 137 51
