734
0 0 0 11
0 12 0 23
0 24 1 29
0 32 2 35
0 36 0 47
0 48 0 59
1 0 1 11
1 12 4 14
1 15 2 20
1 21 12 21
1 23 12 23
1 36 2 41
1 42 2 47
1 48 2 53
1 54 2 59
2 0 2 11
2 24 3 29
3 0 3 11
3 15 4 20
3 31 4 36
3 37 3 48
3 49 4 54
3 55 5 58
3 59 14 59
4 0 5 5
4 6 7 8
4 9 9 10
4 11 15 11
4 24 15 24
4 25 9 26
4 28 15 28
4 37 5 42
4 43 6 46
4 47 9 48
5 12 6 17
5 18 16 18
5 22 16 22
5 31 6 36
5 49 6 54
6 0 9 2
6 19 17 19
6 29 17 29
6 37 8 40
6 55 8 58
7 5 18 5
7 12 8 17
7 32 10 34
7 35 18 35
7 42 9 45
7 46 18 46
7 49 8 54
8 7 13 8
8 31 19 31
8 36 19 36
9 12 14 13
9 16 20 16
9 37 14 38
9 49 10 54
9 55 11 58
10 0 12 3
10 9 21 9
10 10 21 10
10 25 13 27
10 39 11 44
10 45 21 45
11 32 14 34
11 47 12 52
11 53 22 53
11 54 22 54
12 4 23 4
12 30 23 30
12 40 23 40
12 41 17 42
12 44 23 44
12 55 14 58
13 0 18 1
13 6 24 6
13 21 24 21
13 47 24 47
13 49 24 49
14 2 25 2
14 7 19 8
14 20 25 20
15 12 18 14
15 25 26 25
15 32 18 34
15 55 17 58
15 59 26 59
16 11 27 11
16 28 27 28
16 37 27 37
17 15 28 15
17 17 22 18
17 24 28 24
17 50 22 51
18 19 29 19
18 23 29 23
18 41 29 41
18 55 21 57
18 58 29 58
19 0 24 1
19 5 30 5
19 12 24 13
19 33 22 35
19 52 30 52
20 7 25 8
20 14 31 14
20 39 31 39
20 43 31 43
20 48 31 48
22 9 33 9
22 22 33 22
22 55 25 57
23 10 34 10
23 18 34 18
23 31 25 34
23 36 34 36
23 42 34 42
23 53 28 54
24 4 35 4
24 26 35 26
25 0 36 0
25 12 36 12
25 21 36 21
25 49 30 50
26 1 31 2
26 6 29 8
26 20 37 20
26 29 31 30
26 55 29 57
27 16 32 17
27 25 38 25
27 38 38 38
28 3 39 3
28 28 39 28
28 32 39 32
28 37 39 37
29 24 40 24
29 27 40 27
29 47 40 47
29 53 40 53
29 54 40 54
30 6 33 8
30 19 41 19
30 40 35 41
30 55 32 58
31 5 42 5
31 23 42 23
31 33 36 34
31 49 33 52
32 1 37 2
32 14 43 14
32 43 43 43
32 48 43 48
33 16 44 16
33 17 44 17
33 55 35 58
34 6 37 8
34 29 45 29
34 35 45 35
34 49 36 52
35 10 40 11
35 36 46 36
35 42 46 42
36 4 47 4
36 26 47 26
36 30 47 30
36 41 47 41
36 45 47 45
36 57 47 57
37 0 48 0
37 12 48 12
37 18 48 18
37 21 48 21
37 33 48 33
37 34 48 34
37 44 48 44
37 46 48 46
37 49 39 52
38 1 49 1
38 2 49 2
38 6 40 9
38 15 49 15
38 20 49 20
38 40 49 40
39 25 50 25
40 3 51 3
40 37 43 39
40 49 45 50
41 6 43 9
41 10 52 10
41 24 52 24
41 27 52 27
41 47 52 47
41 51 42 56
43 5 54 5
43 19 54 19
43 31 54 31
43 32 54 32
43 52 54 52
43 54 54 54
43 58 54 58
44 6 46 9
44 11 55 11
44 13 49 14
44 37 47 39
44 43 55 43
44 53 55 53
45 16 50 17
45 51 56 51
45 55 56 55
46 28 51 29
46 48 49 50
47 8 52 9
47 35 52 36
48 4 59 4
48 26 59 26
48 38 59 38
48 41 53 42
48 57 59 57
49 21 52 23
49 33 54 34
49 44 52 46
50 0 53 2
50 13 61 13
50 37 61 37
51 14 53 17
51 20 62 20
51 25 62 25
52 6 63 6
52 28 55 30
53 9 58 10
53 21 58 22
53 24 64 24
53 27 64 27
53 35 58 36
53 45 58 46
53 47 58 48
54 0 56 3
54 12 65 12
54 16 57 18
54 39 56 42
55 5 66 5
55 19 66 19
55 31 57 34
55 50 66 50
55 52 66 52
56 11 67 11
56 28 59 30
56 43 61 44
56 56 67 56
57 0 59 3
57 40 62 41
57 42 68 42
57 51 68 51
57 54 62 55
58 14 69 14
58 16 61 18
58 31 69 31
58 32 63 33
59 8 70 8
59 9 64 10
59 21 70 21
59 34 62 36
59 45 64 46
60 0 71 0
60 1 71 1
60 2 71 2
60 3 71 3
60 4 71 4
60 26 71 26
60 28 71 28
60 29 71 29
60 38 71 38
60 53 71 53
60 59 71 59
61 15 72 15
61 39 72 39
62 17 73 17
62 18 73 18
62 37 73 37
62 43 73 43
62 44 73 44
62 57 67 58
63 7 74 7
63 20 74 20
63 25 74 25
63 34 66 36
63 40 68 41
63 54 74 54
63 55 74 55
64 6 75 6
64 32 69 33
65 9 70 10
65 45 76 45
65 48 76 48
66 12 71 13
66 30 77 30
66 49 77 49
67 19 78 19
67 34 70 36
67 50 78 50
67 52 78 52
68 11 79 11
68 56 79 56
68 57 79 57
69 40 80 40
69 41 80 41
70 14 81 14
70 22 81 22
70 23 75 24
70 31 73 33
70 46 75 47
71 8 76 9
71 10 82 10
71 34 74 36
71 51 82 51
72 0 73 5
72 12 77 13
72 28 77 29
72 38 83 38
72 53 83 53
72 59 83 59
73 15 78 16
73 39 84 39
74 0 75 5
74 17 79 18
74 21 85 21
74 26 79 27
74 31 79 32
74 33 85 33
74 37 85 37
74 43 79 44
75 20 86 20
75 25 86 25
75 34 80 35
76 0 78 3
76 6 81 7
76 23 87 23
76 24 87 24
76 46 87 46
76 47 87 47
76 54 87 54
77 8 88 8
77 45 88 45
77 55 88 55
78 13 89 13
78 28 81 30
79 0 82 2
79 16 90 16
79 19 90 19
80 3 91 3
80 17 91 17
80 31 85 32
80 43 85 44
80 57 91 57
81 9 92 9
81 34 92 34
81 35 92 35
81 40 84 42
82 5 87 6
82 14 93 14
82 27 84 30
82 52 93 52
82 56 93 56
83 1 94 1
83 2 94 2
83 10 94 10
83 26 94 26
84 15 95 15
84 38 95 38
84 53 95 53
84 59 95 59
85 27 88 29
85 30 96 30
85 39 88 41
85 51 96 51
86 22 97 22
86 31 91 32
86 42 89 44
87 20 98 20
87 25 98 25
88 6 99 6
88 23 93 24
88 46 99 46
88 49 99 49
88 58 99 58
89 8 100 8
89 18 100 18
89 21 100 21
89 27 92 29
89 39 92 41
89 54 100 54
90 12 95 13
90 42 93 44
91 16 102 16
91 47 96 48
92 3 103 3
92 7 103 7
92 11 103 11
92 17 103 17
92 31 95 33
92 50 103 50
92 57 103 57
93 9 104 9
93 27 104 27
93 28 104 28
93 34 95 37
93 39 98 40
93 41 104 41
94 4 105 4
94 29 105 29
94 42 96 45
94 52 105 52
94 56 105 56
95 0 100 1
95 23 106 23
95 26 106 26
96 13 107 13
96 32 98 35
96 36 99 38
96 59 107 59
97 30 102 31
97 42 108 42
97 44 108 44
97 51 108 51
98 22 109 22
98 24 109 24
99 2 110 2
99 19 104 20
99 25 110 25
99 32 101 35
99 43 110 43
99 48 110 48
99 55 110 55
100 6 111 6
100 36 102 39
100 45 105 46
100 49 111 49
100 58 111 58
101 8 112 8
101 21 112 21
101 47 112 47
101 53 106 54
102 32 113 32
102 33 113 33
102 34 113 34
103 16 114 16
103 35 105 38
104 1 115 1
104 3 115 3
104 7 115 7
104 17 115 17
105 5 116 5
105 20 116 20
105 27 110 28
106 4 117 4
106 11 117 11
106 12 117 12
106 29 117 29
106 31 117 31
106 38 117 38
106 52 117 52
106 56 111 57
107 26 118 26
107 35 118 35
107 41 118 41
107 46 118 46
107 53 118 53
108 0 119 0
108 13 119 13
108 18 119 18
108 23 119 23
108 39 119 39
108 59 119 59
109 42 120 42
109 44 114 45
110 9 121 9
110 14 121 14
110 51 121 51
111 15 122 15
111 19 122 19
111 25 122 25
111 27 116 28
111 43 122 43
111 48 122 48
111 54 116 55
112 37 123 37
112 49 123 49
112 56 115 58
113 6 124 6
113 8 124 8
113 21 118 22
113 47 124 47
114 33 119 34
115 10 126 10
115 44 120 45
116 1 127 1
116 7 127 7
116 17 127 17
116 57 121 58
117 5 128 5
117 20 128 20
117 32 128 32
117 40 128 40
117 54 122 55
118 11 123 12
118 28 129 28
118 36 129 36
118 38 129 38
118 52 129 52
119 26 124 27
119 30 130 30
119 35 130 35
119 46 130 46
119 50 130 50
120 0 131 0
120 2 131 2
120 18 131 18
120 21 131 21
120 31 131 31
120 59 131 59
121 41 126 42
121 44 126 45
122 3 133 3
122 9 133 9
122 13 127 14
122 51 133 51
122 56 125 58
123 15 134 15
123 19 134 19
123 24 128 25
123 29 134 29
123 33 128 34
123 39 134 39
123 43 134 43
123 48 134 48
123 53 126 55
124 11 129 12
124 37 135 37
125 8 136 8
125 47 136 47
126 4 137 4
126 56 129 58
127 16 138 16
127 41 138 41
127 42 138 42
127 44 132 45
127 53 130 55
128 1 139 1
128 13 133 14
128 17 139 17
129 5 140 5
129 20 140 20
129 22 130 27
129 40 140 40
130 11 141 11
130 12 141 12
130 28 141 28
130 52 141 52
130 57 135 58
131 25 142 25
131 26 142 26
131 30 142 30
131 34 136 35
131 46 142 46
131 53 134 55
132 18 143 18
132 21 143 21
132 22 143 22
132 27 143 27
132 59 143 59
133 0 144 0
133 2 144 2
133 44 138 45
133 50 144 50
134 3 145 3
134 9 139 10
134 14 145 14
134 38 145 38
134 51 145 51
135 13 146 13
135 19 146 19
135 23 146 23
135 29 146 29
135 33 146 33
135 39 146 39
135 43 146 43
135 48 146 48
135 53 137 56
136 36 141 37
136 57 141 58
137 6 140 8
137 31 148 31
137 34 142 35
137 47 148 47
138 4 149 4
138 53 143 54
139 16 150 16
139 45 150 45
139 55 150 55
140 9 151 9
140 17 151 17
140 44 151 44
141 7 146 8
141 15 152 15
141 20 152 20
141 40 144 42
141 56 152 56
142 11 147 12
142 28 153 28
142 52 153 52
142 57 147 58
143 6 154 6
143 24 148 25
143 30 154 30
143 32 154 32
143 34 148 35
144 1 155 1
144 18 155 18
144 21 149 22
144 27 155 27
144 37 155 37
144 53 149 54
145 2 156 2
145 40 150 41
145 50 156 50
146 51 157 51
146 59 157 59
147 8 158 8
147 33 158 33
147 39 158 39
147 42 152 43
147 48 158 48
148 5 159 5
148 11 159 11
148 46 159 46
148 57 153 58
149 10 160 10
149 14 160 14
149 23 152 25
149 34 152 36
149 47 160 47
150 53 155 54
151 16 162 16
151 22 162 22
151 40 156 41
151 45 162 45
151 55 162 55
152 17 163 17
152 19 163 19
152 31 163 31
152 44 163 44
153 4 164 4
153 15 164 15
153 23 155 26
153 34 158 35
153 42 158 43
153 56 164 56
154 7 165 7
154 28 165 28
154 29 165 29
154 52 165 52
154 57 165 57
154 58 165 58
155 32 166 32
155 49 166 49
156 1 167 1
156 23 167 23
156 25 167 25
156 26 161 27
156 37 167 37
156 53 167 53
156 54 167 54
157 2 168 2
157 12 168 12
157 36 168 36
157 40 162 41
158 13 169 13
158 50 163 51
158 59 169 59
159 8 170 8
159 33 162 35
159 42 164 43
159 48 170 48
160 5 165 6
160 11 171 11
160 46 171 46
161 10 172 10
161 14 172 14
161 38 166 39
162 9 173 9
162 20 167 21
163 27 174 27
163 33 168 34
163 35 174 35
163 40 174 40
163 41 174 41
164 44 169 45
164 50 175 50
164 51 175 51
165 4 176 4
165 15 167 18
165 22 176 22
165 30 170 31
165 43 176 43
165 55 170 56
166 5 169 7
166 28 171 29
166 52 177 52
166 58 177 58
167 32 178 32
167 39 178 39
167 47 178 47
167 49 178 49
168 1 179 1
168 15 179 15
168 18 173 19
168 20 179 20
168 25 179 25
168 37 179 37
168 54 179 54
170 5 175 6
170 44 175 45
170 7 179 7
171 23 176 24
172 11 175 13
172 16 177 17
172 28 174 31
174 8 177 10
174 55 179 56
175 26 176 31
175 40 178 42
179 26 179 36
