789
0 1 2 4
0 6 11 6
0 8 11 8
0 9 5 10
0 11 11 11
0 12 1 17
0 18 2 21
0 22 2 25
0 26 5 27
0 28 1 33
0 34 3 36
0 37 3 39
0 40 11 40
0 41 3 43
0 44 11 44
0 45 1 50
0 51 3 53
0 54 1 59
2 12 4 15
2 28 13 28
2 45 5 47
2 57 13 57
2 58 7 59
3 1 5 4
3 16 4 21
3 22 6 24
3 33 14 33
3 48 14 48
3 54 14 54
4 7 15 7
4 32 15 32
4 35 9 36
4 37 15 37
4 38 15 38
4 41 15 41
4 42 9 43
4 50 15 50
4 51 15 51
5 5 16 5
5 12 6 17
5 18 16 18
5 21 16 21
5 34 16 34
6 0 9 2
6 9 17 9
6 10 17 10
6 19 17 19
6 25 9 27
6 29 17 29
6 46 11 47
7 12 10 14
7 15 12 16
7 22 18 22
7 24 18 24
7 55 18 55
8 31 19 31
8 52 19 52
8 58 19 58
9 23 20 23
9 49 20 49
10 0 12 3
10 25 13 27
10 42 21 42
10 43 21 43
10 45 21 45
11 13 22 13
11 35 16 36
12 4 23 4
12 12 23 12
12 30 23 30
12 40 23 40
12 44 23 44
12 47 23 47
13 0 24 0
13 6 24 6
14 1 19 2
14 14 17 16
14 20 25 20
14 28 25 28
14 46 25 46
14 57 25 57
15 25 26 25
15 33 26 33
15 54 26 54
16 37 27 37
16 41 27 41
17 17 22 18
17 34 28 34
17 50 22 51
18 7 29 7
18 10 29 10
18 15 29 15
18 19 29 19
18 35 29 35
19 9 30 9
19 11 30 11
19 36 30 36
19 55 30 55
19 59 30 59
20 2 25 3
20 14 31 14
20 21 25 22
20 39 31 39
20 48 31 48
20 52 31 52
20 53 31 53
21 23 26 24
22 42 27 43
23 49 26 51
24 8 35 8
24 18 35 18
24 26 35 26
25 0 36 0
25 56 36 56
26 1 27 6
26 20 29 22
26 29 31 30
27 16 32 17
27 23 32 24
27 38 38 38
27 49 30 51
27 54 38 54
28 1 33 2
28 3 33 4
28 5 33 6
28 28 39 28
28 32 39 32
28 41 33 42
28 43 39 43
28 57 39 57
29 27 40 27
29 47 40 47
29 58 40 58
30 12 35 13
30 19 41 19
30 20 41 20
30 21 41 21
30 22 41 22
31 9 34 11
31 33 36 34
31 40 42 40
31 49 34 51
31 55 42 55
32 14 43 14
32 48 43 48
33 17 44 17
33 24 38 25
33 35 36 37
33 52 38 53
34 1 35 6
34 29 45 29
34 41 39 42
35 10 40 11
35 16 46 16
36 1 41 2
36 4 47 4
36 6 38 9
36 12 41 13
36 30 47 30
36 45 47 45
36 49 47 49
37 18 48 18
37 33 48 33
37 34 40 36
37 44 48 44
37 46 48 46
38 15 49 15
38 23 49 23
39 6 50 6
39 7 50 7
39 37 42 39
39 52 44 53
40 8 45 9
40 41 43 43
41 10 52 10
41 24 43 27
41 34 44 36
41 54 52 54
41 57 44 59
42 1 47 2
42 19 45 21
43 31 54 31
43 32 54 32
43 38 48 39
44 11 55 11
44 12 47 14
44 24 46 27
44 40 47 42
45 35 48 37
45 50 47 53
45 55 56 55
45 57 56 57
46 0 57 0
46 9 57 9
46 19 49 21
46 28 51 29
46 47 51 48
47 3 58 3
47 25 52 26
48 1 59 1
48 24 59 24
48 40 53 41
48 49 53 50
48 51 59 51
48 52 53 53
49 16 60 16
49 33 54 34
49 35 51 38
49 42 54 43
49 44 60 44
49 45 54 46
50 4 61 4
50 5 61 5
50 17 52 20
50 21 55 22
51 13 56 14
52 6 63 6
52 28 55 30
52 35 54 38
52 47 63 47
53 17 64 17
53 18 56 20
54 10 65 10
54 12 65 12
54 25 59 26
54 40 59 41
54 52 59 53
55 31 66 31
55 32 66 32
55 34 66 34
55 35 58 37
55 43 66 43
55 45 66 45
55 50 66 50
56 27 58 30
56 42 67 42
56 56 67 56
57 18 60 20
57 46 68 46
57 54 62 55
58 13 63 14
58 21 61 23
58 38 63 39
59 2 70 2
59 3 70 3
59 8 70 8
59 11 70 11
59 27 62 29
60 0 71 0
60 1 71 1
60 24 71 24
60 35 71 35
60 40 71 40
60 41 71 41
60 53 71 53
60 59 71 59
61 15 72 15
61 18 66 19
61 44 72 44
62 4 67 5
62 21 65 23
62 37 73 37
62 57 67 58
63 7 74 7
63 25 65 28
63 29 68 30
63 54 74 54
63 55 74 55
64 6 75 6
64 20 75 20
64 33 75 33
64 36 75 36
65 9 76 9
65 38 70 39
65 48 76 48
65 51 76 51
66 10 77 10
66 12 71 13
66 25 77 25
66 26 69 28
66 49 77 49
67 21 78 21
67 50 78 50
67 52 78 52
68 42 73 43
68 57 79 57
69 14 80 14
69 16 71 19
69 29 74 30
69 34 80 34
69 45 72 47
70 22 81 22
70 26 73 28
70 31 75 32
71 2 76 3
71 23 82 23
72 0 77 1
72 16 75 18
72 59 83 59
73 4 84 4
73 15 84 15
73 44 76 46
74 12 85 12
74 26 77 28
74 35 85 35
74 37 75 42
74 43 85 43
75 11 86 11
75 29 80 30
75 53 78 55
76 6 81 7
76 8 87 8
76 16 81 17
76 18 79 20
76 24 87 24
76 31 81 32
76 36 79 38
77 13 88 13
77 39 88 39
77 45 80 47
77 51 88 51
78 0 81 2
78 9 83 10
78 25 80 28
78 41 89 41
79 33 90 33
79 53 82 55
79 56 90 56
80 3 91 3
80 19 91 19
80 36 83 38
80 57 91 57
81 25 82 30
81 34 92 34
81 44 84 46
81 47 86 48
82 0 85 2
82 6 87 7
82 14 93 14
82 16 87 17
82 52 93 52
83 21 94 21
83 23 94 23
83 25 84 30
83 53 94 53
83 54 94 54
83 55 94 55
84 9 95 9
84 32 95 32
84 36 87 38
84 59 95 59
85 25 88 27
85 28 88 30
85 44 90 45
85 46 96 46
86 0 89 2
86 22 97 22
86 42 97 42
86 43 97 43
87 10 90 12
87 35 98 35
87 47 98 47
88 6 99 6
88 7 93 8
88 37 93 38
88 49 99 49
88 58 99 58
89 13 100 13
89 17 94 18
89 25 92 27
89 28 94 29
89 39 100 39
89 51 100 51
90 0 95 1
90 15 101 15
91 2 102 2
91 40 96 41
91 44 102 44
92 3 103 3
92 10 97 11
92 19 97 20
92 24 103 24
92 50 103 50
92 56 97 57
93 25 96 27
93 31 104 31
94 4 105 4
94 7 99 8
94 16 105 16
94 36 105 36
94 52 105 52
95 21 106 21
95 23 106 23
95 29 106 29
95 33 100 34
95 53 106 53
96 9 107 9
96 17 107 17
96 28 107 28
96 54 101 55
97 0 102 1
97 18 108 18
97 25 102 26
97 30 108 30
97 46 108 46
98 10 103 11
98 19 103 20
98 22 109 22
98 37 103 38
98 40 100 43
99 48 110 48
99 59 110 59
100 5 102 8
100 35 111 35
100 49 111 49
101 12 104 14
101 32 104 34
101 40 104 42
101 47 112 47
102 54 104 57
103 5 108 6
103 25 106 27
103 44 108 45
104 0 106 3
104 20 115 20
104 37 109 38
104 51 115 51
105 7 116 7
105 32 108 34
105 40 107 43
105 54 107 57
106 4 117 4
106 11 117 11
106 12 117 12
106 13 108 16
106 31 117 31
107 0 110 2
107 21 118 21
107 24 112 25
107 29 118 29
107 53 118 53
108 17 119 17
108 23 119 23
108 28 119 28
108 39 119 39
108 40 110 43
108 54 110 57
109 5 120 5
109 6 120 6
109 14 112 16
109 18 120 18
109 32 114 33
109 44 114 45
109 46 120 46
110 8 113 10
110 26 121 26
110 36 113 38
111 0 114 2
111 19 122 19
111 27 122 27
111 42 116 43
111 48 122 48
111 57 116 58
111 59 122 59
112 49 123 49
112 54 117 55
113 13 115 16
113 25 124 25
114 8 117 10
114 34 117 36
114 37 125 37
114 41 125 41
115 1 120 2
115 44 120 45
116 0 127 0
116 13 127 13
116 14 121 15
116 38 127 38
116 50 121 51
116 52 127 52
117 32 128 32
117 33 128 33
117 40 128 40
117 56 120 58
118 7 119 12
118 20 129 20
118 34 121 36
119 30 130 30
119 53 122 55
120 7 123 9
120 10 131 10
120 11 125 12
120 16 125 17
120 21 131 21
120 31 131 31
121 1 122 6
121 28 126 29
121 43 124 45
121 57 126 58
122 26 133 26
122 36 133 36
122 46 127 47
123 2 134 2
123 5 134 5
123 14 128 15
123 19 134 19
123 39 134 39
123 54 126 56
124 1 135 1
124 42 135 42
124 48 135 48
124 50 129 51
124 59 135 59
125 22 127 25
125 34 130 35
125 44 130 45
126 3 131 4
126 6 128 9
126 11 131 12
126 37 137 37
126 43 137 43
127 16 138 16
127 27 130 29
127 41 138 41
127 53 130 55
127 56 138 56
128 0 139 0
128 22 130 25
128 38 139 38
128 46 139 46
128 57 133 58
129 7 134 8
129 13 134 14
129 40 140 40
129 47 140 47
130 9 141 9
130 15 141 15
130 20 141 20
130 49 132 52
131 18 142 18
131 25 142 25
131 28 136 29
131 34 136 35
131 53 134 55
132 3 143 3
132 10 137 11
132 12 143 12
132 21 143 21
132 22 143 22
132 27 143 27
132 30 135 32
133 17 144 17
133 49 135 52
135 4 138 6
135 7 140 8
135 13 146 13
135 23 146 23
135 33 146 33
135 44 140 45
135 54 146 54
135 57 140 58
136 1 147 1
136 2 147 2
136 48 147 48
136 49 139 51
136 55 147 55
137 28 148 28
137 29 148 29
137 30 142 31
137 34 142 35
137 59 148 59
138 10 143 11
139 16 150 16
139 36 144 37
139 41 142 43
140 14 151 14
140 19 151 19
140 50 151 50
141 0 152 0
141 7 152 7
141 40 152 40
141 44 152 44
141 56 144 58
142 4 147 5
142 8 147 9
142 15 153 15
142 46 153 46
143 6 154 6
143 18 154 18
143 24 148 25
143 30 146 32
143 34 154 34
143 35 154 35
144 10 147 12
144 20 147 22
144 27 155 27
145 3 156 3
145 36 147 39
145 41 156 41
145 56 156 56
146 51 151 52
147 31 150 33
147 53 158 53
147 57 152 58
148 2 159 2
148 4 153 5
148 8 159 8
148 9 159 9
148 21 153 22
148 38 153 39
148 42 159 42
148 48 153 49
149 10 160 10
149 23 152 25
149 28 160 28
149 29 154 30
150 1 161 1
150 11 155 12
150 20 161 20
151 33 162 33
151 55 162 55
152 19 163 19
152 31 163 31
152 37 163 37
153 23 156 25
153 45 164 45
153 51 164 51
153 57 158 58
154 7 165 7
154 14 159 15
155 4 166 4
155 29 166 29
155 34 158 36
155 49 166 49
155 50 166 50
155 54 166 54
156 5 161 6
156 11 161 12
156 17 167 17
156 22 167 22
156 26 161 27
156 40 167 40
156 47 167 47
157 23 168 23
157 24 162 25
158 13 169 13
158 16 169 16
158 41 169 41
159 34 170 34
159 35 170 35
159 43 170 43
159 46 170 46
159 52 164 53
159 56 162 58
159 59 170 59
160 2 165 3
160 8 171 8
160 14 171 14
161 38 166 39
162 0 167 1
162 5 167 6
162 9 164 12
162 20 167 21
162 27 167 28
162 36 173 36
163 24 168 25
163 33 174 33
163 56 168 57
164 30 167 32
164 58 175 58
165 9 167 12
165 45 176 45
165 48 176 48
165 51 170 52
167 2 172 3
167 37 178 37
167 44 178 44
167 49 178 49
167 50 178 50
168 1 179 1
168 18 173 19
168 22 179 22
168 27 170 30
168 31 173 32
168 38 171 40
168 47 179 47
168 55 179 55
169 4 172 6
169 10 172 12
169 56 174 57
170 41 175 42
171 15 176 16
171 23 176 24
171 26 173 29
171 51 173 54
172 8 177 9
173 2 174 7
173 11 175 14
174 18 177 20
174 25 179 26
174 29 176 32
174 34 177 36
174 51 177 53
175 2 178 4
175 5 178 7
176 10 179 12
176 41 179 43
176 57 179 59
177 14 179 17
178 27 179 32
3 56 14 56
4 53 15 53
79 40 90 40
135 53 146 53
141 45 152 45
153 43 158 44
172 38 175 40
80 20 91 20
141 47 152 47
176 38 179 40
36 5 47 5
151 32 162 32
12 8 23 8
140 51 145 52
68 56 78 56
8 59 18 59
82 31 92 31
36 3 46 3
145 17 155 17
154 48 164 48
160 15 170 15
100 58 110 58
48 2 58 2
35 50 44 50
60 51 64 52
68 4 72 5
135 39 144 39
149 59 158 59
106 52 115 52
121 18 130 18
143 42 147 43
15 56 24 56
17 5 25 5
113 47 121 47
139 4 141 6
55 33 63 33
37 0 45 0
47 27 55 27
72 38 73 41
89 30 96 30
131 44 134 45
178 18 179 21
67 16 68 19
117 42 120 43
174 27 177 28
98 56 101 57
124 6 125 9
159 44 166 44
2 49 8 49
103 8 109 8
126 17 132 17
152 52 158 52
12 11 18 11
30 7 35 7
55 38 57 39
59 36 61 37
60 25 62 26
67 31 69 32
76 40 77 42
107 26 109 27
122 34 124 35
148 54 150 55
174 54 179 54
39 24 40 26
97 27 102 27
45 17 49 17
135 19 139 19
148 43 152 43
2 55 6 55
0 7 3 7
6 45 9 45
44 47 45 48
45 34 48 34
48 4 49 5
72 19 75 19
136 52 139 52
145 57 146 58
154 46 155 47
16 53 19 53
