777
0 1 2 4
0 6 11 6
0 8 11 8
0 9 5 10
0 11 11 11
0 12 1 17
0 18 2 21
0 22 5 23
0 24 11 24
0 25 11 25
0 26 5 27
0 28 1 33
0 34 2 37
0 38 11 38
0 39 5 40
0 41 3 43
0 44 11 44
0 45 1 50
0 51 3 53
0 54 2 57
2 12 4 15
2 28 13 28
2 45 5 47
2 58 7 59
3 1 5 4
3 16 4 21
3 31 4 36
3 37 14 37
3 48 6 50
3 54 14 54
4 7 15 7
4 41 15 41
4 42 9 43
4 51 15 51
4 56 9 57
5 5 16 5
5 12 6 17
5 18 16 18
5 21 16 21
5 31 7 34
5 35 16 35
5 36 16 36
6 0 9 2
6 9 17 9
6 10 17 10
6 19 17 19
6 22 17 22
6 29 17 29
6 46 11 47
7 12 18 12
7 14 10 16
7 55 18 55
8 31 19 31
8 32 19 32
8 34 19 34
8 52 19 52
8 58 19 58
9 13 20 13
9 23 20 23
9 26 20 26
9 48 14 49
10 0 12 3
10 42 21 42
10 43 21 43
10 45 21 45
10 57 21 57
11 33 22 33
11 40 22 40
12 4 23 4
12 16 17 17
12 25 23 25
12 30 23 30
12 44 23 44
12 47 23 47
13 0 18 1
13 6 24 6
14 2 25 2
14 20 25 20
14 28 25 28
14 46 25 46
15 54 26 54
16 37 27 37
16 41 27 41
17 14 22 15
17 24 28 24
17 49 22 50
18 7 29 7
18 10 29 10
18 17 23 18
18 19 29 19
18 21 23 22
18 35 29 35
19 0 30 0
19 1 30 1
19 9 30 9
19 11 30 11
19 36 30 36
19 55 30 55
19 59 30 59
20 39 31 39
20 48 31 48
20 52 31 52
20 53 31 53
21 12 26 13
22 42 27 43
23 15 28 16
23 31 25 34
23 49 26 51
23 56 26 58
24 3 27 5
24 8 35 8
24 18 35 18
24 25 29 26
25 21 36 21
26 20 37 20
26 23 37 23
26 29 31 30
27 12 30 14
27 38 38 38
27 49 30 51
27 54 38 54
28 2 31 4
28 5 33 6
28 22 39 22
28 28 39 28
28 32 39 32
28 41 33 42
28 43 39 43
28 57 39 57
29 16 34 17
29 24 40 24
29 27 40 27
29 47 40 47
29 58 40 58
30 19 41 19
30 25 35 26
30 56 41 56
31 0 36 1
31 9 34 11
31 12 33 15
31 33 36 34
31 40 42 40
31 49 34 51
31 55 42 55
32 48 43 48
33 4 44 4
33 35 36 37
33 52 38 53
34 5 39 6
34 12 36 15
34 29 45 29
34 41 45 41
35 2 46 2
35 10 40 11
35 16 46 16
36 7 39 9
36 17 41 18
36 30 47 30
36 45 47 45
36 49 47 49
37 0 42 1
37 12 48 12
37 14 42 15
37 33 48 33
37 34 40 36
37 44 48 44
37 46 48 46
38 20 49 20
38 23 49 23
39 37 42 39
39 52 42 54
40 7 51 7
40 8 45 9
40 21 45 22
41 10 52 10
41 24 43 27
41 34 44 36
41 57 52 57
43 13 48 14
43 15 54 15
43 19 54 19
43 31 54 31
43 32 54 32
43 38 48 39
43 50 45 53
43 54 54 54
43 58 54 58
44 11 55 11
44 24 46 27
45 4 56 4
45 35 56 35
45 42 56 42
45 55 56 55
46 0 57 0
46 9 57 9
46 28 51 29
46 36 51 37
46 40 51 41
46 47 51 48
46 50 51 51
47 3 58 3
47 25 52 26
48 1 59 1
48 16 51 18
48 24 59 24
48 52 53 53
49 5 54 6
49 21 54 22
49 33 54 34
49 44 60 44
49 45 54 46
51 13 56 14
51 20 62 20
51 38 56 39
52 17 63 17
52 28 55 30
52 36 57 37
52 40 57 41
52 43 63 43
52 47 63 47
52 50 57 51
53 56 58 57
54 10 65 10
54 12 65 12
54 16 65 16
54 25 59 26
54 52 59 53
55 5 66 5
55 18 60 19
55 31 66 31
55 32 66 32
55 34 66 34
55 45 66 45
56 27 58 30
57 35 68 35
57 42 68 42
57 46 68 46
57 54 62 55
58 13 63 14
58 21 63 22
58 36 59 41
58 50 69 50
58 51 69 51
59 2 70 2
59 3 70 3
59 6 64 7
59 8 70 8
59 11 70 11
59 27 62 29
60 0 71 0
60 1 71 1
60 23 65 24
60 37 63 39
60 40 71 40
60 41 71 41
60 53 71 53
60 59 71 59
61 15 72 15
61 18 66 19
61 44 72 44
62 56 65 58
63 25 68 26
63 28 66 30
63 54 74 54
63 55 74 55
64 20 75 20
64 33 75 33
64 36 75 36
64 37 75 37
64 43 75 43
65 6 70 7
65 9 76 9
65 21 76 21
65 38 70 39
65 48 76 48
66 10 77 10
66 12 71 13
66 49 77 49
66 56 71 57
67 4 72 5
67 27 70 29
67 52 78 52
69 14 80 14
69 16 72 18
69 22 71 25
69 34 80 34
69 45 72 47
70 30 73 32
70 50 81 50
71 2 76 3
71 7 76 8
71 26 82 26
71 51 82 51
72 0 77 1
72 6 83 6
72 22 83 22
72 23 83 23
72 25 83 25
72 28 77 29
72 57 77 58
72 59 83 59
73 4 84 4
73 15 78 16
73 17 78 18
73 39 75 42
73 44 76 46
74 12 85 12
74 30 77 32
74 35 85 35
75 11 86 11
75 53 78 55
76 19 81 20
76 24 87 24
76 36 79 38
76 43 87 43
77 8 88 8
77 13 88 13
77 39 88 39
77 45 80 47
78 0 80 3
78 9 83 10
78 27 81 29
78 41 89 41
78 57 89 57
79 15 81 18
79 30 81 33
79 53 84 54
79 56 90 56
80 36 83 38
81 1 92 1
81 2 92 2
81 3 92 3
81 34 92 34
81 44 82 49
82 14 93 14
82 15 83 20
82 27 84 30
82 52 93 52
83 21 94 21
83 26 94 26
83 44 84 49
83 55 94 55
84 5 87 7
84 9 95 9
84 15 85 20
84 23 95 23
84 32 89 33
84 36 89 37
84 59 95 59
85 27 88 29
85 30 96 30
85 44 87 47
85 51 96 51
85 53 96 53
85 54 96 54
86 15 91 16
86 17 89 19
86 22 97 22
86 42 97 42
87 10 90 12
87 35 98 35
88 6 99 6
88 43 91 45
88 46 99 46
88 49 99 49
88 58 99 58
89 13 100 13
89 25 100 25
89 27 100 27
89 28 94 29
89 39 100 39
90 17 95 18
90 37 95 38
90 57 101 57
91 7 96 8
91 19 96 20
91 31 96 32
91 40 96 41
91 47 96 48
92 10 103 10
92 11 103 11
92 15 103 15
92 24 103 24
92 44 103 44
92 50 103 50
93 0 98 1
93 2 98 3
94 4 105 4
94 16 105 16
94 36 105 36
94 52 105 52
95 21 106 21
95 29 106 29
95 33 100 34
96 9 107 9
96 17 107 17
96 23 107 23
96 28 107 28
96 55 101 56
97 7 102 8
97 18 100 20
97 30 108 30
98 22 109 22
98 31 103 32
98 37 103 38
98 40 100 43
98 51 109 51
99 1 104 2
99 48 110 48
99 59 110 59
100 35 111 35
100 45 105 46
100 49 111 49
100 54 111 54
101 5 106 6
101 12 104 14
101 18 106 19
101 20 112 20
101 25 104 27
101 33 112 33
101 40 104 42
101 47 112 47
102 34 113 34
102 55 107 56
102 57 113 57
104 37 109 38
105 3 116 3
105 7 116 7
105 24 108 26
105 40 107 43
106 1 111 2
106 4 117 4
106 11 117 11
106 12 117 12
106 13 108 16
106 31 117 31
107 5 112 6
107 21 118 21
107 29 118 29
107 46 118 46
107 53 118 53
108 0 119 0
108 17 119 17
108 18 119 18
108 23 119 23
108 28 119 28
108 39 119 39
108 40 110 43
109 14 112 16
109 24 114 25
109 44 114 45
110 8 113 10
110 26 121 26
110 36 113 38
110 50 113 52
111 19 122 19
111 27 122 27
111 32 122 32
111 42 116 43
111 48 122 48
111 59 122 59
112 1 117 2
112 49 123 49
112 54 117 55
113 5 124 5
113 6 124 6
113 13 115 16
114 8 117 10
114 33 115 38
114 41 125 41
114 51 119 52
114 56 117 58
115 25 126 25
115 44 120 45
116 13 127 13
116 14 121 15
116 33 121 34
116 37 121 38
117 35 122 36
117 40 128 40
118 7 120 10
118 12 129 12
118 20 129 20
118 54 121 56
119 1 122 3
119 11 130 11
119 30 130 30
119 50 130 50
120 16 125 17
120 21 131 21
120 31 131 31
120 52 131 52
121 7 123 10
121 28 126 29
121 43 124 45
121 57 126 58
122 26 133 26
122 38 133 38
122 46 133 46
122 53 127 54
122 55 127 56
123 2 134 2
123 14 128 15
123 19 134 19
123 32 134 32
123 33 128 34
123 36 134 36
123 39 134 39
124 1 135 1
124 10 135 10
124 42 135 42
124 48 135 48
124 59 135 59
125 3 126 8
125 37 136 37
125 44 130 45
125 47 136 47
126 23 131 24
126 43 137 43
127 3 128 8
127 16 138 16
127 27 130 29
127 41 138 41
128 0 139 0
128 53 130 56
128 57 133 58
129 3 134 4
129 5 140 5
129 7 134 8
129 13 134 14
129 34 134 35
129 40 140 40
130 9 141 9
130 12 141 12
130 15 141 15
130 20 141 20
130 25 141 25
131 18 142 18
131 28 136 29
131 49 134 51
131 53 134 55
132 21 143 21
132 22 143 22
132 27 143 27
132 30 137 31
133 17 144 17
134 11 145 11
134 38 145 38
134 44 137 46
134 56 139 57
135 3 140 4
135 7 140 8
135 13 146 13
135 23 146 23
135 33 146 33
135 34 140 35
135 49 136 54
135 58 146 58
136 1 147 1
136 2 147 2
136 48 147 48
136 55 147 55
137 28 148 28
137 29 148 29
137 36 142 37
137 49 140 51
137 52 140 54
137 59 148 59
138 30 143 31
138 42 140 45
138 46 149 46
139 16 150 16
140 14 151 14
140 19 151 19
141 0 152 0
141 7 152 7
141 34 152 34
141 40 152 40
141 41 152 41
141 43 144 45
141 49 142 54
141 56 152 56
142 4 147 5
142 8 145 10
142 15 153 15
142 25 147 26
142 35 153 35
143 6 154 6
143 18 154 18
143 32 154 32
143 49 148 50
144 20 147 22
144 27 155 27
144 31 155 31
144 37 155 37
145 3 156 3
145 53 150 54
146 8 148 11
146 42 149 44
146 51 151 52
147 33 158 33
147 39 158 39
147 57 152 58
148 2 159 2
148 4 153 5
148 21 151 23
148 24 151 26
149 10 160 10
149 28 160 28
149 29 154 30
149 47 151 50
150 1 161 1
150 8 161 8
150 11 155 12
150 20 161 20
150 42 161 42
150 44 155 45
150 46 161 46
151 53 162 53
151 55 162 55
152 19 163 19
152 24 157 25
153 34 164 34
153 41 164 41
153 51 164 51
153 56 164 56
153 57 158 58
154 7 165 7
154 14 159 15
155 4 166 4
155 23 166 23
155 29 166 29
155 49 166 49
155 50 166 50
155 54 166 54
156 5 161 6
156 11 161 12
156 17 167 17
156 22 167 22
156 26 161 27
156 30 161 31
156 35 161 36
156 37 167 37
156 40 167 40
156 45 167 45
156 47 167 47
158 13 169 13
158 16 169 16
159 24 164 25
159 43 170 43
159 58 170 58
159 59 170 59
160 2 165 3
160 14 171 14
160 52 171 52
161 33 172 33
161 38 166 39
162 0 167 1
162 5 167 6
162 9 165 11
162 20 167 21
162 27 167 28
162 30 167 31
162 36 173 36
162 46 173 46
162 57 173 57
163 12 174 12
163 35 174 35
165 24 168 26
165 41 170 42
165 48 176 48
165 56 176 56
166 8 168 11
167 2 178 2
167 23 178 23
167 44 178 44
167 49 178 49
167 50 178 50
168 1 179 1
168 3 171 5
168 18 173 19
168 22 179 22
168 27 170 30
168 31 173 32
168 37 179 37
168 38 171 40
168 47 179 47
168 55 179 55
169 6 171 9
171 15 176 16
171 26 173 29
171 53 176 54
171 58 176 59
172 3 174 6
172 8 177 9
172 38 174 41
173 24 178 25
174 18 177 20
174 26 175 31
174 32 179 33
175 4 177 7
175 10 178 12
176 27 179 29
176 41 179 43
177 14 179 17
177 51 179 54
177 56 179 59
4 53 15 53
41 5 46 6
42 17 47 18
79 40 90 40
137 47 148 47
165 51 176 51
10 56 21 56
32 3 43 3
40 43 51 43
113 47 124 47
135 39 146 39
152 47 154 50
156 32 167 32
169 10 174 11
175 38 178 40
12 8 23 8
102 58 113 58
47 2 58 2
34 42 44 42
120 18 130 18
8 59 18 59
120 51 130 51
145 17 155 17
156 44 166 44
160 15 170 15
149 59 158 59
57 4 66 4
36 25 40 26
155 48 164 48
55 33 63 33
67 19 75 19
67 30 69 32
82 31 90 31
47 27 55 27
150 43 158 43
178 18 179 21
108 55 111 56
117 42 120 43
152 52 159 52
143 51 144 54
72 56 78 56
103 8 109 8
126 17 132 17
12 11 18 11
60 52 66 52
140 57 146 57
30 7 35 7
60 25 62 26
67 16 68 18
76 40 77 42
95 26 100 26
123 35 128 35
124 9 129 9
7 48 8 50
43 0 45 1
69 35 73 35
113 20 117 20
135 19 139 19
145 45 149 45
0 7 3 7
3 55 6 55
6 45 9 45
44 47 45 48
45 34 48 34
71 38 72 39
78 30 78 33
141 3 144 3
16 53 19 53
60 36 63 36
127 25 129 25
