786
0 1 2 4
0 6 11 6
0 8 11 8
0 9 11 9
0 11 11 11
0 12 2 15
0 16 3 18
0 19 3 21
0 22 0 33
0 34 2 37
0 38 5 39
0 40 11 40
0 41 3 43
0 44 11 44
0 45 1 50
0 51 3 53
0 54 2 57
1 10 12 10
1 23 6 24
1 25 12 25
1 26 4 28
1 29 6 30
2 45 5 47
2 58 7 59
3 1 5 4
3 13 14 13
3 31 4 36
3 37 14 37
3 48 14 48
3 54 14 54
4 7 15 7
4 14 6 17
4 18 15 18
4 21 15 21
4 41 15 41
4 42 9 43
4 50 15 50
4 51 15 51
4 56 9 57
5 5 16 5
5 22 16 22
5 26 8 28
5 31 7 34
5 35 10 36
6 0 9 2
6 12 17 12
6 19 17 19
6 38 17 38
6 46 11 47
7 14 10 16
7 24 18 24
7 29 18 29
7 55 18 55
8 31 19 31
8 32 19 32
8 34 19 34
8 52 19 52
8 58 19 58
9 23 20 23
9 26 14 27
9 28 20 28
9 49 20 49
10 0 12 3
10 42 21 42
10 43 21 43
10 45 21 45
10 57 21 57
11 33 22 33
11 35 16 36
12 4 23 4
12 9 23 9
12 16 17 17
12 30 23 30
12 40 23 40
12 44 23 44
12 47 23 47
13 0 24 0
13 6 24 6
13 25 24 25
14 1 19 2
14 20 25 20
14 46 25 46
15 54 26 54
16 37 27 37
16 41 27 41
17 10 28 10
17 14 22 15
17 50 22 51
18 7 29 7
18 11 21 13
18 17 23 18
18 19 29 19
18 21 23 22
18 35 29 35
19 36 30 36
19 55 30 55
19 59 30 59
20 2 25 3
20 39 31 39
20 48 31 48
20 52 25 53
21 23 26 24
22 11 33 11
22 42 27 43
23 12 28 13
23 15 28 16
23 28 34 28
23 31 25 34
23 49 26 51
23 56 26 58
24 8 35 8
24 9 35 9
24 18 35 18
24 26 35 26
25 0 36 0
25 21 36 21
25 25 36 25
26 1 31 2
26 3 29 5
26 20 37 20
26 29 31 30
26 52 31 53
27 23 32 24
27 38 38 38
27 49 30 51
27 54 38 54
28 22 39 22
28 32 39 32
28 41 33 42
28 43 39 43
28 57 39 57
29 6 40 6
29 12 31 15
29 16 34 17
29 27 40 27
29 47 40 47
29 58 40 58
30 3 41 3
30 19 41 19
30 56 41 56
31 33 36 34
31 40 42 40
31 49 34 51
31 55 42 55
32 4 37 5
32 12 34 15
32 48 43 48
33 1 44 1
33 35 36 37
33 52 38 53
34 29 45 29
34 41 45 41
35 2 46 2
35 10 46 10
35 11 37 14
35 16 46 16
35 23 40 24
36 7 39 9
36 17 41 18
36 30 47 30
36 45 47 45
36 49 47 49
37 33 48 33
37 34 40 36
37 44 48 44
37 46 48 46
38 11 43 12
38 13 41 15
38 20 43 21
39 37 42 39
39 52 44 53
40 7 51 7
40 8 45 9
41 4 46 5
41 22 42 27
41 34 44 36
41 54 52 54
41 57 44 59
42 13 47 14
42 15 53 15
43 19 54 19
43 23 48 24
43 26 54 26
43 31 54 31
43 32 54 32
43 38 48 39
44 11 55 11
44 20 55 20
44 21 49 22
44 25 55 25
45 35 56 35
45 42 56 42
45 50 47 53
45 55 56 55
45 57 56 57
46 0 57 0
46 9 57 9
46 27 49 29
46 36 51 37
46 40 51 41
46 47 51 48
47 3 58 3
48 1 59 1
48 16 51 18
48 49 53 50
48 51 53 52
49 5 54 6
49 23 54 24
49 33 54 34
49 44 54 45
49 46 60 46
50 4 61 4
50 21 55 22
50 28 55 29
51 10 62 10
51 13 56 14
51 38 56 39
52 17 63 17
52 36 57 37
52 40 57 41
52 43 63 43
52 47 63 47
53 53 58 54
54 12 65 12
54 16 65 16
54 49 56 52
55 5 66 5
55 18 60 19
55 30 60 31
55 32 66 32
55 34 66 34
55 45 66 45
56 20 67 20
56 23 61 24
56 25 59 27
56 56 67 56
57 28 62 29
57 35 68 35
57 42 68 42
57 44 68 44
57 48 59 51
57 55 68 55
58 13 63 14
58 21 63 22
58 36 59 41
59 2 70 2
59 3 70 3
59 6 64 7
59 8 70 8
59 11 70 11
59 52 64 53
59 54 70 54
60 0 71 0
60 1 71 1
60 37 63 39
60 40 71 40
60 41 71 41
60 50 65 51
60 59 71 59
61 15 72 15
61 18 66 19
61 31 72 31
62 23 64 26
62 46 73 46
62 57 67 58
63 9 68 10
63 28 66 30
64 33 75 33
64 36 75 36
64 37 67 39
64 43 75 43
65 6 70 7
65 21 70 22
65 25 70 26
65 48 76 48
66 12 71 13
66 49 69 51
67 4 72 5
67 27 70 29
67 52 78 52
68 57 79 57
69 9 80 9
69 14 80 14
69 16 72 18
69 20 80 20
69 34 80 34
69 37 74 38
69 55 74 56
70 23 75 24
70 50 81 50
71 2 76 3
71 7 82 7
71 10 76 11
71 22 82 22
71 25 82 25
71 26 82 26
71 28 74 30
71 47 82 47
71 51 82 51
72 0 77 1
72 6 83 6
72 32 83 32
72 44 83 44
72 59 83 59
73 4 78 5
73 15 78 16
73 17 78 18
73 39 75 42
73 53 78 54
74 12 85 12
74 21 85 21
74 35 85 35
75 27 80 28
75 29 80 30
75 45 86 45
75 46 86 46
76 8 87 8
76 19 87 19
76 24 87 24
76 36 79 38
76 43 87 43
77 10 88 10
77 11 88 11
77 13 88 13
77 39 88 39
77 48 82 49
77 55 88 55
78 0 81 2
78 41 89 41
79 15 81 18
79 33 90 33
79 53 84 54
79 56 90 56
80 3 91 3
80 36 85 37
80 57 91 57
81 9 92 9
81 23 92 23
81 28 86 29
81 30 92 30
81 34 92 34
81 38 92 38
82 0 85 2
82 14 93 14
82 16 87 17
82 52 93 52
83 26 94 26
83 47 88 48
84 4 86 7
84 15 95 15
84 32 95 32
84 59 95 59
85 51 96 51
85 53 90 54
86 0 91 1
86 22 97 22
86 42 97 42
87 35 98 35
87 46 98 46
88 2 99 2
88 6 99 6
88 7 93 8
88 18 93 19
88 20 93 21
88 27 93 28
88 43 99 43
88 49 99 49
88 58 99 58
89 12 94 13
89 25 100 25
89 29 100 29
89 39 100 39
90 44 101 44
91 17 102 17
91 40 96 41
91 47 96 48
91 53 93 56
92 3 103 3
92 10 103 10
92 11 103 11
92 24 103 24
92 50 103 50
93 0 98 1
93 23 104 23
93 31 104 31
93 36 96 38
94 4 105 4
94 7 97 9
94 16 105 16
94 18 96 21
94 27 99 28
94 52 105 52
94 53 105 53
94 56 99 57
95 33 100 34
96 13 107 13
96 54 101 55
97 18 108 18
97 19 100 21
97 30 108 30
97 36 108 36
98 7 103 8
98 9 109 9
98 22 109 22
98 37 103 38
98 51 109 51
99 40 104 41
99 46 110 46
99 48 110 48
99 59 110 59
100 2 111 2
100 26 105 27
100 35 111 35
100 49 111 49
101 5 106 6
101 19 104 21
101 28 106 29
101 32 112 32
101 33 112 33
101 42 106 43
101 47 112 47
102 34 113 34
102 44 107 45
102 54 104 57
103 17 114 17
103 25 114 25
104 1 115 1
104 37 109 38
105 3 116 3
105 7 116 7
105 21 116 21
105 54 107 57
106 4 117 4
106 11 117 11
106 12 117 12
106 15 111 16
106 31 117 31
107 5 112 6
107 28 118 28
107 29 118 29
107 39 109 42
107 53 118 53
108 0 119 0
108 19 113 20
108 23 119 23
108 54 110 57
109 18 120 18
109 44 114 45
110 8 113 10
110 13 115 14
110 26 121 26
110 36 113 38
110 39 121 39
110 50 113 52
111 27 122 27
111 42 116 43
111 48 122 48
111 57 116 58
111 59 122 59
112 15 117 16
112 46 123 46
112 49 123 49
112 54 117 55
113 5 124 5
113 6 124 6
114 8 117 10
114 33 117 35
114 37 125 37
114 41 125 41
114 51 119 52
115 17 126 17
115 19 120 20
115 25 126 25
115 44 120 45
116 1 127 1
116 13 127 13
116 38 127 38
117 32 128 32
117 40 128 40
117 56 120 58
118 7 120 10
118 12 129 12
118 14 121 16
118 21 129 21
118 33 123 34
118 36 129 36
119 11 130 11
119 30 130 30
119 50 130 50
119 53 122 55
120 2 131 2
120 31 131 31
120 52 131 52
121 7 124 9
121 10 132 10
121 20 132 20
121 28 126 29
121 43 124 45
121 57 126 58
122 3 133 3
122 26 133 26
123 14 128 15
123 19 134 19
123 39 134 39
123 54 126 56
124 42 135 42
124 48 135 48
124 59 135 59
125 4 127 7
125 33 128 35
125 44 130 45
125 47 136 47
126 23 131 24
126 37 137 37
126 43 137 43
126 46 137 46
127 16 132 17
127 27 130 29
127 41 138 41
127 53 130 55
127 56 138 56
128 0 133 1
128 4 133 5
128 7 133 8
128 38 139 38
128 57 133 58
129 13 134 14
129 34 134 35
129 40 140 40
130 9 141 9
130 12 141 12
130 15 141 15
130 21 141 21
130 25 141 25
131 18 142 18
131 28 136 29
131 49 134 51
131 53 134 55
132 22 143 22
132 27 143 27
132 30 135 32
133 2 144 2
133 17 144 17
134 0 139 1
134 3 137 5
134 10 139 11
134 16 145 16
135 7 140 8
135 13 146 13
135 20 146 20
135 23 146 23
135 33 146 33
135 34 138 36
135 44 140 45
135 49 136 54
135 57 140 58
136 48 147 48
136 55 147 55
137 28 148 28
137 29 148 29
137 30 142 31
137 49 140 51
137 52 140 54
137 59 148 59
138 3 140 6
138 46 149 46
139 34 142 36
139 41 142 43
140 14 151 14
140 19 151 19
140 37 143 39
141 0 146 1
141 7 146 8
141 40 152 40
141 44 152 44
141 49 142 54
141 56 152 56
142 4 145 6
142 9 153 9
142 11 153 11
142 15 153 15
142 21 153 21
142 25 147 26
143 18 154 18
143 30 146 32
143 34 148 35
143 49 148 50
144 22 155 22
144 27 155 27
144 36 147 38
145 3 156 3
145 41 156 41
145 53 150 54
146 4 149 6
146 51 151 52
147 8 158 8
147 31 150 33
147 39 158 39
147 57 152 58
148 2 159 2
148 23 151 25
148 42 159 42
149 10 160 10
149 28 160 28
149 29 154 30
149 34 152 36
149 47 151 50
150 1 161 1
150 6 161 6
150 20 161 20
150 46 161 46
151 5 162 5
151 33 162 33
151 53 162 53
151 55 162 55
152 19 163 19
152 24 157 25
152 31 163 31
152 37 163 37
153 4 164 4
153 34 164 34
153 45 164 45
153 51 164 51
153 56 164 56
153 57 158 58
154 7 165 7
154 11 159 12
154 14 159 15
155 23 166 23
155 29 166 29
155 49 160 50
155 54 166 54
156 17 167 17
156 22 167 22
156 26 161 27
156 35 161 36
156 40 167 40
156 47 167 47
158 13 169 13
158 16 169 16
158 41 169 41
159 8 170 8
159 24 164 25
159 43 170 43
159 58 170 58
159 59 170 59
160 2 165 3
160 11 171 11
160 12 171 12
160 14 171 14
160 52 171 52
161 38 166 39
161 48 166 49
162 0 167 1
162 9 167 10
162 20 167 21
162 27 167 28
162 36 173 36
162 46 173 46
162 57 173 57
163 5 174 5
163 33 174 33
163 35 174 35
163 50 174 50
164 30 167 32
165 24 170 25
165 45 176 45
165 56 176 56
167 2 172 3
167 23 178 23
167 37 178 37
167 44 178 44
167 48 172 49
168 1 179 1
168 18 173 19
168 22 179 22
168 27 170 30
168 31 173 32
168 38 171 40
168 47 179 47
168 55 179 55
170 41 175 42
171 7 173 10
171 15 176 16
171 26 173 29
171 53 176 54
171 58 176 59
172 11 174 14
173 3 178 4
173 24 178 25
173 48 178 49
174 7 179 8
174 18 177 20
174 26 175 31
175 9 176 14
175 32 177 35
176 27 179 29
176 41 179 43
177 10 178 15
177 51 179 54
177 56 179 59
178 16 179 21
4 53 15 53
42 17 47 18
74 31 85 31
79 40 90 40
137 47 148 47
141 45 152 45
146 16 157 16
153 43 158 44
165 51 176 51
172 38 175 40
10 56 21 56
40 43 51 43
113 47 124 47
152 47 154 50
176 38 179 40
141 57 146 58
151 32 162 32
12 8 23 8
47 2 58 2
34 42 44 42
8 59 18 59
120 51 130 51
145 17 155 17
160 15 170 15
100 58 110 58
35 50 44 50
149 59 158 59
121 18 130 18
143 42 147 43
17 5 25 5
55 33 63 33
67 19 75 19
37 0 45 0
13 10 16 11
65 53 72 53
131 44 134 45
179 30 179 37
67 45 74 45
106 26 109 27
117 42 120 43
152 52 159 52
37 25 40 26
143 51 144 54
159 44 166 44
2 49 8 49
86 31 92 31
81 20 87 20
118 35 124 35
30 7 35 7
38 4 40 5
47 4 48 6
60 25 61 27
67 16 68 18
76 40 77 42
83 25 88 25
104 8 109 8
168 9 170 10
50 27 55 27
84 44 89 44
88 16 90 17
125 8 127 9
155 48 160 48
68 39 72 39
69 35 73 35
95 26 99 26
135 19 139 19
148 43 152 43
42 3 46 3
0 7 3 7
3 55 6 55
6 45 9 45
30 4 31 5
44 47 45 48
45 34 48 34
75 56 78 56
141 3 144 3
16 53 19 53
60 36 63 36
100 56 101 57
3 12 5 12
122 14 122 16
127 25 129 25
144 39 146 39
147 20 149 20
