781
0 1 3 3
0 4 11 4
0 6 11 6
0 8 11 8
0 9 5 10
0 11 1 16
0 17 2 20
0 21 11 21
0 22 0 33
0 34 3 36
0 37 3 39
0 40 11 40
0 41 3 43
0 44 11 44
0 45 1 50
0 51 3 53
0 54 1 59
1 23 6 24
1 25 12 25
1 26 4 28
1 29 4 31
2 11 13 11
2 12 4 15
2 45 5 47
2 57 13 57
2 58 7 59
3 16 14 16
3 17 5 20
3 33 14 33
3 48 14 48
3 54 14 54
4 1 9 2
4 7 15 7
4 32 15 32
4 35 6 38
4 41 15 41
4 42 9 43
4 50 9 51
5 5 16 5
5 13 16 13
5 22 16 22
5 26 8 28
5 34 16 34
6 0 17 0
6 9 17 9
6 10 17 10
6 12 17 12
6 18 11 19
6 29 17 29
6 46 11 47
7 24 18 24
7 36 12 37
7 38 18 38
7 55 18 55
8 31 19 31
8 52 13 53
8 58 19 58
9 23 20 23
9 26 20 26
9 27 14 28
9 49 20 49
10 42 21 42
10 43 21 43
10 45 21 45
10 50 15 51
12 4 23 4
12 17 17 18
12 19 23 19
12 21 23 21
12 30 23 30
12 40 23 40
12 44 23 44
12 47 23 47
13 6 24 6
13 25 24 25
13 36 24 36
13 37 24 37
14 1 19 2
14 20 25 20
14 46 25 46
14 57 25 57
15 33 26 33
15 52 18 54
16 28 27 28
16 41 27 41
17 14 20 16
17 34 28 34
17 50 22 51
18 0 29 0
18 7 29 7
18 10 29 10
18 11 21 13
18 17 23 18
18 35 29 35
19 9 30 9
19 52 24 53
19 54 24 55
19 59 30 59
20 2 25 3
20 39 31 39
20 48 31 48
21 15 32 15
21 23 26 24
22 11 33 11
22 22 33 22
22 42 27 43
23 12 28 13
23 49 26 51
24 8 35 8
24 18 35 18
24 19 35 19
24 26 35 26
25 21 36 21
25 25 36 25
25 36 30 37
25 52 27 55
25 56 36 56
26 1 31 2
26 3 28 6
26 20 37 20
26 29 31 30
27 16 32 17
27 23 32 24
27 38 38 38
27 49 30 51
28 28 39 28
28 32 39 32
28 41 33 42
28 43 39 43
28 52 31 54
28 57 39 57
29 3 40 3
29 6 40 6
29 27 40 27
29 47 40 47
29 58 40 58
30 12 35 13
30 55 41 55
31 33 36 34
31 40 42 40
31 49 34 51
32 4 37 5
32 14 43 14
32 48 43 48
33 1 44 1
33 17 44 17
33 35 36 37
33 52 38 53
34 9 37 11
34 22 37 24
34 29 45 29
34 41 45 41
35 2 46 2
35 16 46 16
35 54 46 54
36 12 41 13
36 18 41 19
36 30 47 30
36 45 47 45
36 49 47 49
37 7 48 7
37 33 48 33
37 34 40 36
37 44 48 44
37 46 48 46
38 8 40 11
38 15 49 15
38 20 40 23
38 24 49 24
39 37 42 39
39 52 44 53
41 4 46 5
41 8 52 8
41 10 52 10
41 20 43 23
41 25 43 28
41 34 46 35
41 57 44 59
43 19 54 19
43 31 54 31
43 32 54 32
43 36 45 39
44 11 55 11
44 12 47 14
44 20 46 23
44 25 55 25
44 26 49 27
45 9 56 9
45 42 56 42
45 50 47 53
45 55 56 55
45 57 56 57
46 0 57 0
46 28 51 29
46 36 49 38
46 39 57 39
46 40 51 41
46 47 51 48
47 3 58 3
47 20 50 22
47 34 52 35
47 54 58 54
48 1 59 1
48 16 51 18
48 49 53 50
48 51 53 52
49 5 54 6
49 44 54 45
49 46 60 46
50 4 61 4
50 23 55 24
50 36 53 38
51 13 56 14
51 20 62 20
51 21 62 21
51 26 62 26
52 15 54 18
52 28 55 30
52 40 57 41
52 43 63 43
52 47 63 47
54 10 65 10
54 12 65 12
54 33 55 38
54 49 56 52
55 5 66 5
55 16 57 19
55 31 66 31
55 32 66 32
55 45 66 45
56 23 61 24
56 27 58 30
56 34 67 34
56 35 59 37
56 56 67 56
57 6 59 9
57 42 68 42
57 44 68 44
57 48 59 51
57 55 68 55
58 13 59 18
58 38 60 41
59 2 70 2
59 3 70 3
59 11 70 11
59 19 70 19
59 27 61 30
59 52 64 53
59 54 70 54
60 0 71 0
60 1 71 1
60 8 71 8
60 13 62 16
60 17 71 17
60 35 71 35
60 50 65 51
60 59 71 59
61 38 72 38
61 39 66 40
61 41 72 41
62 28 67 29
62 37 73 37
62 46 73 46
62 57 67 58
63 7 74 7
63 13 68 14
63 21 66 23
63 24 65 27
64 6 75 6
64 20 75 20
64 33 75 33
64 36 75 36
64 43 75 43
65 9 76 9
65 48 76 48
66 10 77 10
66 24 71 25
66 26 71 27
66 30 77 30
66 49 77 49
66 50 77 50
66 51 71 52
67 4 72 5
67 15 72 16
67 21 78 21
67 39 72 40
68 28 73 29
68 57 79 57
69 12 74 13
69 14 80 14
69 18 80 18
69 34 80 34
69 55 80 55
70 22 81 22
70 31 75 32
71 2 76 3
71 23 82 23
71 47 82 47
72 0 77 1
72 25 83 25
72 44 83 44
72 51 75 53
72 59 83 59
73 4 84 4
73 15 84 15
73 16 78 17
73 39 75 42
74 26 79 27
74 29 85 29
74 35 85 35
75 11 86 11
75 12 80 13
75 28 86 28
75 45 86 45
75 46 86 46
76 6 79 8
76 19 87 19
76 24 87 24
76 31 81 32
76 36 79 38
76 43 87 43
76 51 78 54
77 39 88 39
78 0 80 3
78 9 83 10
78 41 89 41
79 16 84 17
79 33 90 33
79 48 80 53
79 56 90 56
80 5 85 6
80 30 91 30
80 36 83 38
80 54 91 54
80 57 91 57
81 1 92 1
81 2 92 2
81 3 92 3
81 34 92 34
81 50 84 52
81 53 92 53
82 14 93 14
83 7 88 8
83 13 94 13
83 21 86 23
83 26 94 26
83 47 88 48
83 55 94 55
84 9 95 9
84 32 95 32
84 36 89 37
84 59 95 59
85 15 88 17
85 51 96 51
86 6 97 6
86 42 97 42
87 10 90 12
87 23 98 23
87 35 98 35
87 46 98 46
88 18 93 19
88 20 93 21
88 27 93 28
88 43 91 45
88 49 99 49
88 58 99 58
89 25 100 25
89 29 100 29
89 39 100 39
90 15 93 17
90 37 95 38
90 52 101 52
91 7 96 8
91 40 96 41
91 47 96 48
92 10 97 11
92 24 103 24
92 44 103 44
92 50 103 50
92 54 103 54
92 56 97 57
93 0 95 3
93 31 104 31
93 53 104 53
94 4 105 4
94 14 97 16
94 17 97 19
94 21 99 22
94 27 99 28
94 36 105 36
95 33 100 34
96 0 98 3
96 9 107 9
96 13 107 13
96 20 107 20
97 7 102 8
97 30 108 30
98 5 103 6
98 10 103 11
98 14 99 19
98 37 103 38
98 40 100 43
98 51 109 51
99 1 104 2
99 46 110 46
99 48 110 48
99 55 110 55
99 59 110 59
100 15 102 18
100 21 103 23
100 26 105 27
100 35 111 35
100 49 111 49
101 28 106 29
101 32 104 34
101 40 104 42
101 47 112 47
102 52 113 52
102 56 113 56
102 57 113 57
103 16 108 17
103 19 114 19
103 25 114 25
104 21 107 23
104 37 109 38
104 44 109 45
105 3 116 3
105 5 116 5
105 6 116 6
105 7 116 7
105 32 108 34
105 40 107 43
106 1 111 2
106 4 117 4
106 11 117 11
106 12 117 12
106 31 117 31
107 28 118 28
107 29 118 29
107 53 118 53
108 0 119 0
108 18 119 18
108 20 113 21
108 23 119 23
108 39 119 39
108 40 110 43
109 14 112 16
109 32 114 33
110 8 113 10
110 17 121 17
110 26 121 26
110 36 113 38
110 51 121 51
111 27 122 27
111 42 116 43
111 44 114 46
111 48 122 48
111 59 122 59
112 1 117 2
112 49 123 49
112 54 117 55
113 13 115 16
114 8 117 10
114 21 119 22
114 34 117 36
114 37 125 37
114 41 125 41
114 56 117 58
115 19 126 19
115 25 126 25
115 44 120 45
115 46 126 46
116 13 127 13
116 14 121 15
116 38 127 38
116 52 127 52
117 5 128 5
117 6 128 6
117 32 128 32
117 33 128 33
117 40 128 40
118 7 120 10
118 12 129 12
118 20 129 20
118 34 121 36
118 54 121 56
119 1 124 2
119 11 130 11
119 30 130 30
119 50 130 50
120 21 131 21
120 31 131 31
121 7 123 10
121 28 126 29
121 43 124 45
121 57 126 58
122 3 133 3
122 15 124 18
122 26 133 26
122 36 133 36
122 53 127 54
122 55 127 56
123 39 134 39
124 10 135 10
124 42 135 42
124 48 135 48
124 59 135 59
125 0 128 2
125 14 136 14
125 15 127 18
125 34 130 35
125 44 130 45
125 47 136 47
126 4 137 4
126 7 131 8
126 23 131 24
126 37 137 37
126 43 137 43
127 19 138 19
127 27 130 29
127 41 138 41
127 46 138 46
128 16 139 16
128 38 139 38
128 51 133 52
128 53 130 56
128 57 133 58
129 0 140 0
129 1 134 2
129 5 140 5
129 40 140 40
130 9 141 9
130 12 135 13
130 15 141 15
130 20 141 20
130 25 141 25
131 18 142 18
131 28 136 29
131 34 136 35
131 53 134 55
132 21 143 21
132 22 143 22
132 27 143 27
132 30 137 31
133 17 144 17
133 50 144 50
134 11 145 11
134 56 137 58
135 1 140 2
135 7 140 8
135 23 146 23
135 33 146 33
135 44 140 45
135 52 140 53
135 54 146 54
136 12 141 13
136 48 147 48
136 55 147 55
137 28 142 29
137 34 142 35
137 59 148 59
138 30 143 31
138 56 141 58
139 36 144 37
139 41 142 43
140 14 151 14
140 16 151 16
140 19 151 19
141 0 143 3
141 7 152 7
141 40 152 40
141 44 152 44
142 4 147 5
142 8 147 9
142 15 153 15
142 25 147 26
142 46 153 46
142 56 153 56
143 6 154 6
143 12 148 13
143 18 154 18
143 28 148 29
143 32 154 32
143 34 148 35
144 0 155 0
144 1 155 1
144 20 147 22
144 27 155 27
144 31 155 31
145 3 156 3
145 36 147 39
145 41 156 41
146 49 149 51
146 52 151 53
147 33 158 33
147 57 152 58
148 2 159 2
148 4 153 5
148 8 159 8
148 9 159 9
148 21 151 23
148 24 151 26
148 38 153 39
148 42 159 42
149 10 160 10
149 28 160 28
149 29 154 30
149 34 154 35
150 11 155 12
150 20 161 20
150 47 152 50
151 55 162 55
152 19 163 19
152 24 157 25
152 37 163 37
152 51 154 54
153 45 164 45
153 57 156 59
154 7 165 7
154 14 159 15
155 4 166 4
155 23 166 23
155 29 166 29
155 34 166 34
155 49 160 50
155 51 166 51
155 53 160 54
156 1 167 1
156 5 161 6
156 11 161 12
156 17 167 17
156 22 167 22
156 26 161 27
156 30 161 31
156 35 167 35
156 40 167 40
156 47 167 47
157 36 168 36
157 56 160 58
158 13 169 13
158 16 169 16
158 41 169 41
159 24 164 25
159 43 170 43
159 46 170 46
159 59 170 59
160 2 165 3
160 8 171 8
160 14 171 14
160 52 171 52
161 33 172 33
161 38 166 39
161 48 166 49
161 54 172 54
161 58 172 58
162 5 167 6
162 9 164 12
162 20 167 21
162 27 167 28
162 30 167 31
162 57 173 57
163 50 174 50
165 9 167 12
165 24 170 25
165 45 176 45
165 56 176 56
167 2 172 3
167 23 178 23
167 37 178 37
167 44 178 44
167 48 178 48
167 49 178 49
168 1 179 1
168 18 173 19
168 22 179 22
168 27 179 27
168 28 171 30
168 31 173 32
168 35 179 35
168 38 171 40
168 47 179 47
168 55 179 55
169 4 172 6
169 10 172 12
170 41 175 42
171 15 176 16
172 8 177 9
172 29 177 30
172 52 177 53
173 2 174 7
173 11 175 14
173 24 178 25
173 58 178 59
174 18 177 20
174 31 179 32
175 2 178 4
175 5 178 7
176 10 178 13
176 41 179 43
177 14 179 17
3 56 14 56
30 0 41 0
79 40 90 40
137 47 148 47
141 45 152 45
153 43 158 44
167 51 178 51
172 38 175 40
40 43 51 43
76 20 87 20
113 47 124 47
156 32 167 32
176 38 179 40
134 51 145 51
12 8 23 8
102 58 113 58
47 2 58 2
21 14 31 14
7 35 17 35
34 42 44 42
68 56 78 56
8 59 18 59
82 31 92 31
145 17 155 17
160 15 170 15
35 50 44 50
135 39 144 39
143 42 147 43
15 56 24 56
142 57 146 58
141 52 145 53
17 5 25 5
60 18 68 18
4 52 7 53
131 44 134 45
178 18 179 21
56 33 63 33
67 45 74 45
106 26 109 27
117 42 120 43
153 47 154 50
172 28 179 28
37 25 40 26
98 56 101 57
159 44 166 44
2 49 8 49
56 25 62 25
65 53 71 53
103 8 109 8
173 54 179 54
30 7 36 7
29 4 31 5
38 4 40 5
47 4 48 6
67 31 69 32
76 40 77 42
122 34 124 35
122 51 127 51
124 9 129 9
128 17 130 18
148 54 150 55
41 3 46 3
50 27 55 27
155 48 160 48
71 19 75 19
95 26 99 26
148 43 152 43
155 52 159 52
2 55 6 55
0 7 3 7
6 45 9 45
14 11 17 11
42 0 45 0
44 47 45 48
60 36 61 37
114 20 117 20
124 7 125 8
138 4 141 4
89 15 89 17
122 14 124 14
127 25 129 25
