774
0 1 1 6
0 8 11 8
0 9 5 10
0 11 1 16
0 17 2 20
0 21 0 32
0 33 0 44
0 45 1 50
0 51 1 56
0 57 3 59
1 21 12 21
1 23 6 24
1 25 12 25
1 26 4 28
1 29 4 31
1 32 2 37
1 38 6 39
1 40 3 43
2 1 3 6
2 11 13 11
2 12 4 15
2 44 5 46
2 47 7 48
2 50 4 53
3 16 14 16
3 17 5 20
3 32 4 37
3 54 14 54
4 0 5 5
4 7 15 7
4 41 15 41
4 42 9 43
4 56 9 57
5 13 16 13
5 22 16 22
5 26 8 28
5 31 6 36
5 37 16 37
5 49 8 51
6 0 9 2
6 9 17 9
6 10 17 10
6 12 17 12
6 18 11 19
6 29 17 29
6 58 17 58
7 5 18 5
7 24 18 24
7 32 10 34
7 38 18 38
7 44 10 46
7 55 18 55
8 31 19 31
8 35 13 36
8 47 13 48
8 52 13 53
9 23 20 23
9 26 14 27
9 28 20 28
9 49 14 50
9 51 20 51
10 0 12 3
10 42 21 42
10 43 21 43
10 57 21 57
11 32 14 34
11 40 22 40
11 44 14 46
12 4 23 4
12 17 17 18
12 19 23 19
12 30 23 30
13 0 18 1
13 6 24 6
13 21 24 21
13 25 24 25
14 2 25 2
14 20 25 20
14 36 25 36
14 47 25 47
15 32 20 33
15 34 26 34
15 44 26 44
15 45 26 45
15 52 18 54
16 41 27 41
17 14 20 16
17 37 28 37
17 49 22 50
18 7 29 7
18 10 29 10
18 11 21 13
18 17 23 18
18 35 29 35
18 58 29 58
19 0 30 0
19 1 30 1
19 9 30 9
19 52 24 53
19 54 24 55
19 59 30 59
20 39 31 39
20 48 31 48
21 15 32 15
21 23 26 24
22 11 33 11
22 22 33 22
22 42 27 43
23 12 28 13
23 28 34 28
23 49 26 51
24 3 27 5
24 8 35 8
24 18 35 18
24 19 35 19
24 26 35 26
25 21 36 21
25 25 36 25
25 33 36 33
25 52 27 55
25 56 36 56
26 20 37 20
26 29 31 30
26 36 37 36
27 16 32 17
27 23 32 24
27 38 38 38
27 49 30 51
28 2 30 5
28 32 39 32
28 41 33 42
28 43 39 43
28 52 31 54
28 57 39 57
29 6 40 6
29 27 40 27
29 47 40 47
30 12 35 13
30 55 41 55
31 0 33 3
31 40 42 40
31 49 34 51
31 58 36 59
32 4 37 5
32 14 43 14
32 48 43 48
33 17 44 17
33 52 38 53
34 9 37 11
34 22 37 24
34 29 45 29
34 34 39 35
34 41 39 42
35 1 46 1
35 2 46 2
35 16 46 16
35 54 46 54
36 12 41 13
36 18 41 19
36 30 47 30
36 45 47 45
36 49 39 51
37 7 48 7
37 33 48 33
37 44 48 44
37 46 48 46
38 8 40 11
38 15 49 15
38 20 40 23
38 24 49 24
39 37 42 39
39 52 44 53
40 34 43 36
40 41 43 43
40 49 51 49
40 56 42 59
41 4 46 5
41 8 52 8
41 10 52 10
41 20 43 23
41 25 43 28
43 19 54 19
43 31 54 31
43 32 54 32
43 38 48 39
43 55 45 58
44 11 46 14
44 20 46 23
44 25 46 28
44 40 47 42
45 9 56 9
45 35 48 37
45 50 47 53
46 0 57 0
46 47 51 48
46 57 57 57
47 3 58 3
47 20 50 22
47 25 52 26
47 27 52 28
47 54 52 55
48 1 59 1
48 16 51 18
48 29 53 30
48 40 53 41
48 50 50 53
49 5 54 6
49 33 52 35
49 36 51 39
49 42 54 43
49 44 54 45
49 46 60 46
50 4 61 4
50 23 55 24
51 13 56 14
51 20 56 21
51 50 53 53
52 15 54 18
52 36 57 37
52 47 63 47
53 25 55 28
53 54 58 55
54 10 65 10
54 11 59 12
54 40 59 41
54 49 56 52
55 5 60 6
55 16 57 19
55 30 60 31
55 32 66 32
55 34 66 34
55 43 58 45
56 23 61 24
56 25 59 27
56 42 67 42
56 56 67 56
57 20 60 22
57 28 62 29
57 35 68 35
57 48 59 51
58 13 59 18
58 38 63 39
59 2 70 2
59 3 70 3
59 8 70 8
59 19 70 19
59 43 70 43
59 44 70 44
59 45 70 45
59 52 64 53
59 54 64 55
60 0 71 0
60 1 71 1
60 11 61 16
60 17 71 17
60 40 71 40
60 41 71 41
60 50 65 51
60 59 71 59
61 5 64 7
61 21 66 22
61 31 72 31
62 11 64 14
62 23 64 26
62 37 73 37
62 46 73 46
62 57 67 58
63 28 66 30
64 20 75 20
64 33 75 33
64 36 75 36
65 4 68 6
65 7 76 7
65 9 76 9
65 11 68 13
65 25 70 26
65 38 70 39
65 48 76 48
65 53 68 55
66 10 77 10
66 49 69 51
67 15 72 16
67 21 78 21
67 27 70 29
67 52 78 52
68 57 79 57
69 4 72 6
69 12 74 13
69 14 80 14
69 18 80 18
69 34 80 34
69 54 80 54
69 55 74 56
70 22 81 22
70 23 75 24
70 50 81 50
71 2 76 3
71 25 72 30
71 43 76 44
71 47 82 47
71 51 82 51
72 0 77 1
72 32 83 32
72 59 83 59
73 4 76 6
73 15 78 16
73 25 78 26
73 27 78 28
73 29 78 30
73 39 75 42
74 35 85 35
75 11 86 11
75 12 80 13
75 17 86 17
75 45 80 46
76 8 87 8
76 19 81 20
76 24 87 24
76 36 78 39
77 2 80 4
77 6 82 7
77 41 80 43
77 48 82 49
77 55 88 55
78 9 83 10
79 27 81 30
79 33 90 33
79 56 90 56
80 25 85 26
80 36 83 38
80 39 91 39
80 53 91 53
80 57 91 57
81 1 92 1
81 2 92 2
81 3 92 3
81 16 92 16
81 23 92 23
81 34 92 34
81 40 83 43
81 44 84 46
81 54 92 54
82 14 93 14
82 18 84 21
82 27 84 30
82 52 93 52
83 6 88 7
83 13 94 13
83 47 88 48
84 9 95 9
84 15 95 15
84 32 95 32
84 36 87 38
84 40 86 43
84 59 95 59
85 18 87 21
85 27 88 29
85 30 90 31
85 44 88 46
85 51 96 51
86 22 97 22
86 26 97 26
87 10 90 12
87 35 98 35
87 41 92 42
87 43 98 43
88 18 93 19
88 20 93 21
88 37 93 38
88 49 99 49
88 58 99 58
89 6 100 6
89 25 100 25
89 27 92 29
89 46 94 47
90 44 95 45
91 7 96 8
91 17 102 17
92 10 97 11
92 24 103 24
92 40 103 40
92 50 103 50
92 55 97 56
93 0 94 5
93 23 104 23
93 28 96 30
93 31 104 31
93 41 98 42
93 53 104 53
93 54 104 54
94 16 105 16
94 18 96 21
94 36 105 36
94 37 97 39
94 52 105 52
95 0 97 3
95 4 106 4
95 33 100 34
95 46 106 46
96 9 107 9
96 13 107 13
97 7 102 8
97 18 100 20
97 21 108 21
97 29 108 29
97 30 108 30
97 44 108 44
98 0 101 2
98 10 103 11
98 22 109 22
98 37 101 39
98 51 109 51
99 41 102 43
99 48 110 48
99 55 110 55
99 59 110 59
100 26 105 27
100 35 111 35
100 49 111 49
101 5 106 6
101 18 106 19
101 20 112 20
101 32 104 34
101 47 112 47
102 1 105 3
102 37 105 39
102 56 113 56
102 57 113 57
103 17 114 17
103 25 114 25
103 41 108 42
105 7 116 7
105 32 108 34
106 1 111 2
106 11 117 11
106 12 117 12
106 15 111 16
106 28 117 28
106 31 117 31
106 38 117 38
107 4 112 5
107 6 118 6
107 46 118 46
107 53 118 53
108 0 119 0
108 18 119 18
108 23 119 23
108 39 119 39
109 21 120 21
109 29 120 29
109 32 114 33
109 40 110 45
110 8 113 10
110 13 115 14
110 26 121 26
110 50 113 52
111 19 122 19
111 27 122 27
111 42 116 43
111 48 122 48
111 59 122 59
112 1 117 2
112 15 117 16
112 34 115 36
112 37 123 37
112 44 117 45
112 49 123 49
112 54 117 55
113 3 116 5
114 8 117 10
114 41 125 41
114 51 119 52
114 56 117 58
115 17 126 17
115 25 126 25
116 13 127 13
116 32 118 35
117 5 128 5
117 40 128 40
118 7 119 12
118 14 121 16
118 20 129 20
118 28 129 28
118 36 129 36
118 44 123 45
118 54 120 57
119 1 122 3
119 30 130 30
119 33 122 35
119 50 130 50
120 7 122 10
120 11 125 12
120 31 125 32
120 52 125 53
121 21 132 21
121 38 126 39
121 54 123 57
122 26 133 26
122 46 127 47
123 2 134 2
123 7 134 7
123 14 128 15
123 19 134 19
123 29 134 29
123 33 128 34
124 1 135 1
124 10 135 10
124 42 135 42
124 44 129 45
124 48 135 48
124 54 126 57
124 59 135 59
125 37 136 37
126 3 131 4
126 11 131 12
126 23 131 24
126 43 137 43
126 51 129 53
127 16 132 17
127 38 132 39
127 41 138 41
127 56 138 56
128 0 139 0
128 46 139 46
128 54 139 54
128 57 133 58
129 5 140 5
129 13 134 14
129 31 131 34
129 40 140 40
129 47 140 47
130 9 141 9
130 15 141 15
130 20 141 20
130 25 141 25
130 28 141 28
130 44 135 45
130 51 135 52
131 18 142 18
132 3 143 3
132 12 143 12
132 22 143 22
132 27 143 27
132 30 133 35
133 17 144 17
133 50 144 50
134 11 145 11
134 16 145 16
134 30 135 35
134 38 145 38
134 53 145 53
135 7 140 8
135 13 146 13
135 23 146 23
135 57 140 58
136 1 147 1
136 2 147 2
136 29 147 29
136 34 141 35
136 45 147 45
136 48 147 48
136 55 147 55
137 30 142 31
137 36 142 37
137 44 148 44
137 59 148 59
139 41 142 43
140 14 151 14
140 19 151 19
140 21 151 21
140 32 145 33
140 54 151 54
141 0 152 0
141 7 146 8
141 40 152 40
141 56 144 58
142 4 145 6
142 9 153 9
142 15 153 15
142 25 147 26
142 34 153 34
142 35 153 35
142 46 153 46
143 18 154 18
143 31 154 31
144 22 155 22
144 27 155 27
144 37 155 37
145 3 156 3
145 41 156 41
145 56 156 56
146 4 149 6
146 10 149 12
146 49 149 51
146 52 151 53
147 8 158 8
147 33 158 33
147 39 158 39
147 57 152 58
148 2 159 2
148 23 151 25
148 42 159 42
149 28 160 28
149 29 154 30
149 44 154 45
150 1 161 1
150 6 161 6
150 10 155 11
150 20 161 20
150 47 152 50
151 5 162 5
151 55 162 55
152 19 163 19
152 24 157 25
152 51 154 54
153 4 164 4
153 57 156 59
154 7 165 7
154 14 159 15
154 34 159 35
155 23 166 23
155 29 158 31
155 43 157 46
155 49 160 50
155 51 166 51
155 53 160 54
156 9 158 12
156 17 167 17
156 22 167 22
156 26 161 27
156 37 167 37
156 40 167 40
156 47 167 47
157 36 168 36
157 56 160 58
158 13 169 13
158 16 169 16
158 41 169 41
159 8 170 8
159 9 161 12
159 24 164 25
159 29 170 29
159 31 164 32
159 43 170 43
159 44 164 45
159 46 170 46
159 59 170 59
160 2 165 3
160 14 171 14
160 34 171 34
160 35 171 35
160 52 171 52
161 33 172 33
161 38 166 39
161 48 166 49
161 54 172 54
161 58 172 58
162 0 167 1
162 9 164 12
162 20 167 21
162 27 167 28
162 57 173 57
163 5 174 5
163 50 174 50
165 9 167 12
165 24 168 26
165 30 170 31
165 45 176 45
165 56 176 56
167 2 172 3
167 23 178 23
167 44 178 44
167 48 172 49
168 1 179 1
168 18 173 19
168 22 179 22
168 27 179 27
168 37 179 37
168 38 171 40
168 47 179 47
168 55 179 55
169 10 172 12
170 41 175 42
171 15 176 16
171 29 173 32
172 8 177 9
172 34 175 36
172 52 177 53
173 3 178 4
173 11 175 14
173 24 178 25
173 48 178 49
173 58 178 59
174 18 177 20
174 28 175 33
175 5 178 7
176 10 178 13
176 28 177 33
176 41 179 43
177 14 179 17
4 59 15 59
12 56 23 56
52 38 57 39
123 8 128 9
133 39 144 39
138 51 143 52
146 16 157 16
146 32 157 32
167 51 178 51
172 38 175 40
73 31 84 31
176 38 179 40
34 0 45 0
34 3 45 3
117 42 122 43
12 8 23 8
102 58 113 58
47 2 58 2
143 43 154 43
21 14 31 14
53 33 63 33
69 53 79 53
120 18 130 18
145 17 155 17
160 15 170 15
92 57 101 57
29 37 38 37
132 4 141 4
60 18 68 18
97 28 105 28
113 47 121 47
166 7 174 7
123 35 131 35
127 55 135 55
141 47 149 47
178 18 179 21
58 36 61 37
106 26 109 27
142 20 149 20
153 47 154 50
37 25 40 26
103 8 109 8
173 54 179 54
30 7 36 7
5 52 7 53
38 4 40 5
47 4 48 6
60 25 61 27
129 8 134 8
120 51 125 51
155 48 160 48
168 28 173 28
44 34 48 34
69 35 73 35
71 19 75 19
76 40 80 40
113 20 117 20
135 19 139 19
155 52 159 52
2 55 6 55
0 7 3 7
14 11 17 11
44 47 45 48
71 38 72 39
71 45 74 45
75 56 78 56
87 17 90 17
98 26 99 27
145 57 146 58
158 43 158 46
136 51 137 52
144 51 145 52
122 14 122 16
127 25 129 25
