675
1 12 6 12
78 30 84 30
148 12 150 15
166 12 168 15
160 6 161 11
129 57 134 58
56 0 56 10
128 42 130 45
7 26 14 26
87 23 88 28
147 34 149 37
2 32 2 39
127 8 135 8
149 27 151 30
117 20 119 22
42 16 53 16
46 52 57 52
138 15 138 23
176 14 176 25
125 37 125 48
14 12 23 12
72 19 75 20
173 7 173 13
101 19 102 22
99 51 100 55
93 1 94 6
144 32 144 40
110 43 113 45
127 56 128 59
18 40 19 45
48 35 48 45
171 28 177 28
177 39 179 41
151 47 159 47
61 33 61 43
72 11 76 12
58 17 69 17
42 25 43 30
86 19 86 27
58 21 64 21
72 36 72 43
75 43 78 45
52 10 55 11
175 37 175 48
99 28 101 30
141 37 141 44
93 17 97 18
98 36 102 37
11 29 17 29
96 25 98 27
51 54 62 54
7 7 11 8
33 20 33 27
29 48 30 53
158 48 160 49
94 19 97 21
106 8 117 8
22 55 26 56
21 30 23 33
76 28 77 33
117 9 118 14
101 42 101 53
100 18 109 18
101 25 104 27
52 27 55 27
112 23 121 23
21 37 23 40
3 57 13 57
76 2 82 2
144 50 145 52
144 0 150 0
70 26 71 29
62 9 64 11
129 19 131 22
49 28 49 38
167 49 177 49
159 42 164 43
74 56 76 59
86 44 90 45
54 28 56 30
18 3 18 11
26 26 29 28
11 43 13 45
18 48 19 53
61 53 71 53
112 13 113 17
66 8 75 8
86 7 90 8
93 22 93 24
60 55 65 56
42 48 47 49
82 15 82 25
73 39 82 39
76 53 80 53
105 40 105 46
146 50 151 51
161 30 163 33
117 16 120 18
158 56 165 56
149 52 158 52
85 40 85 46
57 33 57 44
45 45 47 47
127 24 128 29
13 32 19 32
142 45 143 50
146 6 156 6
16 34 23 34
15 6 16 11
118 54 120 57
63 18 70 18
159 29 170 29
35 53 36 58
31 44 31 55
134 20 136 23
56 38 56 44
130 14 131 15
92 41 96 42
21 0 21 7
57 10 58 15
60 34 60 44
159 59 166 59
68 3 74 3
124 9 127 10
32 49 37 50
67 55 67 58
170 18 170 28
49 25 60 25
77 55 81 56
150 34 160 34
145 7 149 8
70 14 73 16
120 10 122 13
129 29 132 31
177 19 178 24
54 16 64 16
108 26 108 35
1 40 8 40
111 50 111 58
125 51 126 56
31 16 32 18
32 6 33 11
14 55 18 56
91 8 93 11
110 38 115 39
99 6 102 7
136 42 138 44
165 46 173 46
9 59 20 59
57 45 57 50
28 41 36 41
45 19 55 19
19 18 29 18
40 35 40 45
60 45 63 46
44 29 46 30
177 51 177 57
149 39 149 47
4 31 4 38
86 14 97 14
163 11 165 14
80 13 80 24
78 38 84 38
23 2 34 2
39 4 44 5
66 24 66 31
169 51 170 56
119 43 123 44
110 26 112 29
112 31 115 32
23 20 26 22
35 32 39 33
75 47 77 48
139 27 146 27
148 25 148 31
121 36 131 36
91 56 94 58
103 2 103 9
104 2 104 10
158 8 158 16
81 9 84 11
126 17 128 19
169 40 170 45
137 51 138 55
136 57 138 59
148 17 153 17
130 1 131 5
69 45 73 46
26 39 27 41
81 28 85 29
112 42 123 42
36 11 39 12
48 5 51 6
21 11 30 11
46 31 48 33
171 1 172 6
57 19 67 19
23 4 24 8
39 27 40 30
162 3 162 14
91 23 92 26
76 23 78 26
93 43 96 44
67 32 69 35
116 47 121 48
154 8 156 11
76 49 77 51
49 8 51 11
40 7 40 14
11 36 22 36
175 16 175 27
25 15 28 16
117 7 126 7
149 55 152 57
7 21 12 21
62 3 67 4
119 14 122 15
88 0 89 5
88 34 99 34
45 5 45 10
92 46 92 53
63 29 63 37
59 22 62 24
123 11 123 22
152 31 155 32
146 48 153 48
5 33 7 34
97 42 97 50
3 15 4 20
86 52 86 59
99 0 101 2
87 12 91 13
25 47 26 52
65 43 67 45
49 43 50 48
6 49 17 49
0 4 2 6
114 1 118 1
167 22 167 25
131 26 142 26
94 39 99 40
143 28 143 33
139 53 150 53
22 24 31 24
78 7 78 16
111 33 114 34
84 43 84 54
34 13 35 18
77 9 77 19
101 11 111 11
151 2 153 3
159 27 163 28
70 0 78 0
168 18 168 26
175 30 175 36
37 19 37 30
157 32 160 33
9 23 20 23
107 46 112 47
0 11 0 18
20 35 28 35
122 47 123 50
127 49 128 54
116 12 116 18
151 20 154 20
2 27 4 30
72 53 74 55
143 21 154 21
14 19 21 19
134 4 140 4
11 17 13 19
70 48 72 50
157 6 157 17
139 14 139 24
102 50 105 51
158 2 166 2
67 49 69 52
52 47 53 51
8 51 12 51
168 31 171 32
5 28 16 28
112 50 115 52
64 24 65 28
31 0 36 1
175 10 177 11
45 21 53 21
174 17 174 27
122 32 124 34
82 40 84 42
31 57 33 58
165 9 169 10
2 46 2 52
79 33 82 35
100 56 100 59
87 55 95 55
35 22 35 31
73 26 73 36
102 56 106 57
41 34 46 35
174 0 174 11
47 23 48 28
109 2 110 6
150 25 160 25
84 32 87 33
145 12 146 16
44 0 48 0
162 54 167 55
106 23 106 31
116 35 124 35
110 35 113 37
119 38 121 40
105 48 114 48
133 10 133 20
101 13 110 13
164 36 169 36
153 39 154 43
15 14 18 16
0 50 0 58
105 15 107 17
159 15 160 19
138 8 141 10
36 18 36 28
9 43 10 46
58 2 60 5
167 0 169 2
22 25 30 25
64 13 69 14
114 9 114 18
128 46 137 46
20 9 31 9
45 15 53 15
5 41 5 51
57 27 58 31
9 22 19 22
44 14 52 14
38 35 39 40
7 15 8 19
44 41 46 44
26 7 31 8
132 55 136 56
145 33 145 39
1 10 5 11
61 12 67 12
129 40 137 40
20 50 24 51
15 1 20 2
90 19 92 22
163 15 165 17
144 22 153 22
8 1 9 5
125 28 125 35
120 51 122 52
95 48 96 53
145 41 148 43
40 47 40 58
99 8 101 10
147 59 157 59
129 28 136 28
7 58 17 58
59 9 60 14
105 30 105 38
55 57 58 59
161 22 163 25
31 26 31 32
93 45 93 51
158 36 158 45
47 4 50 4
127 35 133 35
26 5 30 6
137 5 137 16
162 50 169 50
89 28 90 29
122 25 124 27
174 52 176 54
42 3 47 3
53 33 56 35
124 40 124 49
150 41 152 44
64 48 65 52
50 28 50 38
89 15 91 18
162 52 167 53
124 17 125 20
131 47 131 53
42 38 42 46
103 58 108 58
53 32 59 32
58 35 58 43
51 33 52 38
179 25 179 30
6 53 7 56
96 38 102 38
153 50 155 51
0 7 5 7
135 35 140 36
176 33 176 44
36 2 38 4
73 4 76 5
67 30 70 31
144 44 145 48
10 37 13 39
30 12 33 14
62 32 62 42
41 2 52 2
162 37 171 37
142 3 145 3
98 15 99 20
52 0 55 1
144 18 147 20
132 49 134 52
101 31 103 32
64 37 68 38
39 16 41 19
69 9 76 9
120 45 122 46
81 6 88 6
60 26 61 30
151 53 159 53
62 2 69 2
79 10 79 19
64 39 68 40
23 43 31 43
156 29 156 33
141 14 141 25
159 44 161 46
16 40 17 45
172 36 172 44
53 2 55 3
17 57 27 57
113 25 114 30
141 57 144 58
1 28 1 37
115 5 120 6
105 3 106 4
146 30 146 35
13 46 18 47
166 7 168 8
175 6 178 8
35 8 37 10
107 31 107 38
164 39 168 40
178 54 179 59
153 57 158 58
114 58 122 58
2 54 5 56
80 31 83 32
131 41 140 41
134 1 143 1
1 24 3 26
41 57 44 59
95 23 95 33
163 5 165 8
87 36 89 39
159 35 169 35
125 11 128 12
18 27 19 31
137 28 142 29
17 54 26 54
97 1 97 12
0 19 1 23
17 4 17 11
172 12 172 22
8 9 12 10
147 2 150 3
32 53 34 56
32 35 33 40
46 37 47 40
87 47 87 54
109 21 109 26
65 0 67 1
159 5 159 12
85 19 85 24
39 1 47 1
44 20 44 27
159 50 161 52
76 40 81 40
140 54 151 54
108 59 119 59
39 25 40 26
109 49 118 49
156 39 156 45
115 16 115 21
170 47 172 48
26 4 35 4
39 43 39 54
81 46 83 47
129 25 136 25
66 20 71 21
142 4 143 7
170 8 171 10
57 1 57 4
82 49 83 54
165 23 166 28
94 13 97 13
122 16 122 23
171 51 176 51
30 27 30 38
178 43 178 53
123 53 124 58
36 6 43 6
3 50 4 52
10 54 11 56
95 3 96 8
9 35 17 35
141 46 141 52
137 30 142 31
126 0 133 0
89 31 94 32
128 38 136 38
98 35 104 35
19 10 25 10
0 33 0 44
140 11 143 13
8 13 18 13
135 29 135 34
4 2 5 5
104 38 104 45
113 54 115 56
126 47 129 48
74 21 78 22
85 2 87 5
10 0 17 0
61 5 64 6
127 1 127 7
84 34 86 37
142 23 146 24
116 24 119 26
135 9 136 13
97 29 98 33
37 34 37 42
44 17 48 18
93 15 95 16
54 36 55 40
68 54 71 56
162 57 173 57
65 10 73 10
46 5 47 8
98 21 100 24
121 1 124 3
34 28 34 39
107 39 109 42
40 21 43 23
104 19 105 24
68 4 72 5
165 44 168 44
42 36 45 36
114 43 115 47
54 20 57 22
91 36 93 39
144 11 152 11
70 34 70 43
10 33 17 33
127 14 129 16
42 50 46 51
1 59 8 59
145 56 146 58
2 14 2 22
28 51 28 57
173 0 173 5
75 32 75 38
164 33 169 34
127 37 134 37
79 44 82 45
42 52 44 54
163 3 168 4
8 24 14 24
135 48 136 53
160 58 170 58
92 59 99 59
22 1 22 8
117 33 121 34
116 44 118 46
142 35 142 42
48 55 58 55
155 13 155 23
151 35 152 39
70 1 80 1
110 19 114 20
71 17 76 18
74 28 74 35
7 44 8 47
7 11 11 12
69 23 71 25
122 38 123 40
126 21 126 30
155 1 163 1
115 9 115 15
1 42 3 45
65 7 75 7
85 15 88 17
120 26 121 31
29 54 30 59
61 49 63 52
65 41 69 42
169 11 170 16
8 29 8 39
175 2 178 4
178 32 179 37
172 58 177 59
142 9 150 9
109 54 110 57
118 8 126 8
58 47 59 51
37 0 38 1
131 42 134 44
99 25 100 27
105 5 107 7
8 52 9 56
45 54 46 59
6 41 6 47
51 31 56 31
32 42 36 43
132 2 133 5
24 37 28 38
71 33 71 44
50 23 55 24
20 40 20 47
89 23 90 27
177 14 179 17
33 51 38 52
42 7 43 12
82 55 85 57
97 41 102 41
96 56 99 58
62 59 73 59
94 45 94 53
101 56 101 58
128 32 131 33
120 59 126 59
161 48 166 49
22 19 33 19
146 45 148 47
106 49 108 52
114 0 124 0
164 30 167 32
151 14 154 16
73 41 78 42
155 54 160 55
17 20 21 21
41 8 41 15
22 47 24 49
78 48 80 51
115 37 124 37
51 43 53 46
156 49 157 51
81 14 81 24
155 35 155 46
147 24 147 33
88 40 90 43
149 4 154 5
12 52 17 53
87 9 90 10
64 33 66 36
174 35 174 46
74 43 74 52
4 23 6 26
27 21 29 23
138 45 139 50
90 1 92 3
5 13 6 18
50 26 59 26
89 51 91 54
150 45 154 46
159 13 161 14
42 17 43 20
130 16 132 18
45 13 56 13
162 20 167 21
19 8 21 8
123 51 124 52
101 54 106 55
102 28 105 29
0 1 3 3
152 26 155 28
83 20 84 25
