780
0 1 1 6
0 8 11 8
0 9 5 10
0 11 1 16
0 17 2 20
0 21 11 21
0 22 0 33
0 34 2 37
0 38 5 39
0 40 11 40
0 41 3 43
0 44 11 44
0 45 1 50
0 51 3 53
0 54 2 57
1 23 6 24
1 25 12 25
1 26 4 28
1 29 6 30
2 1 3 6
2 11 13 11
2 12 4 15
2 45 5 47
2 58 7 59
3 16 14 16
3 17 6 19
3 31 4 36
3 37 14 37
3 48 14 48
3 54 14 54
4 0 5 5
4 7 15 7
4 41 15 41
4 42 9 43
4 50 9 51
4 56 9 57
5 13 16 13
5 22 16 22
5 26 8 28
5 31 7 34
5 35 16 35
5 36 16 36
6 0 9 2
6 9 17 9
6 10 17 10
6 12 17 12
6 38 17 38
6 46 11 47
7 5 18 5
7 17 12 18
7 19 18 19
7 24 18 24
7 29 18 29
7 55 18 55
8 31 19 31
8 32 19 32
8 34 19 34
8 52 13 53
8 58 19 58
9 23 20 23
9 26 20 26
9 27 14 28
9 49 20 49
10 0 12 3
10 42 21 42
10 43 21 43
10 45 21 45
10 50 15 51
10 57 21 57
11 33 22 33
12 4 23 4
12 21 23 21
12 30 23 30
12 40 23 40
12 44 23 44
12 47 23 47
13 0 18 1
13 6 24 6
13 25 24 25
14 2 25 2
14 20 25 20
14 46 25 46
15 14 17 17
15 52 18 54
16 28 27 28
16 37 27 37
16 41 27 41
17 50 22 51
18 7 29 7
18 10 29 10
18 11 20 14
18 15 29 15
18 17 23 18
18 35 29 35
19 0 30 0
19 1 30 1
19 9 30 9
19 36 30 36
19 52 24 53
19 54 30 54
19 55 30 55
19 59 30 59
20 19 31 19
20 39 31 39
20 48 31 48
21 11 32 11
21 12 26 13
21 23 26 24
22 22 33 22
22 42 27 43
23 31 25 34
23 49 26 51
23 56 26 58
24 3 27 5
24 8 35 8
24 18 35 18
24 26 35 26
25 21 36 21
25 25 36 25
26 20 37 20
26 29 31 30
26 52 31 53
27 12 30 14
27 16 32 17
27 23 32 24
27 38 38 38
27 49 30 51
28 2 31 4
28 5 33 6
28 28 39 28
28 32 39 32
28 41 33 42
28 43 39 43
28 57 39 57
29 27 40 27
29 47 40 47
29 58 40 58
30 56 41 56
31 0 36 1
31 12 33 15
31 33 36 34
31 40 42 40
31 49 34 51
31 55 42 55
32 48 43 48
33 4 44 4
33 9 36 11
33 17 44 17
33 35 36 37
33 52 38 53
34 5 37 7
34 12 36 15
34 22 37 24
34 29 45 29
34 41 45 41
35 2 46 2
35 16 46 16
35 54 46 54
36 18 41 19
36 30 47 30
36 45 47 45
36 49 39 51
37 0 42 1
37 8 40 10
37 11 42 12
37 14 42 15
37 33 48 33
37 34 40 36
37 44 48 44
37 46 48 46
38 5 41 7
38 20 49 20
38 21 41 23
38 24 49 24
39 37 42 39
39 52 44 53
40 49 51 49
41 8 52 8
41 10 52 10
41 25 43 28
41 34 44 36
41 57 44 59
42 7 53 7
42 21 47 22
42 23 53 23
43 13 48 14
43 15 54 15
43 19 54 19
43 31 54 31
43 32 54 32
43 38 48 39
44 11 55 11
44 25 46 28
45 4 56 4
45 9 56 9
45 35 48 37
45 42 56 42
45 50 47 53
45 55 56 55
45 57 56 57
46 0 57 0
46 40 51 41
46 47 51 48
47 3 58 3
47 25 52 26
47 27 52 28
47 54 58 54
48 1 59 1
48 16 51 18
48 29 53 30
48 50 51 52
49 5 54 6
49 21 54 22
49 33 52 35
49 36 51 39
49 44 54 45
49 46 60 46
51 13 56 14
51 20 62 20
51 24 62 24
52 17 63 17
52 36 57 37
52 40 57 41
52 43 63 43
52 47 53 52
53 25 55 28
54 10 65 10
54 12 65 12
54 16 65 16
54 47 59 48
54 49 56 52
55 5 60 6
55 18 60 19
55 30 60 31
55 32 66 32
55 34 66 34
55 45 66 45
56 25 59 27
56 56 67 56
57 28 62 29
57 35 68 35
57 42 68 42
57 44 68 44
57 50 68 50
57 51 68 51
57 55 68 55
58 13 63 14
58 21 61 23
58 36 59 41
59 2 70 2
59 3 70 3
59 8 70 8
59 11 70 11
59 52 64 53
59 54 70 54
60 0 71 0
60 1 71 1
60 37 62 40
60 41 71 41
60 59 71 59
61 4 66 5
61 15 72 15
61 18 66 19
61 31 72 31
61 46 64 48
62 21 65 23
62 26 67 27
62 57 67 58
63 7 74 7
63 25 74 25
63 28 66 30
63 37 66 39
63 40 74 40
64 6 75 6
64 20 75 20
64 33 75 33
64 36 75 36
64 43 75 43
65 9 76 9
65 48 76 48
66 10 77 10
66 12 71 13
66 49 77 49
67 4 72 5
67 21 78 21
67 28 72 29
67 45 72 46
67 52 78 52
68 57 79 57
69 14 80 14
69 16 72 18
69 34 80 34
69 37 74 38
69 50 80 50
69 55 80 55
70 22 81 22
70 23 75 24
71 2 76 3
71 26 82 26
71 47 82 47
71 51 82 51
72 0 83 0
72 32 83 32
72 44 83 44
72 59 83 59
73 4 78 5
73 15 78 16
73 17 78 18
73 27 78 28
73 29 78 30
73 41 78 42
73 45 78 46
73 53 78 54
74 12 85 12
74 35 85 35
75 11 86 11
75 25 86 25
76 6 79 8
76 19 87 19
76 24 87 24
76 36 78 39
76 43 87 43
77 13 88 13
78 1 81 3
78 9 83 10
79 15 81 18
79 27 81 30
79 33 90 33
79 46 90 46
79 53 84 54
79 56 90 56
80 5 85 6
80 36 83 38
80 39 91 39
80 40 83 42
80 57 91 57
81 23 92 23
81 34 92 34
82 1 93 1
82 2 87 3
82 14 93 14
82 16 87 17
82 27 84 30
82 52 93 52
83 7 88 8
83 21 94 21
83 26 94 26
83 47 88 48
83 55 94 55
84 9 95 9
84 15 95 15
84 32 95 32
84 36 87 38
84 40 89 41
84 59 95 59
85 27 88 29
85 30 90 31
85 44 90 45
85 51 96 51
85 53 96 53
85 54 96 54
86 6 97 6
86 22 97 22
86 42 97 42
87 10 90 12
87 35 98 35
88 2 91 4
88 18 93 19
88 37 93 38
88 43 99 43
88 49 99 49
88 58 99 58
89 13 100 13
89 25 100 25
89 27 100 27
89 28 94 29
91 7 96 8
91 17 102 17
91 40 96 41
91 44 102 44
91 46 102 46
91 47 96 48
92 2 97 3
92 10 97 11
92 24 103 24
92 50 103 50
92 56 97 57
93 23 104 23
93 31 104 31
94 1 105 1
94 4 105 4
94 16 105 16
94 18 97 20
94 36 105 36
94 37 97 39
94 52 105 52
95 21 106 21
95 29 106 29
95 33 100 34
96 9 107 9
96 28 107 28
97 7 102 8
97 30 108 30
97 53 100 55
98 2 103 3
98 5 103 6
98 10 103 11
98 18 109 18
98 19 103 20
98 22 109 22
98 37 103 38
98 39 100 42
98 51 109 51
99 48 110 48
99 59 110 59
100 35 111 35
100 49 111 49
101 12 103 15
101 25 104 27
101 32 104 34
101 40 104 42
101 47 112 47
101 53 106 54
102 55 107 56
102 57 113 57
103 17 114 17
103 44 108 45
104 2 109 3
104 13 115 13
104 20 115 20
104 37 109 38
105 5 116 5
105 6 116 6
105 7 116 7
105 23 107 26
105 32 108 34
105 40 107 43
105 46 116 46
106 4 117 4
106 11 117 11
106 12 117 12
106 15 111 16
106 31 117 31
107 21 118 21
107 29 118 29
107 53 118 53
108 0 119 0
108 23 119 23
108 24 113 25
108 28 119 28
108 39 119 39
108 40 110 43
109 32 114 33
109 44 114 45
110 1 113 3
110 8 113 10
110 14 121 14
110 18 121 18
110 26 121 26
110 36 113 38
110 50 113 52
111 19 122 19
111 27 122 27
111 42 116 43
111 48 122 48
111 59 122 59
112 15 123 15
112 49 123 49
112 54 117 55
113 16 124 16
114 1 117 3
114 8 117 10
114 25 125 25
114 34 117 36
114 37 125 37
114 41 125 41
114 51 119 52
114 56 117 58
115 17 126 17
115 44 120 45
116 13 127 13
116 38 127 38
117 5 122 6
117 32 128 32
117 33 128 33
117 40 128 40
118 7 120 10
118 12 129 12
118 20 129 20
118 34 121 36
118 54 121 56
119 1 122 3
119 11 130 11
119 30 130 30
119 50 130 50
120 21 131 21
120 31 131 31
120 52 131 52
121 7 124 9
121 10 132 10
121 28 126 29
121 43 124 45
121 57 126 58
122 26 133 26
122 36 133 36
122 46 133 46
122 53 127 54
122 55 127 56
123 2 134 2
123 5 134 5
123 19 134 19
123 39 134 39
124 1 135 1
124 15 135 15
124 42 135 42
124 48 135 48
124 59 135 59
125 14 136 14
125 34 130 35
125 44 130 45
125 47 136 47
126 3 131 4
126 6 129 8
126 23 131 24
126 37 137 37
126 43 137 43
127 16 132 17
127 27 130 29
127 41 138 41
128 0 139 0
128 38 139 38
128 53 130 56
128 57 133 58
129 40 140 40
130 7 133 9
130 12 135 13
130 20 141 20
130 25 141 25
131 18 142 18
131 28 136 29
131 34 136 35
131 49 134 51
131 53 134 55
132 3 143 3
132 21 143 21
132 22 143 22
132 27 143 27
132 30 135 32
133 17 144 17
134 7 136 10
134 11 145 11
134 16 145 16
134 44 137 46
134 56 137 58
135 4 138 6
135 23 146 23
135 33 146 33
135 49 136 54
136 1 147 1
136 2 147 2
136 12 141 13
136 48 147 48
136 55 147 55
137 7 140 9
137 28 142 29
137 30 142 31
137 34 142 35
137 49 140 51
137 52 140 54
137 59 148 59
138 42 140 45
138 46 149 46
138 56 141 58
139 36 144 37
140 14 151 14
140 19 151 19
141 0 152 0
141 6 143 9
141 15 152 15
141 40 144 42
141 43 144 45
141 49 142 54
142 4 147 5
142 25 147 26
142 56 153 56
143 12 148 13
143 18 154 18
143 28 148 29
143 30 146 32
143 34 154 34
143 35 154 35
143 49 148 50
144 6 155 6
144 7 155 7
144 20 147 22
144 27 155 27
145 3 156 3
145 9 156 9
145 36 147 39
145 40 156 40
145 41 156 41
145 53 150 54
146 42 149 44
146 51 151 52
147 8 158 8
147 31 150 33
147 57 152 58
148 2 159 2
148 4 153 5
148 21 151 23
148 24 151 26
148 38 153 39
149 10 160 10
149 28 160 28
149 29 154 30
149 47 151 50
150 1 161 1
150 11 155 12
150 20 161 20
150 42 161 42
150 44 155 45
150 46 161 46
151 33 162 33
151 53 162 53
151 55 162 55
152 19 163 19
152 24 157 25
152 31 163 31
152 37 163 37
153 15 164 15
153 51 164 51
153 57 156 59
155 4 166 4
155 23 166 23
155 29 166 29
155 34 158 36
155 49 160 50
155 54 166 54
156 5 161 6
156 11 161 12
156 13 161 14
156 17 167 17
156 22 167 22
156 26 161 27
156 45 167 45
156 47 167 47
157 40 162 41
157 56 162 57
157 58 168 58
158 16 169 16
159 7 164 8
159 24 164 25
159 34 170 34
159 35 170 35
159 43 170 43
159 59 170 59
160 2 165 3
160 52 171 52
161 38 166 39
161 48 166 49
162 0 167 1
162 5 167 6
162 9 165 11
162 12 165 14
162 20 167 21
162 27 167 28
162 36 173 36
162 46 173 46
163 33 174 33
163 41 174 41
163 50 174 50
163 56 168 57
164 30 167 32
165 24 170 25
166 7 167 12
167 2 178 2
167 13 172 14
167 23 178 23
167 37 178 37
167 38 170 40
167 44 178 44
167 48 178 48
167 49 178 49
168 1 179 1
168 3 171 5
168 6 171 8
168 18 173 19
168 22 179 22
168 27 170 30
168 31 173 32
168 47 179 47
168 55 179 55
169 10 172 12
169 56 172 58
171 15 176 16
171 26 173 29
171 53 176 54
172 3 174 6
172 8 177 9
173 11 175 14
173 24 178 25
173 56 176 58
174 18 177 20
174 26 175 31
174 34 177 36
175 4 177 7
176 10 179 12
176 27 177 32
176 41 179 43
177 14 179 17
177 51 179 54
177 56 179 59
178 27 179 32
52 38 57 39
108 54 111 56
137 47 148 47
146 16 157 16
165 51 176 51
171 38 174 40
10 56 21 56
32 3 43 3
40 43 51 43
42 5 47 6
73 31 84 31
76 20 87 20
113 47 124 47
152 47 154 50
175 38 178 40
151 32 162 32
12 8 23 8
102 58 113 58
47 2 58 2
34 42 44 42
53 33 63 33
68 56 78 56
8 59 18 59
120 51 130 51
145 17 155 17
156 44 166 44
135 39 144 39
142 57 146 58
67 19 75 19
122 18 130 18
67 39 75 39
150 43 158 43
4 52 7 53
65 53 72 53
178 18 179 21
117 42 120 43
152 52 159 52
37 25 40 26
98 56 101 57
143 51 144 54
2 49 8 49
79 36 79 42
103 8 109 8
60 25 61 27
67 16 68 18
95 26 100 26
122 34 124 35
139 4 141 5
43 0 45 1
88 16 90 17
155 48 160 48
165 15 170 15
69 35 73 35
125 9 129 9
135 19 139 19
145 45 149 45
0 7 3 7
3 55 6 55
6 45 9 45
14 11 17 11
30 7 33 7
44 47 45 48
45 34 48 34
108 26 109 27
126 25 129 25
60 36 63 36
122 14 124 14
