775
0 1 2 4
0 6 11 6
0 8 11 8
0 9 5 10
0 11 1 16
0 17 11 17
0 18 3 20
0 21 0 32
0 33 0 44
0 45 1 50
0 51 3 53
0 54 2 57
1 21 12 21
1 23 6 24
1 25 12 25
1 26 4 28
1 29 4 31
1 32 4 34
1 35 12 35
1 36 3 39
1 40 12 40
1 41 12 41
1 42 6 43
2 11 13 11
2 12 4 15
2 44 5 46
2 47 7 48
2 58 7 59
3 1 5 4
3 16 14 16
3 54 14 54
4 7 15 7
4 18 15 18
4 36 9 37
4 38 15 38
4 50 9 51
4 56 9 57
5 5 16 5
5 13 16 13
5 22 16 22
5 26 8 28
5 31 7 34
6 0 9 2
6 9 17 9
6 10 17 10
6 12 17 12
6 19 17 19
6 29 17 29
7 24 18 24
7 42 9 45
7 55 18 55
8 31 19 31
8 32 19 32
8 34 19 34
8 46 19 46
8 47 19 47
8 52 13 53
8 58 19 58
9 23 20 23
9 26 20 26
9 27 14 28
9 48 14 49
10 0 12 3
10 42 21 42
10 43 21 43
10 45 21 45
10 50 15 51
10 57 21 57
11 33 22 33
11 36 22 36
12 4 23 4
12 30 23 30
12 44 23 44
13 0 24 0
13 6 24 6
13 21 24 21
13 25 24 25
13 37 24 37
13 40 24 40
14 1 19 2
14 20 25 20
15 14 17 17
15 52 18 54
16 28 27 28
16 41 27 41
17 49 22 50
18 7 29 7
18 10 29 10
18 11 20 14
18 15 29 15
18 17 23 18
18 19 29 19
18 35 29 35
19 9 30 9
19 52 24 53
19 54 30 54
19 55 30 55
19 59 30 59
20 2 25 3
20 39 31 39
20 48 31 48
21 11 32 11
21 12 26 13
21 23 26 24
22 22 33 22
22 42 27 43
23 31 25 34
23 36 34 36
23 49 26 51
23 56 26 58
24 8 35 8
24 18 35 18
24 26 35 26
25 0 36 0
25 21 36 21
25 25 36 25
26 1 27 6
26 20 37 20
26 29 31 30
26 37 31 38
26 52 31 53
27 12 30 14
27 16 32 17
27 23 32 24
27 49 30 51
28 1 33 2
28 3 39 3
28 5 33 6
28 28 39 28
28 32 39 32
28 41 33 42
28 43 39 43
28 57 39 57
29 27 40 27
29 47 40 47
29 58 40 58
30 19 41 19
30 56 41 56
31 12 33 15
31 33 36 34
31 40 42 40
31 49 34 51
31 55 42 55
32 38 43 38
32 48 43 48
33 4 44 4
33 9 36 11
33 17 44 17
33 52 38 53
34 5 39 6
34 12 36 15
34 22 37 24
34 29 45 29
34 35 45 35
34 41 39 42
35 1 46 1
35 2 46 2
35 16 46 16
35 54 46 54
36 30 47 30
36 45 47 45
36 49 39 51
37 7 48 7
37 8 42 9
37 10 39 13
37 14 42 15
37 18 48 18
37 33 48 33
37 44 48 44
37 46 48 46
38 20 40 23
38 24 49 24
39 52 44 53
40 10 51 10
40 37 51 37
40 41 43 43
40 49 51 49
41 20 43 23
41 25 43 28
41 57 52 57
43 13 48 14
43 15 54 15
43 19 54 19
43 31 54 31
43 32 54 32
43 39 54 39
43 58 54 58
44 11 55 11
44 20 46 23
44 25 46 28
44 40 47 42
45 4 56 4
45 9 56 9
45 38 56 38
45 50 47 53
45 55 56 55
46 0 57 0
46 47 51 48
47 3 58 3
47 20 50 22
47 25 52 26
47 27 52 28
47 34 52 35
47 54 58 54
48 1 59 1
48 29 53 30
48 40 53 41
48 50 51 52
49 5 54 6
49 16 60 16
49 42 54 43
49 44 60 44
49 45 54 46
50 17 61 17
50 23 55 24
51 13 56 14
51 20 62 20
51 21 62 21
52 10 63 10
52 36 57 37
52 47 53 52
53 25 55 28
53 56 58 57
54 12 65 12
54 40 59 41
54 47 59 48
54 49 56 52
55 5 66 5
55 18 60 19
55 30 60 31
55 32 66 32
55 34 66 34
55 43 66 43
55 45 66 45
56 23 61 24
56 25 59 27
56 42 67 42
57 6 59 9
57 28 62 29
57 35 68 35
57 46 68 46
57 50 68 50
57 51 68 51
57 55 68 55
58 13 63 14
58 38 63 39
59 2 70 2
59 3 70 3
59 11 70 11
59 52 64 53
59 54 70 54
60 0 71 0
60 1 71 1
60 8 71 8
60 40 71 40
60 41 71 41
60 59 71 59
61 15 72 15
61 18 66 19
61 31 72 31
61 44 72 44
62 17 73 17
62 23 64 26
62 37 73 37
62 56 65 58
63 7 74 7
63 28 68 29
64 6 75 6
64 9 69 10
64 20 75 20
64 33 75 33
64 36 75 36
65 21 70 22
65 25 70 26
65 38 70 39
65 48 76 48
66 12 71 13
66 30 77 30
66 49 77 49
66 56 71 57
67 4 72 5
67 52 72 53
68 42 73 43
69 14 80 14
69 18 80 18
69 27 72 29
69 34 80 34
69 45 72 47
69 50 80 50
69 55 80 55
70 9 81 9
70 23 75 24
71 2 76 3
71 10 76 11
71 22 82 22
71 25 76 26
71 51 82 51
72 0 77 1
72 32 83 32
72 57 75 59
73 4 84 4
73 15 78 16
73 27 78 28
73 44 76 46
73 53 78 54
74 12 85 12
74 21 85 21
74 29 85 29
74 35 85 35
74 37 75 42
74 43 85 43
75 17 86 17
75 52 86 52
76 6 81 7
76 8 87 8
76 19 87 19
76 24 87 24
76 36 78 39
77 10 88 10
77 11 88 11
77 13 88 13
77 25 82 26
77 45 88 45
77 46 82 47
78 0 80 3
78 41 89 41
78 56 80 59
79 33 90 33
79 53 84 54
80 30 91 30
80 36 85 37
80 39 91 39
81 1 92 1
81 2 92 2
81 3 92 3
81 16 92 16
81 23 92 23
81 34 92 34
81 38 92 38
81 57 92 57
81 59 92 59
82 6 87 7
82 14 93 14
82 56 93 56
83 9 94 9
83 26 94 26
83 46 94 46
83 47 88 48
83 55 94 55
84 15 95 15
84 27 89 28
84 32 95 32
85 51 96 51
85 53 90 54
86 22 97 22
86 42 97 42
86 43 97 43
87 35 98 35
88 6 99 6
88 7 93 8
88 18 93 19
88 20 93 21
88 49 99 49
88 58 99 58
89 12 94 13
89 25 100 25
89 29 100 29
90 28 101 28
90 44 101 44
90 52 101 52
91 17 102 17
91 40 96 41
91 47 96 48
91 53 96 54
92 10 103 10
92 11 103 11
92 24 103 24
92 50 103 50
93 0 94 5
93 23 104 23
93 31 104 31
93 36 95 39
94 7 99 8
94 16 105 16
94 18 97 20
94 56 99 57
95 0 97 3
95 4 106 4
95 9 106 9
95 21 106 21
95 33 100 34
95 46 106 46
96 13 107 13
96 36 99 38
97 30 108 30
97 39 102 40
97 53 100 55
98 0 101 2
98 18 109 18
98 19 103 20
98 22 109 22
98 51 109 51
99 41 110 41
99 43 110 43
99 48 110 48
99 59 110 59
100 5 102 8
100 26 105 27
100 35 111 35
100 36 103 38
100 49 111 49
101 32 104 34
101 47 112 47
101 53 104 55
102 1 105 3
102 28 107 29
102 44 107 45
102 52 113 52
102 56 113 56
102 57 113 57
103 5 108 6
103 17 114 17
103 25 114 25
104 20 115 20
104 37 109 38
105 7 116 7
105 32 108 34
105 42 116 42
105 54 110 55
106 1 111 2
106 11 117 11
106 12 117 12
106 15 111 16
106 31 117 31
107 4 118 4
107 21 118 21
107 46 118 46
107 53 118 53
108 0 119 0
108 23 119 23
108 28 119 28
108 29 119 29
108 39 119 39
109 5 120 5
109 6 120 6
109 32 114 33
109 44 114 45
110 8 113 10
110 13 115 14
110 18 121 18
110 26 121 26
110 36 113 38
110 51 121 51
111 19 122 19
111 27 122 27
111 48 122 48
111 59 122 59
112 1 117 2
112 15 123 15
112 49 123 49
112 54 117 55
113 16 124 16
113 43 124 43
114 8 117 10
114 34 117 36
114 37 125 37
114 41 125 41
114 56 117 58
115 17 126 17
115 25 126 25
115 44 120 45
116 13 127 13
116 38 127 38
116 52 127 52
117 32 128 32
117 33 128 33
117 40 128 40
118 7 119 12
118 20 129 20
118 34 121 36
118 54 121 56
119 1 124 2
119 30 130 30
119 50 130 50
120 7 123 9
120 10 131 10
120 11 131 11
120 12 131 12
120 21 131 21
120 31 131 31
121 5 132 5
121 28 126 29
121 44 132 44
121 57 126 58
122 3 133 3
122 26 133 26
122 36 133 36
122 45 127 46
122 53 127 54
122 55 127 56
123 19 134 19
123 39 134 39
124 15 135 15
124 42 135 42
124 48 135 48
124 59 135 59
125 0 128 2
125 14 136 14
125 34 130 35
125 47 136 47
126 4 137 4
126 6 128 9
126 23 131 24
126 37 137 37
126 43 137 43
127 16 132 17
127 27 130 29
127 41 138 41
128 38 139 38
128 45 139 45
128 46 139 46
128 51 133 52
128 53 130 56
128 57 133 58
129 0 140 0
129 1 134 2
129 7 134 8
129 40 140 40
130 9 141 9
130 13 141 13
130 20 141 20
130 25 141 25
131 18 142 18
131 28 136 29
131 34 136 35
131 53 134 55
132 10 137 11
132 12 143 12
132 21 143 21
132 22 143 22
132 27 143 27
132 30 135 32
133 5 138 6
133 17 144 17
133 50 144 50
134 16 145 16
134 56 137 58
135 1 140 2
135 7 140 8
135 23 146 23
135 33 146 33
135 52 140 53
135 54 146 54
136 48 147 48
136 55 147 55
137 28 142 29
137 30 142 31
137 34 142 35
137 44 148 44
137 59 148 59
138 10 143 11
138 56 141 58
139 36 144 37
139 41 142 43
140 14 151 14
140 19 151 19
140 45 151 45
141 0 152 0
141 1 146 2
141 7 152 7
141 15 152 15
141 40 152 40
142 4 147 5
142 8 147 9
142 25 147 26
142 46 153 46
142 56 153 56
143 6 154 6
143 18 154 18
143 28 146 30
143 31 154 31
143 32 154 32
143 34 154 34
143 35 154 35
144 10 146 13
144 20 147 22
144 27 155 27
145 3 156 3
145 36 147 39
145 41 156 41
146 49 149 51
146 52 151 53
147 11 152 12
147 33 158 33
147 57 152 58
148 2 159 2
148 4 153 5
148 8 159 8
148 9 159 9
148 21 151 23
148 24 151 26
148 38 153 39
148 42 159 42
149 10 160 10
149 28 160 28
149 29 154 30
150 1 161 1
150 20 161 20
150 47 152 50
151 55 162 55
152 19 163 19
152 24 157 25
152 37 163 37
152 44 157 45
152 51 154 54
153 15 164 15
153 57 158 58
154 7 165 7
154 11 159 12
155 4 166 4
155 23 166 23
155 29 166 29
155 30 160 31
155 34 158 36
155 49 166 49
155 50 166 50
155 51 166 51
155 53 160 54
156 5 161 6
156 13 161 14
156 17 167 17
156 22 167 22
156 26 161 27
156 40 167 40
156 47 167 47
158 16 169 16
158 41 169 41
159 24 164 25
159 32 161 35
159 43 170 43
159 44 164 45
159 46 170 46
159 56 162 58
159 59 170 59
160 2 165 3
160 8 171 8
160 11 165 12
160 52 171 52
161 31 172 31
161 38 166 39
161 54 172 54
162 0 167 1
162 5 167 6
162 9 173 9
162 14 173 14
162 20 167 21
162 27 167 28
162 32 164 35
162 36 173 36
163 56 168 57
164 13 175 13
164 58 175 58
165 24 168 26
165 45 176 45
165 48 176 48
166 11 171 12
166 33 171 34
167 2 178 2
167 23 178 23
167 37 178 37
167 44 178 44
167 49 178 49
167 50 178 50
168 1 179 1
168 3 171 5
168 18 173 19
168 22 179 22
168 27 179 27
168 28 171 30
168 35 179 35
168 38 171 40
168 47 179 47
168 55 179 55
169 56 174 57
170 41 175 42
171 15 176 16
172 3 174 6
172 10 175 12
172 29 177 30
172 52 177 53
173 7 178 8
173 24 178 25
174 18 177 20
174 31 179 32
175 4 178 6
176 10 178 13
176 41 179 43
176 57 179 59
177 14 179 17
35 36 46 36
41 5 46 6
49 33 60 33
74 31 85 31
79 40 90 40
137 47 148 47
139 3 141 6
146 16 157 16
167 51 178 51
172 38 175 40
10 56 21 56
76 20 87 20
77 44 88 44
113 47 124 47
176 38 179 40
134 51 145 51
12 8 23 8
102 58 113 58
146 43 157 43
153 48 164 48
47 2 58 2
8 59 18 59
145 17 155 17
161 10 171 10
135 39 144 39
149 59 158 59
57 4 66 4
95 26 99 27
142 57 146 58
141 52 145 53
17 5 25 5
165 32 173 32
67 19 75 19
122 18 130 18
37 0 45 0
116 14 124 14
4 52 7 53
72 38 73 41
76 56 77 59
178 18 179 21
32 37 39 37
58 36 61 37
106 26 109 27
172 28 179 28
37 25 40 26
124 6 125 9
2 49 8 49
86 31 92 31
103 8 109 8
173 54 179 54
30 7 36 7
40 3 46 3
117 42 123 42
60 25 61 27
76 40 77 42
83 25 88 25
93 59 98 59
122 34 124 35
122 51 127 51
148 54 150 55
165 15 170 15
100 56 101 58
13 35 17 35
45 17 49 17
69 35 73 35
135 19 139 19
155 52 159 52
0 7 3 7
3 55 6 55
14 11 17 11
44 47 45 48
87 17 90 17
154 46 155 47
155 32 158 32
158 43 158 46
127 25 129 25
