782
0 1 3 3
0 4 3 6
0 8 11 8
0 9 11 9
0 11 11 11
0 12 1 17
0 18 2 21
0 22 2 25
0 26 5 27
0 28 1 33
0 34 2 37
0 38 5 39
0 40 11 40
0 41 3 43
0 44 11 44
0 45 1 50
0 51 3 53
0 54 2 57
1 10 12 10
2 12 4 15
2 28 13 28
2 45 5 47
2 58 7 59
3 16 4 21
3 22 6 24
3 31 4 36
3 37 14 37
3 48 14 48
3 54 14 54
4 0 5 5
4 7 15 7
4 41 15 41
4 42 9 43
4 50 15 50
4 51 15 51
4 56 9 57
5 12 6 17
5 18 16 18
5 21 16 21
5 31 6 36
6 0 17 0
6 1 11 2
6 19 17 19
6 25 9 27
6 29 17 29
6 38 17 38
6 46 11 47
7 5 18 5
7 12 18 12
7 14 10 16
7 22 10 24
7 32 10 34
7 55 18 55
8 31 19 31
8 35 13 36
8 52 19 52
8 58 19 58
9 13 20 13
9 49 20 49
10 25 13 27
10 42 21 42
10 43 21 43
10 45 21 45
10 57 21 57
11 22 16 23
11 32 22 32
11 33 22 33
12 4 23 4
12 9 23 9
12 16 17 17
12 30 23 30
12 34 23 34
12 40 23 40
12 44 23 44
12 47 23 47
13 6 24 6
14 1 19 2
14 20 25 20
14 28 25 28
14 36 25 36
14 46 25 46
15 25 26 25
15 54 26 54
16 37 27 37
16 41 27 41
17 10 28 10
17 14 22 15
17 24 28 24
17 50 22 51
18 0 29 0
18 7 29 7
18 17 23 18
18 19 29 19
18 21 23 22
18 23 29 23
18 35 29 35
19 11 30 11
19 55 30 55
19 59 30 59
20 2 25 3
20 39 31 39
20 48 31 48
20 52 25 53
21 12 26 13
22 42 27 43
23 15 28 16
23 49 26 51
23 56 26 58
24 8 35 8
24 9 35 9
24 18 35 18
24 26 35 26
25 21 36 21
25 33 36 33
26 1 27 6
26 20 37 20
26 29 31 30
26 36 37 36
26 52 31 53
27 12 30 14
27 38 38 38
27 49 30 51
27 54 38 54
28 1 33 2
28 3 33 4
28 5 33 6
28 22 39 22
28 28 39 28
28 32 39 32
28 41 33 42
28 43 39 43
28 57 39 57
29 16 34 17
29 24 40 24
29 27 40 27
29 47 40 47
29 58 40 58
30 19 41 19
30 56 41 56
31 10 32 15
31 23 42 23
31 40 42 40
31 49 34 51
31 55 42 55
32 48 43 48
33 10 34 15
33 52 38 53
34 0 35 5
34 6 45 6
34 29 45 29
34 34 39 35
34 41 45 41
35 10 46 10
35 11 38 13
35 16 46 16
36 1 41 2
36 4 47 4
36 7 39 9
36 14 41 15
36 17 41 18
36 30 47 30
36 45 47 45
36 49 39 51
37 33 48 33
37 44 48 44
37 46 48 46
38 20 43 21
39 11 44 12
39 37 42 39
39 52 42 54
40 7 51 7
40 8 45 9
40 34 43 36
40 49 51 49
41 24 43 27
41 57 52 57
42 1 47 2
42 13 47 14
42 15 53 15
43 19 54 19
43 31 54 31
43 32 54 32
43 38 48 39
43 50 45 53
43 54 54 54
43 58 54 58
44 20 46 23
44 24 46 27
45 11 56 11
45 35 48 37
45 42 56 42
45 55 56 55
46 0 57 0
46 9 57 9
46 28 51 29
46 40 51 41
46 47 51 48
46 50 57 50
46 51 51 52
47 3 58 3
47 20 50 22
47 23 49 26
48 1 59 1
48 16 51 18
49 5 54 6
49 33 54 34
49 35 60 35
49 36 51 39
49 44 60 44
49 45 54 46
50 4 61 4
50 23 55 24
50 25 61 25
51 10 62 10
51 13 56 14
51 20 56 21
51 26 62 26
52 17 63 17
52 28 55 30
52 36 57 37
52 40 57 41
52 43 63 43
52 47 63 47
52 51 63 51
53 56 58 57
54 12 65 12
54 16 65 16
54 52 59 53
55 5 66 5
55 18 60 19
55 31 66 31
55 32 66 32
55 34 66 34
55 45 66 45
56 23 61 24
56 27 58 30
57 20 60 22
57 42 68 42
57 46 68 46
57 54 62 55
58 13 63 14
58 36 59 41
58 50 69 50
59 2 70 2
59 3 70 3
59 6 64 7
59 8 70 8
59 11 70 11
59 27 62 29
60 0 71 0
60 1 71 1
60 37 62 40
60 41 71 41
60 53 71 53
60 59 71 59
61 15 72 15
61 18 66 19
61 21 66 22
61 44 72 44
62 56 65 58
63 9 68 10
63 23 64 28
63 29 68 30
63 35 68 36
63 37 68 38
63 40 74 40
63 54 74 54
63 55 74 55
64 20 75 20
64 33 75 33
64 43 75 43
65 6 70 7
65 25 70 26
65 27 70 28
65 48 76 48
65 51 76 51
66 12 71 13
66 49 77 49
66 56 71 57
67 4 72 5
67 21 78 21
67 52 78 52
69 9 74 10
69 14 80 14
69 16 71 19
69 29 74 30
69 34 80 34
69 36 80 36
69 37 74 38
69 45 72 47
70 22 81 22
70 23 75 24
70 31 75 32
70 50 81 50
71 2 76 3
71 7 82 7
71 25 76 26
72 0 83 0
72 6 83 6
72 16 75 18
72 57 83 57
72 59 83 59
73 4 84 4
73 15 84 15
73 27 78 28
73 41 78 42
73 44 76 46
74 12 85 12
74 35 85 35
75 8 77 11
75 29 80 30
75 53 78 55
76 16 81 17
76 18 79 20
76 24 87 24
76 31 81 32
76 37 87 37
76 43 87 43
77 13 88 13
77 25 82 26
77 39 88 39
77 45 88 45
77 46 82 47
77 51 88 51
78 1 81 3
78 9 83 10
79 33 90 33
79 53 82 55
79 56 90 56
80 19 91 19
80 40 83 42
81 23 92 23
81 28 86 29
81 30 92 30
81 34 92 34
81 38 92 38
82 1 93 1
82 2 87 3
82 14 93 14
82 16 87 17
82 52 93 52
83 7 88 8
83 21 94 21
83 26 94 26
83 46 86 48
83 53 94 53
83 54 94 54
83 55 94 55
84 5 89 6
84 9 95 9
84 32 95 32
84 40 89 41
84 57 95 57
84 59 95 59
86 10 91 11
86 22 97 22
86 42 97 42
87 35 98 35
87 46 98 46
87 47 98 47
88 2 99 2
88 27 93 28
88 43 99 43
88 49 99 49
88 58 99 58
89 3 94 4
89 12 94 13
89 17 94 18
89 25 100 25
89 29 100 29
89 39 100 39
89 51 100 51
90 15 101 15
90 44 101 44
91 7 96 8
91 40 96 41
92 10 97 11
92 19 97 20
92 24 103 24
92 50 103 50
93 23 104 23
93 31 104 31
93 36 96 38
94 1 105 1
94 16 105 16
94 27 99 28
94 52 105 52
95 4 106 4
95 21 106 21
95 33 100 34
95 53 106 53
96 5 101 6
96 9 107 9
96 13 107 13
96 17 107 17
96 54 101 55
97 7 102 8
97 18 108 18
97 30 108 30
97 36 108 36
98 10 103 11
98 19 103 20
98 22 109 22
98 37 103 38
99 40 104 41
99 46 110 46
99 48 110 48
99 59 110 59
100 2 111 2
100 26 105 27
100 35 111 35
100 49 111 49
101 28 106 29
101 32 104 34
101 42 106 43
101 47 112 47
102 5 107 6
102 44 107 45
102 54 104 57
103 25 114 25
104 20 115 20
104 37 109 38
104 51 115 51
105 3 116 3
105 7 116 7
105 32 108 34
105 54 110 55
105 56 116 56
106 11 117 11
106 12 117 12
106 15 111 16
106 31 117 31
107 4 118 4
107 21 118 21
107 28 118 28
107 29 118 29
107 39 109 42
107 53 118 53
108 0 119 0
108 5 119 5
108 6 119 6
108 17 119 17
108 23 119 23
109 18 120 18
109 32 114 33
109 44 114 45
109 57 114 58
110 8 113 10
110 13 115 14
110 26 121 26
110 36 113 38
110 39 121 39
111 19 122 19
111 27 122 27
111 42 116 43
111 48 122 48
111 59 122 59
112 1 117 2
112 15 123 15
112 46 123 46
112 49 123 49
112 54 117 55
113 16 124 16
114 8 117 10
114 34 117 36
114 37 125 37
114 41 125 41
115 25 126 25
115 44 120 45
115 57 126 57
116 13 127 13
116 38 127 38
116 50 121 51
116 52 127 52
116 58 127 58
117 32 128 32
117 33 128 33
117 40 128 40
118 7 119 12
118 20 129 20
118 34 121 36
118 54 121 56
119 1 124 2
119 30 130 30
120 5 121 10
120 11 125 12
120 21 131 21
120 31 131 31
121 17 126 18
121 28 126 29
121 43 124 45
122 3 133 3
122 5 133 5
122 6 124 9
122 26 133 26
122 36 133 36
122 53 127 54
122 55 127 56
123 19 134 19
123 39 134 39
124 10 135 10
124 15 135 15
124 42 135 42
124 46 125 51
124 59 135 59
125 0 128 2
125 14 136 14
125 34 130 35
125 44 130 45
126 4 137 4
126 6 128 9
126 11 137 11
126 23 131 24
126 37 137 37
126 43 137 43
126 46 137 46
126 47 129 49
126 50 131 51
127 16 138 16
127 27 130 29
127 41 138 41
128 12 133 13
128 38 139 38
128 53 130 56
128 57 133 58
129 0 140 0
129 1 134 2
129 7 134 8
129 40 140 40
130 9 141 9
130 20 141 20
130 25 141 25
130 47 133 49
131 18 142 18
131 28 136 29
131 34 136 35
131 53 134 55
132 21 143 21
132 22 143 22
132 27 143 27
132 30 137 31
133 17 144 17
133 50 144 50
134 5 139 6
134 12 139 13
134 47 145 47
134 48 145 48
134 56 137 58
135 1 140 2
135 7 140 8
135 23 146 23
135 33 146 33
135 44 140 45
135 52 140 53
135 54 146 54
136 55 147 55
137 28 148 28
137 29 148 29
137 34 142 35
137 59 148 59
138 10 143 11
138 30 143 31
138 46 149 46
138 56 143 57
138 58 149 58
139 16 150 16
139 36 144 37
139 41 142 43
140 13 151 13
140 14 151 14
140 19 151 19
141 0 146 1
141 7 152 7
141 15 152 15
141 40 152 40
141 44 152 44
142 4 147 5
142 8 147 9
142 25 147 26
143 6 154 6
143 18 154 18
143 32 154 32
143 34 148 35
144 10 147 12
144 20 147 22
144 27 155 27
144 31 155 31
144 56 155 56
145 3 156 3
145 36 147 39
145 41 156 41
146 47 147 52
147 33 158 33
147 53 158 53
148 2 159 2
148 4 153 5
148 8 159 8
148 9 159 9
148 21 153 22
148 23 151 25
148 38 153 39
148 42 159 42
148 48 153 49
148 50 153 51
149 10 160 10
149 28 160 28
149 29 154 30
149 34 151 37
150 1 161 1
150 11 155 12
150 20 161 20
150 46 161 46
150 57 155 58
151 55 162 55
152 19 163 19
152 24 157 25
152 34 163 34
152 37 163 37
153 15 156 17
153 45 164 45
154 7 165 7
154 51 165 51
155 4 166 4
155 23 166 23
155 29 166 29
155 49 166 49
155 50 166 50
155 54 166 54
156 5 161 6
156 11 161 12
156 13 161 14
156 22 167 22
156 26 161 27
156 30 161 31
156 35 161 36
156 40 167 40
156 47 167 47
156 56 159 58
157 17 168 17
158 16 169 16
158 41 169 41
159 24 164 25
159 43 170 43
159 52 164 53
159 59 170 59
160 2 165 3
160 8 171 8
160 58 171 58
161 33 172 33
161 38 166 39
162 0 167 1
162 5 167 6
162 9 164 12
162 14 173 14
162 20 167 21
162 27 167 28
162 30 167 31
162 36 173 36
162 46 173 46
162 57 173 57
163 35 174 35
164 13 175 13
165 9 168 11
165 12 176 12
165 24 168 26
165 45 176 45
165 48 176 48
165 52 176 52
165 56 176 56
167 2 178 2
167 23 178 23
167 37 178 37
167 44 178 44
167 49 178 49
167 50 178 50
168 1 179 1
168 3 173 4
168 18 173 19
168 22 179 22
168 27 170 30
168 31 173 32
168 38 171 40
168 47 179 47
168 55 179 55
169 5 174 6
170 41 175 42
171 15 176 16
171 26 173 29
171 53 176 54
172 8 175 10
172 58 177 59
173 24 178 25
174 18 177 20
174 26 175 31
174 32 179 33
175 4 177 7
176 27 179 29
176 41 179 43
177 10 178 15
177 51 179 54
178 16 179 21
4 53 15 53
27 25 38 25
42 17 47 18
52 38 57 39
63 39 74 39
141 45 152 45
153 43 158 44
172 38 175 40
10 56 21 56
40 43 51 43
77 44 88 44
80 20 91 20
132 51 143 51
156 32 167 32
176 38 179 40
36 5 47 5
96 56 101 57
159 15 170 15
12 8 23 8
134 3 144 3
28 37 38 37
34 42 44 42
113 47 123 47
148 52 158 52
166 51 176 51
8 59 18 59
82 31 92 31
36 3 46 3
154 48 164 48
48 2 58 2
95 3 104 3
135 39 144 39
149 59 158 59
106 52 115 52
143 42 147 43
36 0 45 0
141 52 145 53
166 7 174 7
55 33 63 33
47 27 55 27
116 14 124 14
169 9 171 11
100 58 108 58
13 10 16 11
131 44 134 45
67 16 68 19
106 26 109 27
117 42 120 43
145 17 152 17
127 17 130 18
148 47 155 47
159 44 166 44
2 49 8 49
72 56 78 56
103 8 109 8
141 2 147 2
60 52 66 52
30 7 35 7
67 31 69 32
75 38 80 38
83 25 88 25
122 34 124 35
148 54 150 55
144 57 149 57
44 34 48 34
69 35 73 35
75 40 79 40
95 26 99 26
135 19 139 19
148 43 152 43
0 7 3 7
3 55 6 55
6 45 9 45
39 25 40 26
44 47 45 48
61 35 62 36
72 19 75 19
125 6 125 9
138 4 141 4
16 53 19 53
127 25 129 25
