739
161 59 172 59
149 59 160 59
137 59 148 59
125 59 136 59
113 59 124 59
101 59 112 59
89 59 100 59
75 59 86 59
62 59 73 59
22 59 33 59
10 59 21 59
0 59 9 59
174 58 179 59
161 58 172 58
139 58 150 58
117 58 128 58
105 58 116 58
93 58 104 58
43 58 54 58
29 58 40 58
10 58 21 58
0 58 9 58
162 57 173 57
153 57 158 58
141 57 152 57
133 57 138 58
121 57 132 57
102 57 113 57
90 57 101 57
84 57 89 58
74 57 79 58
65 57 70 58
55 57 58 59
42 57 53 57
30 57 41 57
23 57 28 58
11 57 22 57
168 56 179 56
156 56 167 56
144 56 155 56
128 56 139 56
105 56 116 56
93 56 104 56
79 56 90 56
67 56 78 56
31 56 42 56
19 56 30 56
7 56 18 56
1 56 6 57
168 55 179 55
155 55 166 55
143 55 154 55
131 55 142 55
122 55 127 56
110 55 121 55
87 55 98 55
73 55 84 55
61 55 66 56
55 55 60 56
31 55 42 55
19 55 30 55
7 55 18 55
0 55 6 55
168 54 179 54
156 54 167 54
141 54 152 54
128 54 139 54
116 54 127 54
101 54 106 55
89 54 100 54
76 54 87 54
67 54 72 55
52 54 63 54
35 54 46 54
21 54 32 54
3 54 14 54
157 53 168 53
145 53 156 53
113 53 124 53
95 53 106 53
83 53 94 53
71 53 82 53
44 53 55 53
32 53 43 53
20 53 31 53
8 53 19 53
0 53 7 53
174 52 179 53
162 52 173 52
150 52 161 52
139 52 144 53
133 52 138 53
121 52 132 52
109 52 120 52
97 52 108 52
83 52 94 52
67 52 78 52
61 52 66 53
49 52 60 52
31 52 42 52
19 52 30 52
145 52 149 52
168 51 179 51
156 51 167 51
144 51 155 51
132 51 143 51
120 51 131 51
104 51 115 51
92 51 103 51
80 51 91 51
65 51 76 51
52 51 63 51
10 51 15 52
0 51 9 51
168 50 179 50
155 50 166 50
143 50 154 50
130 50 141 50
103 50 114 50
70 50 81 50
58 50 69 50
46 50 51 51
34 50 45 50
28 50 33 51
21 50 26 51
4 50 15 50
168 49 179 49
156 49 167 49
119 49 124 50
107 49 118 49
97 49 102 50
91 49 96 50
67 49 78 49
41 49 52 49
29 49 40 49
17 49 28 49
5 49 16 49
168 48 179 48
156 48 167 48
150 48 155 49
141 48 146 49
129 48 134 49
117 48 128 48
105 48 116 48
76 48 87 48
40 48 51 48
28 48 39 48
3 48 14 48
168 47 179 47
156 47 167 47
144 47 155 47
129 47 140 47
117 47 128 47
105 47 116 47
92 47 97 48
80 47 91 47
70 47 75 48
57 47 60 49
45 47 56 47
33 47 44 47
15 47 26 47
168 46 179 46
150 46 161 46
138 46 149 46
126 46 137 46
114 46 125 46
102 46 113 46
90 46 101 46
78 46 89 46
62 46 73 46
50 46 61 46
38 46 49 46
14 46 25 46
6 46 11 47
0 46 2 49
167 45 178 45
153 45 164 45
141 45 152 45
128 45 139 45
77 45 88 45
65 45 76 45
53 45 64 45
39 45 50 45
15 45 26 45
3 45 14 45
167 44 178 44
155 44 166 44
141 44 152 44
129 44 140 44
122 44 127 45
116 44 121 45
110 44 115 45
104 44 109 45
94 44 99 45
82 44 93 44
70 44 81 44
58 44 69 44
46 44 57 44
17 44 28 44
0 44 11 44
168 43 179 43
156 43 167 43
144 43 155 43
126 43 137 43
114 43 125 43
102 43 113 43
89 43 100 43
77 43 88 43
65 43 76 43
53 43 64 43
41 43 52 43
35 43 40 44
23 43 34 43
10 43 21 43
153 42 164 42
138 42 143 43
125 42 136 42
113 42 124 42
101 42 112 42
89 42 100 42
66 42 77 42
46 42 57 42
34 42 45 42
17 42 28 42
4 42 9 43
170 41 175 42
158 41 169 41
146 41 157 41
134 41 145 41
118 41 129 41
101 41 112 41
89 41 100 41
82 41 87 42
70 41 81 41
60 41 65 42
48 41 59 41
36 41 47 41
24 41 35 41
4 41 15 41
0 41 3 43
176 40 179 42
164 40 175 40
150 40 161 40
135 40 146 40
123 40 134 40
95 40 106 40
83 40 94 40
71 40 82 40
59 40 70 40
42 40 53 40
22 40 33 40
16 40 21 41
1 40 12 40
168 39 179 39
150 39 161 39
138 39 149 39
123 39 134 39
114 39 119 40
90 39 101 39
78 39 89 39
66 39 77 39
46 39 57 39
23 39 34 39
166 38 177 38
134 38 145 38
122 38 133 38
110 38 121 38
104 38 109 39
92 38 103 38
80 38 91 38
68 38 79 38
58 38 63 39
46 38 57 38
34 38 45 38
8 38 19 38
2 38 7 39
168 37 179 37
162 37 165 39
144 37 155 37
131 37 142 37
119 37 130 37
84 37 95 37
66 37 77 37
54 37 65 37
41 37 52 37
29 37 40 37
23 37 28 38
8 37 19 37
168 36 179 36
129 36 140 36
102 36 107 37
69 36 80 36
57 36 68 36
45 36 56 36
33 36 44 36
19 36 30 36
5 36 16 36
168 35 179 35
158 35 161 37
146 35 151 36
134 35 145 35
123 35 128 36
117 35 122 36
111 35 114 37
98 35 101 37
88 35 93 36
74 35 85 35
62 35 73 35
50 35 61 35
38 35 49 35
20 35 31 35
8 35 19 35
1 35 4 37
166 35 167 37
160 34 171 34
148 34 159 34
117 34 128 34
105 34 116 34
94 34 97 36
82 34 93 34
70 34 81 34
56 34 67 34
44 34 55 34
18 34 29 34
6 34 17 34
129 34 133 35
0 34 5 34
163 33 174 33
151 33 162 33
142 33 147 34
118 33 129 33
106 33 117 33
79 33 90 33
67 33 78 33
55 33 66 33
43 33 54 33
35 33 40 34
15 33 26 33
3 33 14 33
168 32 179 32
156 32 167 32
144 32 155 32
125 32 136 32
112 32 123 32
101 32 104 34
85 32 96 32
73 32 84 32
55 32 66 32
43 32 54 32
31 32 42 32
13 32 24 32
163 31 174 31
148 31 159 31
131 31 142 31
112 31 123 31
93 31 104 31
81 31 92 31
69 31 80 31
57 31 68 31
45 31 56 31
18 31 29 31
150 30 161 30
138 30 149 30
126 30 137 30
97 30 108 30
85 30 96 30
73 30 84 30
46 30 57 30
31 30 36 31
19 30 30 30
172 29 177 30
163 29 168 30
140 29 151 29
128 29 139 29
114 29 125 29
98 29 109 29
83 29 94 29
67 29 72 30
59 29 64 30
47 29 58 29
40 29 45 30
15 29 26 29
1 29 4 31
168 28 179 28
154 28 165 28
142 28 153 28
130 28 141 28
118 28 129 28
106 28 117 28
94 28 105 28
82 28 93 28
76 28 81 29
64 28 75 28
34 28 39 29
19 28 30 28
8 28 11 30
168 27 179 27
156 27 167 27
144 27 155 27
132 27 143 27
111 27 122 27
99 27 110 27
56 27 67 27
50 27 55 28
38 27 49 27
1 27 6 28
133 26 144 26
120 26 131 26
108 26 119 26
96 26 107 26
90 26 95 27
77 26 82 27
65 26 76 26
53 26 64 26
41 26 52 26
29 26 40 26
9 26 14 27
0 26 8 26
174 25 179 26
165 25 170 26
159 25 164 26
153 25 158 26
147 25 152 26
135 25 146 25
123 25 134 25
111 25 122 25
99 25 110 25
87 25 98 25
75 25 86 25
63 25 74 25
51 25 62 25
39 25 50 25
27 25 38 25
15 25 26 25
2 25 13 25
102 24 113 24
90 24 101 24
78 24 89 24
60 24 71 24
48 24 59 24
29 24 40 24
17 24 28 24
5 24 16 24
171 23 176 24
165 23 170 24
155 23 160 24
142 23 147 24
126 23 131 24
118 23 123 24
96 23 107 23
84 23 95 23
72 23 83 23
42 23 47 24
29 23 40 23
10 23 21 23
0 23 4 24
168 22 179 22
156 22 167 22
144 22 155 22
136 22 141 23
101 22 112 22
89 22 100 22
77 22 88 22
33 22 44 22
23 22 28 23
10 22 21 22
143 21 154 21
131 21 142 21
118 21 129 21
115 21 117 24
102 21 113 21
90 21 101 21
75 21 86 21
65 21 68 23
61 21 64 23
54 21 59 22
50 21 53 23
38 21 49 21
25 21 36 21
13 21 24 21
1 21 12 21
174 20 179 21
166 20 171 21
151 20 162 20
139 20 150 20
126 20 137 20
114 20 125 20
101 20 112 20
89 20 100 20
77 20 88 20
65 20 76 20
53 20 64 20
41 20 52 20
29 20 40 20
16 20 27 20
163 19 174 19
145 19 156 19
133 19 144 19
121 19 132 19
103 19 114 19
82 19 93 19
70 19 81 19
58 19 69 19
46 19 57 19
30 19 41 19
18 19 29 19
6 19 17 19
0 19 5 20
147 18 158 18
133 18 144 18
121 18 132 18
115 18 120 19
100 18 111 18
69 18 80 18
57 18 68 18
37 18 48 18
25 18 36 18
13 18 24 18
159 17 162 19
147 17 158 17
135 17 146 17
123 17 134 17
111 17 122 17
99 17 110 17
95 17 98 19
89 17 94 18
77 17 88 17
65 17 76 17
53 17 64 17
41 17 52 17
7 17 12 18
1 17 6 18
175 16 177 19
158 16 169 16
146 16 157 16
134 16 145 16
114 16 125 16
102 16 113 16
90 16 101 16
78 16 89 16
54 16 65 16
42 16 53 16
31 16 36 17
16 16 21 17
4 16 15 16
168 15 179 15
156 15 167 15
144 15 155 15
130 15 141 15
118 15 129 15
93 15 104 15
73 15 84 15
67 15 72 16
46 15 57 15
27 15 30 17
163 14 174 14
151 14 162 14
139 14 150 14
127 14 138 14
115 14 126 14
91 14 102 14
78 14 89 14
66 14 77 14
44 14 55 14
38 14 41 16
26 14 37 14
17 14 22 15
2 14 7 15
165 13 176 13
141 13 152 13
116 13 127 13
104 13 115 13
92 13 103 13
78 13 89 13
61 13 72 13
49 13 60 13
12 13 23 13
0 13 11 13
166 12 177 12
137 12 148 12
131 12 136 13
119 12 130 12
107 12 118 12
74 12 85 12
62 12 73 12
37 12 48 12
31 12 36 13
19 12 30 12
7 12 18 12
0 12 6 12
168 11 179 11
160 11 163 13
154 11 159 12
142 11 153 11
130 11 141 11
118 11 129 11
106 11 117 11
94 11 105 11
77 11 88 11
63 11 74 11
56 11 61 12
44 11 55 11
22 11 33 11
10 11 21 11
0 11 9 11
168 10 179 10
156 10 167 10
124 10 135 10
94 10 105 10
90 10 93 12
78 10 89 10
66 10 77 10
54 10 65 10
42 10 53 10
35 10 40 11
23 10 34 10
11 10 22 10
0 10 10 10
168 9 179 9
148 9 159 9
138 9 143 10
126 9 137 9
116 9 121 10
98 9 109 9
86 9 97 9
74 9 85 9
52 9 63 9
26 9 37 9
14 9 25 9
0 9 11 9
160 8 171 8
148 8 159 8
136 8 147 8
124 8 135 8
112 8 115 10
100 8 111 8
88 8 99 8
76 8 87 8
68 8 73 9
41 8 52 8
29 8 40 8
17 8 28 8
5 8 16 8
174 7 179 8
162 7 173 7
145 7 156 7
123 7 134 7
117 7 122 8
105 7 116 7
93 7 104 7
71 7 82 7
42 7 53 7
30 7 41 7
18 7 29 7
6 7 17 7
0 7 4 8
154 6 165 6
117 6 128 6
105 6 116 6
93 6 104 6
83 6 88 7
65 6 67 9
59 6 64 7
39 6 50 6
17 6 28 6
1 6 12 6
172 5 177 6
160 5 171 5
148 5 159 5
134 5 139 6
122 5 133 5
110 5 121 5
56 5 67 5
44 5 55 5
32 5 43 5
20 5 31 5
7 5 18 5
168 4 179 4
156 4 167 4
143 4 154 4
140 4 142 7
128 4 139 4
108 4 119 4
102 4 107 5
73 4 76 6
69 4 72 6
57 4 68 4
45 4 56 4
33 4 44 4
21 4 32 4
2 4 13 4
145 3 156 3
133 3 144 3
105 3 116 3
93 3 104 3
87 3 92 4
69 3 80 3
50 3 61 3
38 3 49 3
3 3 14 3
167 2 172 3
161 2 166 3
149 2 160 2
137 2 148 2
127 2 132 3
102 2 113 2
89 2 100 2
77 2 88 2
65 2 76 2
53 2 64 2
41 2 52 2
32 2 37 3
26 2 31 3
20 2 25 3
174 1 179 2
162 1 173 1
150 1 161 1
136 1 147 1
124 1 135 1
119 1 122 3
107 1 118 1
94 1 105 1
82 1 93 1
70 1 81 1
57 1 68 1
45 1 56 1
33 1 44 1
19 1 30 1
16 1 18 4
7 1 12 2
144 0 155 0
131 0 142 0
119 0 130 0
74 0 85 0
62 0 73 0
48 0 59 0
36 0 47 0
24 0 35 0
12 0 23 0
