781
0 1 3 3
0 4 3 6
0 8 11 8
0 9 11 9
0 11 11 11
0 12 2 15
0 16 3 18
0 19 2 22
0 23 0 34
0 35 11 35
0 36 11 36
0 37 3 39
0 40 11 40
0 41 3 43
0 44 11 44
0 45 1 50
0 51 3 53
0 54 1 59
1 10 12 10
1 23 6 24
1 25 12 25
1 26 4 28
1 29 6 30
1 32 4 34
2 45 5 47
2 57 13 57
2 58 7 59
3 13 14 13
3 21 14 21
3 48 6 50
3 54 14 54
4 0 5 5
4 7 15 7
4 14 6 17
4 18 15 18
4 37 15 37
4 38 15 38
4 41 15 41
4 42 9 43
4 51 15 51
5 22 16 22
5 26 8 28
5 31 7 34
6 0 9 2
6 12 17 12
6 19 17 19
6 46 11 47
7 5 18 5
7 14 10 16
7 24 18 24
7 29 18 29
7 55 18 55
8 31 19 31
8 32 19 32
8 34 19 34
8 52 19 52
8 58 19 58
9 23 20 23
9 26 20 26
9 27 14 28
9 48 14 49
10 0 12 3
10 42 21 42
10 43 21 43
10 45 21 45
11 33 22 33
12 4 23 4
12 9 23 9
12 16 17 17
12 30 23 30
12 36 23 36
12 40 23 40
12 44 23 44
12 47 23 47
13 0 18 1
13 6 24 6
13 25 24 25
14 2 25 2
14 20 25 20
14 46 25 46
14 57 25 57
15 54 26 54
16 28 27 28
16 37 27 37
16 41 27 41
17 10 28 10
17 14 22 15
17 49 22 50
18 7 29 7
18 11 21 13
18 17 23 18
18 19 29 19
18 21 23 22
18 35 29 35
19 0 30 0
19 1 30 1
19 55 30 55
19 59 30 59
20 39 31 39
20 48 31 48
20 52 31 52
20 53 31 53
21 23 26 24
22 11 33 11
22 42 27 43
23 12 28 13
23 15 28 16
23 31 25 34
23 49 26 51
24 3 27 5
24 8 35 8
24 9 35 9
24 18 35 18
24 26 35 26
24 36 35 36
25 21 36 21
25 25 36 25
25 56 36 56
26 20 37 20
26 29 31 30
27 23 32 24
27 38 38 38
27 49 30 51
27 54 38 54
28 2 30 5
28 22 39 22
28 28 39 28
28 32 39 32
28 41 33 42
28 43 39 43
28 57 39 57
29 6 40 6
29 12 31 15
29 16 34 17
29 27 40 27
29 47 40 47
29 58 40 58
30 19 41 19
31 0 33 3
31 33 36 34
31 40 42 40
31 49 34 51
31 55 42 55
32 4 37 5
32 12 34 15
32 48 43 48
33 52 38 53
34 29 45 29
34 35 45 35
34 41 39 42
35 1 46 1
35 2 46 2
35 10 40 11
35 12 37 15
35 16 46 16
35 23 40 24
36 7 39 9
36 17 41 18
36 30 47 30
36 45 47 45
36 49 39 51
37 33 48 33
37 44 48 44
37 46 48 46
38 12 41 14
38 15 49 15
38 20 49 20
39 37 42 39
39 52 42 54
40 7 51 7
40 8 45 9
40 21 45 22
40 41 43 43
40 49 51 49
41 4 52 4
41 10 52 10
41 23 42 28
41 57 52 57
42 13 47 14
43 19 54 19
43 23 48 24
43 26 54 26
43 31 54 31
43 32 54 32
43 36 45 39
43 50 45 53
43 54 54 54
43 58 54 58
44 11 55 11
44 25 55 25
44 40 47 42
45 55 56 55
46 0 57 0
46 9 57 9
46 27 49 29
46 36 49 38
46 39 57 39
46 47 51 48
46 50 57 50
46 51 51 52
47 3 58 3
47 34 52 35
48 1 59 1
48 16 51 18
48 40 53 41
49 5 54 6
49 21 54 22
49 23 54 24
49 42 54 43
49 44 54 45
49 46 60 46
50 28 55 29
50 36 53 38
51 13 56 14
51 20 62 20
52 15 57 16
52 17 63 17
52 47 63 47
52 51 63 51
53 4 64 4
53 56 58 57
54 10 65 10
54 12 65 12
54 33 55 38
54 40 59 41
54 52 59 53
55 5 60 6
55 18 60 19
55 30 60 31
55 32 66 32
55 43 58 45
56 23 61 24
56 25 59 27
56 34 67 34
56 35 59 37
56 42 67 42
57 28 62 29
57 54 62 55
58 13 63 14
58 21 63 22
58 38 63 39
58 50 69 50
59 2 70 2
59 3 70 3
59 8 70 8
59 11 70 11
59 43 70 43
59 44 70 44
59 45 70 45
60 0 71 0
60 1 71 1
60 35 71 35
60 40 71 40
60 41 71 41
60 53 71 53
60 59 71 59
61 5 64 7
61 15 72 15
61 18 66 19
61 31 72 31
62 23 64 26
62 37 73 37
62 46 73 46
62 56 65 58
63 28 66 30
63 54 74 54
63 55 74 55
64 20 75 20
64 33 75 33
64 36 75 36
65 4 68 6
65 7 76 7
65 9 76 9
65 21 70 22
65 25 70 26
65 38 70 39
65 48 76 48
65 51 76 51
66 10 77 10
66 12 71 13
66 49 77 49
66 56 71 57
67 27 70 29
67 52 78 52
69 4 72 6
69 14 80 14
69 16 71 19
69 34 80 34
70 23 75 24
70 50 81 50
71 2 76 3
71 22 82 22
71 25 82 25
71 26 82 26
71 28 74 30
71 43 82 43
71 47 82 47
72 0 83 0
72 16 75 18
72 32 83 32
72 44 83 44
72 57 75 59
73 4 84 4
73 6 84 6
73 15 84 15
73 39 75 42
74 12 85 12
74 21 85 21
74 35 85 35
75 11 86 11
75 27 80 28
75 29 80 30
75 45 80 46
75 53 78 55
76 8 87 8
76 16 81 17
76 18 79 20
76 24 87 24
76 36 78 39
77 13 88 13
77 51 88 51
78 1 81 3
78 9 83 10
78 41 89 41
78 56 80 59
79 33 90 33
79 53 84 54
80 19 91 19
80 36 83 38
80 39 91 39
81 23 92 23
81 28 86 29
81 30 92 30
81 34 92 34
81 45 86 46
81 57 92 57
81 59 92 59
82 1 93 1
82 2 87 3
82 14 93 14
82 16 87 17
82 52 93 52
82 56 93 56
83 26 94 26
83 47 88 48
83 55 94 55
84 9 95 9
84 32 95 32
84 36 87 38
84 42 87 44
85 4 87 7
85 53 90 54
86 22 97 22
87 10 90 12
87 35 98 35
87 46 98 46
88 2 91 4
88 6 99 6
88 7 93 8
88 20 93 21
88 27 93 28
88 37 93 38
88 42 90 45
88 49 99 49
88 58 99 58
89 13 100 13
89 17 94 18
89 25 100 25
89 29 100 29
89 51 100 51
90 15 101 15
91 40 96 41
91 44 102 44
91 47 96 48
91 53 96 54
92 2 103 2
92 3 103 3
92 10 103 10
92 11 103 11
92 24 103 24
92 50 103 50
93 23 104 23
93 31 104 31
93 42 98 43
94 1 105 1
94 4 105 4
94 7 99 8
94 16 105 16
94 19 99 20
94 27 99 28
94 36 105 36
94 37 97 39
94 52 105 52
94 56 99 57
95 21 106 21
95 33 100 34
96 9 107 9
96 17 107 17
97 18 108 18
97 30 108 30
97 53 100 55
98 22 109 22
98 37 101 39
99 40 104 41
99 43 110 43
99 46 110 46
99 48 110 48
99 59 110 59
100 5 102 8
100 20 111 20
100 26 105 27
100 35 111 35
100 49 111 49
101 12 104 14
101 28 106 29
101 32 104 34
101 47 112 47
101 53 104 55
102 37 107 38
102 56 113 56
102 57 113 57
103 5 108 6
103 19 114 19
103 25 114 25
103 44 108 45
104 2 109 3
104 51 115 51
105 7 116 7
105 32 108 34
105 41 110 42
105 54 110 55
106 4 117 4
106 11 117 11
106 12 117 12
106 13 108 16
106 31 117 31
107 21 118 21
107 28 118 28
107 29 118 29
107 53 118 53
108 0 119 0
108 17 119 17
108 23 119 23
108 39 119 39
109 5 120 5
109 6 120 6
109 14 112 16
109 18 120 18
109 32 114 33
109 38 120 38
109 44 114 45
110 1 113 3
110 8 113 10
110 26 121 26
111 27 122 27
111 42 116 43
111 48 122 48
111 59 122 59
112 34 115 36
112 37 123 37
112 46 123 46
112 49 123 49
112 54 117 55
113 13 115 16
114 1 117 3
114 8 117 10
114 41 125 41
114 56 117 58
115 19 126 19
115 25 126 25
115 44 120 45
116 13 127 13
116 14 121 15
116 32 118 35
116 50 121 51
116 52 127 52
117 40 128 40
118 7 119 12
118 20 129 20
118 36 129 36
118 54 120 57
119 1 122 3
119 30 130 30
119 33 122 35
120 7 122 10
120 11 125 12
120 16 125 17
120 21 131 21
120 31 125 32
121 5 132 5
121 28 126 29
121 38 126 39
121 43 124 45
121 53 124 55
121 57 126 58
122 26 133 26
123 2 134 2
123 7 134 7
123 14 128 15
123 33 128 34
124 1 135 1
124 10 135 10
124 42 135 42
124 46 125 51
124 59 135 59
125 37 136 37
125 44 130 45
125 53 130 54
125 56 136 56
126 3 131 4
126 11 137 11
126 23 131 24
126 43 137 43
126 46 137 46
126 47 129 49
126 50 131 51
127 16 132 17
127 19 138 19
127 27 130 29
127 38 132 39
127 41 138 41
128 0 139 0
128 12 133 13
128 57 133 58
129 14 140 14
129 31 131 34
129 40 140 40
130 9 141 9
130 15 141 15
130 20 141 20
130 25 141 25
130 47 133 49
131 18 142 18
131 28 136 29
131 53 134 55
132 3 143 3
132 21 143 21
132 22 143 22
132 27 143 27
132 30 137 31
132 33 135 35
133 4 138 5
133 17 144 17
133 50 144 50
134 12 139 13
134 16 145 16
134 38 145 38
134 47 145 47
134 48 145 48
135 7 140 8
135 23 146 23
135 44 140 45
135 52 140 53
135 54 146 54
135 57 140 58
136 1 147 1
136 2 147 2
136 34 141 35
136 55 147 55
137 28 148 28
137 29 148 29
137 36 142 37
137 59 148 59
138 10 143 11
138 30 143 31
138 46 149 46
139 41 142 43
140 13 151 13
140 19 151 19
140 32 145 33
141 0 152 0
141 7 146 8
141 14 152 14
141 40 152 40
141 44 152 44
141 56 144 58
142 4 145 6
142 9 153 9
142 15 153 15
142 25 147 26
142 34 153 34
142 35 153 35
143 18 154 18
144 10 147 12
144 20 147 22
144 27 155 27
144 31 155 31
144 37 155 37
145 3 156 3
145 41 156 41
145 56 156 56
146 4 149 6
146 47 147 52
147 8 158 8
147 33 158 33
147 39 158 39
147 53 158 53
147 57 152 58
148 2 159 2
148 21 151 23
148 24 151 26
148 42 159 42
148 48 153 49
148 50 153 51
149 10 160 10
149 28 160 28
149 29 154 30
150 1 161 1
150 6 161 6
150 11 155 12
150 20 161 20
150 46 161 46
151 5 162 5
151 55 162 55
152 19 163 19
152 24 157 25
153 4 164 4
153 45 164 45
153 57 156 59
154 7 165 7
154 14 159 15
154 34 159 35
154 51 165 51
155 23 166 23
155 29 166 29
155 49 160 50
155 54 166 54
156 11 161 12
156 17 167 17
156 22 167 22
156 26 161 27
156 30 161 31
156 37 167 37
156 40 167 40
156 47 167 47
157 36 168 36
157 56 162 57
157 58 168 58
158 13 169 13
158 16 169 16
158 41 169 41
159 8 170 8
159 24 164 25
159 43 170 43
159 52 164 53
159 59 170 59
160 2 165 3
160 14 171 14
160 34 171 34
160 35 171 35
161 33 172 33
161 38 166 39
161 48 166 49
162 0 167 1
162 9 167 10
162 11 167 12
162 20 167 21
162 27 167 28
162 30 167 31
162 46 173 46
163 5 174 5
163 50 174 50
163 56 168 57
165 24 170 25
165 45 176 45
165 52 170 53
167 2 178 2
167 23 178 23
167 44 178 44
167 48 178 48
167 49 178 49
168 1 179 1
168 3 173 4
168 18 173 19
168 22 179 22
168 27 170 30
168 31 173 32
168 37 179 37
168 38 171 40
168 47 179 47
168 55 179 55
169 10 172 12
169 56 172 58
170 41 175 42
171 15 176 16
171 26 173 29
171 51 173 54
172 8 177 9
172 34 175 36
173 11 175 14
173 24 178 25
173 56 176 58
174 18 177 20
174 26 175 31
174 32 179 33
174 51 177 53
175 4 177 7
176 10 179 12
176 27 179 29
176 41 179 43
177 14 179 17
177 56 179 59
3 56 14 56
4 53 15 53
41 5 46 6
42 17 47 18
74 31 85 31
79 40 90 40
123 8 128 9
133 39 144 39
141 45 152 45
146 16 157 16
146 32 157 32
153 43 158 44
172 38 175 40
132 51 143 51
176 38 179 40
34 0 45 0
34 3 45 3
12 8 23 8
102 58 113 58
47 2 58 2
28 37 38 37
113 47 123 47
148 52 158 52
8 59 18 59
145 17 155 17
160 15 170 15
106 52 115 52
121 18 130 18
143 42 147 43
158 32 167 32
15 56 24 56
141 52 145 53
139 4 141 6
166 7 174 7
123 35 131 35
13 10 16 11
76 56 77 59
131 44 134 45
178 18 179 21
56 33 63 33
67 16 68 19
80 20 87 20
106 26 109 27
117 42 120 43
37 25 40 26
148 47 155 47
159 44 166 44
86 31 92 31
103 8 109 8
60 52 66 52
154 48 160 48
12 35 17 35
30 7 35 7
38 4 40 5
60 25 61 27
76 40 77 42
83 25 88 25
93 59 98 59
112 20 117 20
129 8 134 8
148 54 150 55
174 54 179 54
7 48 8 50
50 27 55 27
100 56 101 58
95 26 99 26
148 43 152 43
2 55 6 55
0 7 3 7
6 45 9 45
44 47 45 48
60 36 61 37
71 38 72 39
71 45 74 45
72 19 75 19
145 57 146 58
16 53 19 53
3 12 5 12
127 25 129 25
