778
0 1 1 6
0 8 11 8
0 9 11 9
0 11 1 16
0 17 2 20
0 21 0 32
0 33 0 44
0 45 1 50
0 51 1 56
0 57 3 59
1 10 12 10
1 21 12 21
1 23 6 24
1 25 12 25
1 26 4 28
1 29 6 30
1 31 2 36
1 37 4 39
1 40 12 40
1 41 12 41
1 42 6 43
2 1 3 6
2 11 13 11
2 12 4 15
2 44 5 46
2 47 7 48
2 50 7 51
2 52 4 55
3 16 14 16
3 17 6 19
3 31 4 36
4 0 5 5
4 7 15 7
4 56 9 57
5 13 16 13
5 22 16 22
5 26 8 28
5 31 7 34
5 35 16 35
5 36 16 36
5 37 10 38
5 54 10 55
6 0 17 0
6 1 11 2
6 12 17 12
6 58 17 58
7 5 18 5
7 17 12 18
7 19 18 19
7 24 18 24
7 29 18 29
7 42 9 45
8 31 19 31
8 32 19 32
8 34 19 34
8 46 19 46
8 47 13 48
8 51 19 51
8 52 19 52
9 23 20 23
9 26 20 26
9 27 14 28
9 49 14 50
10 42 21 42
10 43 21 43
10 45 21 45
10 57 21 57
11 33 22 33
11 37 14 39
11 53 14 55
12 4 23 4
12 9 23 9
12 30 23 30
12 44 23 44
13 6 24 6
13 21 24 21
13 25 24 25
13 40 24 40
14 1 19 2
14 20 25 20
14 47 25 47
15 14 17 17
15 54 26 54
15 55 20 56
16 28 27 28
16 37 27 37
16 41 27 41
17 10 28 10
17 49 22 50
18 0 29 0
18 7 29 7
18 11 19 16
18 17 23 18
18 35 29 35
18 58 29 58
19 36 30 36
19 59 30 59
20 2 25 3
20 11 31 11
20 12 25 13
20 14 31 14
20 15 31 15
20 19 31 19
20 39 31 39
20 48 31 48
20 52 25 53
21 23 26 24
22 22 33 22
22 42 27 43
22 55 27 56
23 31 25 34
23 49 26 51
24 8 35 8
24 9 35 9
24 18 35 18
24 26 35 26
25 21 36 21
25 25 36 25
26 1 31 2
26 3 28 6
26 20 37 20
26 29 31 30
26 52 31 53
27 16 32 17
27 23 32 24
27 38 38 38
27 49 30 51
27 54 38 54
28 28 39 28
28 32 39 32
28 41 33 42
28 43 39 43
28 57 39 57
29 3 34 4
29 6 40 6
29 27 40 27
29 47 40 47
30 12 35 13
30 55 41 55
30 56 41 56
31 33 36 34
31 40 42 40
31 49 34 51
31 58 36 59
32 14 43 14
32 48 43 48
33 1 44 1
33 17 44 17
33 35 36 37
33 52 38 53
34 22 37 24
34 29 45 29
34 41 45 41
35 2 46 2
35 10 46 10
35 16 46 16
36 4 47 4
36 7 39 9
36 11 39 13
36 18 41 19
36 30 47 30
36 45 47 45
36 49 39 51
37 33 48 33
37 34 40 36
37 44 48 44
37 46 48 46
38 15 49 15
38 20 40 23
38 24 49 24
39 37 42 39
39 52 42 54
40 7 51 7
40 8 45 9
40 49 51 49
41 20 43 23
41 25 43 28
41 34 44 36
41 57 52 57
43 19 54 19
43 31 54 31
43 32 54 32
43 38 48 39
43 50 45 53
43 54 54 54
43 58 54 58
44 11 46 14
44 20 46 23
44 25 55 25
44 26 49 27
45 35 56 35
45 42 56 42
45 55 56 55
46 0 57 0
46 9 57 9
46 28 51 29
46 36 51 37
46 40 51 41
46 47 51 48
46 50 51 51
47 3 58 3
47 10 50 12
47 20 50 22
48 1 59 1
48 16 51 18
48 52 53 53
49 5 54 6
49 33 54 34
49 44 60 44
49 45 54 46
50 4 61 4
50 23 55 24
51 10 62 10
51 13 56 14
51 20 56 21
51 26 62 26
51 38 56 39
52 15 57 16
52 17 63 17
52 28 55 30
52 36 57 37
52 40 57 41
52 43 63 43
52 47 63 47
52 50 57 51
53 56 58 57
54 11 59 12
54 52 59 53
55 5 60 6
55 18 60 19
55 31 66 31
55 32 66 32
55 34 66 34
55 45 66 45
56 23 61 24
56 27 58 30
57 20 60 22
57 35 68 35
57 42 68 42
57 46 68 46
57 54 62 55
58 13 63 14
58 36 59 41
58 50 69 50
58 51 69 51
59 2 70 2
59 3 70 3
59 8 70 8
59 27 62 29
60 0 71 0
60 1 71 1
60 37 63 39
60 40 71 40
60 41 71 41
60 53 71 53
60 59 71 59
61 5 64 7
61 15 72 15
61 18 66 19
61 21 66 22
61 44 72 44
62 11 73 11
62 56 65 58
63 9 68 10
63 23 64 28
63 29 68 30
63 54 74 54
63 55 74 55
64 20 75 20
64 33 75 33
64 36 75 36
64 37 67 39
64 43 75 43
65 4 68 6
65 7 76 7
65 25 76 25
65 26 76 26
65 27 70 28
65 48 76 48
66 12 71 13
66 49 77 49
66 56 71 57
67 21 78 21
67 52 78 52
69 4 72 6
69 9 74 10
69 14 80 14
69 16 71 19
69 29 74 30
69 34 80 34
69 37 74 38
69 45 72 47
70 22 81 22
70 23 75 24
70 31 75 32
70 50 81 50
71 2 76 3
71 51 82 51
72 0 77 1
72 16 75 18
72 57 75 59
73 4 84 4
73 6 84 6
73 15 84 15
73 27 78 28
73 39 75 42
73 44 76 46
74 12 85 12
74 35 85 35
75 8 77 11
75 29 80 30
75 53 78 55
76 16 81 17
76 18 79 20
76 24 87 24
76 31 81 32
76 36 78 39
76 43 87 43
77 13 88 13
77 25 82 26
77 45 80 47
78 0 80 3
78 9 83 10
78 41 89 41
78 56 80 59
79 33 90 33
79 53 82 55
80 19 91 19
80 36 83 38
80 39 91 39
81 1 92 1
81 2 92 2
81 3 92 3
81 23 92 23
81 28 86 29
81 30 92 30
81 34 92 34
81 44 86 45
81 46 83 49
81 57 86 58
81 59 92 59
82 14 93 14
82 16 87 17
82 52 93 52
82 56 93 56
83 7 88 8
83 21 94 21
83 26 94 26
83 53 94 53
83 54 94 54
83 55 94 55
84 9 95 9
84 32 95 32
84 36 89 37
84 46 95 46
84 47 95 47
85 4 88 6
85 51 96 51
86 10 91 11
86 22 97 22
86 42 97 42
87 35 98 35
88 27 93 28
88 43 91 45
88 49 99 49
88 58 99 58
89 6 100 6
89 12 94 13
89 17 94 18
89 25 100 25
89 29 100 29
90 15 101 15
90 37 95 38
90 57 101 57
91 7 96 8
91 40 96 41
92 10 103 10
92 11 103 11
92 19 97 20
92 24 103 24
92 44 103 44
92 50 103 50
93 0 96 2
93 23 104 23
93 31 104 31
94 4 105 4
94 16 105 16
94 27 99 28
94 36 105 36
94 52 105 52
95 21 106 21
95 33 100 34
95 53 106 53
96 9 107 9
96 13 107 13
96 17 107 17
96 46 107 46
96 54 101 55
97 0 100 2
97 7 102 8
97 18 108 18
97 30 108 30
97 39 102 40
98 19 103 20
98 22 109 22
98 37 103 38
98 51 109 51
99 41 102 43
99 48 110 48
99 59 110 59
100 26 105 27
100 35 111 35
100 49 111 49
101 0 103 3
101 5 106 6
101 28 106 29
101 32 104 34
101 47 112 47
102 54 104 57
103 25 114 25
103 41 108 42
104 0 106 3
104 20 115 20
104 37 109 38
104 44 109 45
105 7 116 7
105 32 108 34
105 54 107 57
106 4 117 4
106 11 117 11
106 12 117 12
106 15 111 16
106 31 117 31
107 0 110 2
107 5 112 6
107 21 118 21
107 28 118 28
107 29 118 29
107 53 118 53
108 17 119 17
108 23 119 23
108 39 119 39
108 46 119 46
108 54 110 57
109 18 120 18
109 32 114 33
109 40 112 42
110 8 113 10
110 13 115 14
110 26 121 26
110 36 113 38
110 50 113 52
111 0 114 2
111 19 122 19
111 27 122 27
111 48 122 48
111 57 116 58
111 59 122 59
112 15 123 15
112 43 115 45
112 49 123 49
112 54 117 55
113 5 124 5
113 6 124 6
113 16 124 16
114 8 117 10
114 34 117 36
114 37 125 37
114 41 125 41
114 51 119 52
115 1 120 2
115 25 126 25
116 0 127 0
116 13 127 13
116 38 127 38
116 43 119 45
117 32 128 32
117 33 128 33
117 40 128 40
117 56 120 58
118 7 119 12
118 20 129 20
118 34 121 36
119 30 130 30
119 50 130 50
119 53 122 55
120 7 122 10
120 11 131 11
120 12 131 12
120 21 131 21
120 31 131 31
120 44 131 44
120 52 131 52
121 1 124 3
121 17 126 18
121 28 126 29
121 57 126 58
122 26 133 26
122 36 133 36
122 45 127 46
123 7 134 7
123 19 134 19
123 39 134 39
123 54 126 56
124 10 135 10
124 15 135 15
124 42 135 42
124 48 135 48
124 59 135 59
125 1 136 1
125 2 136 2
125 4 128 6
125 14 136 14
125 34 130 35
125 47 136 47
126 23 131 24
126 37 137 37
126 43 137 43
127 16 138 16
127 27 130 29
127 41 138 41
127 53 130 55
127 56 138 56
128 0 139 0
128 38 139 38
128 45 139 45
128 46 139 46
128 57 133 58
129 3 132 5
129 40 140 40
130 9 141 9
130 13 141 13
130 20 141 20
130 25 141 25
131 18 142 18
131 28 136 29
131 34 136 35
131 49 134 51
131 53 134 55
132 12 143 12
132 21 143 21
132 22 143 22
132 27 143 27
132 30 137 31
133 3 136 5
133 17 144 17
134 11 145 11
135 7 140 8
135 23 146 23
135 33 146 33
135 49 136 54
135 57 140 58
136 48 147 48
136 55 147 55
137 2 142 3
137 28 142 29
137 34 142 35
137 44 148 44
137 49 140 51
137 52 140 54
137 59 148 59
138 30 143 31
139 16 150 16
139 36 144 37
139 41 142 43
140 14 151 14
140 19 151 19
140 45 143 47
141 0 152 0
141 7 152 7
141 15 152 15
141 40 152 40
141 49 142 54
141 56 144 58
142 4 145 6
142 8 145 10
142 25 147 26
143 1 148 2
143 18 154 18
143 28 148 29
143 32 154 32
143 34 148 35
143 49 148 50
144 12 149 13
144 20 147 22
144 27 155 27
144 31 155 31
144 45 149 46
145 3 156 3
145 36 147 39
145 41 156 41
145 53 150 54
145 56 156 56
146 4 149 6
146 8 148 11
146 51 151 52
147 33 158 33
147 57 152 58
148 21 151 23
148 24 151 26
148 38 153 39
148 42 159 42
149 10 160 10
149 28 160 28
149 29 154 30
149 34 152 36
149 47 151 50
150 1 161 1
150 6 161 6
150 8 161 8
150 11 155 12
150 20 161 20
150 44 155 45
150 46 161 46
151 5 162 5
151 53 162 53
151 55 162 55
152 19 163 19
152 24 157 25
152 37 163 37
153 4 164 4
153 15 156 17
153 34 158 35
153 51 164 51
153 57 156 59
154 2 165 2
154 7 165 7
155 23 166 23
155 29 166 29
155 49 166 49
155 50 166 50
155 54 166 54
156 11 161 12
156 13 161 14
156 22 167 22
156 26 161 27
156 30 161 31
156 40 167 40
156 45 167 45
156 47 167 47
157 17 168 17
157 36 168 36
157 56 162 57
157 58 168 58
158 16 169 16
158 41 169 41
159 24 164 25
159 32 161 35
159 43 170 43
159 59 170 59
160 52 171 52
161 38 166 39
162 0 167 1
162 9 163 14
162 20 167 21
162 27 167 28
162 30 167 31
162 32 164 35
162 46 173 46
163 5 174 5
163 56 168 57
164 8 165 13
165 24 170 25
165 48 176 48
166 6 168 9
166 11 171 12
166 33 171 34
167 2 178 2
167 13 172 14
167 23 178 23
167 37 178 37
167 44 178 44
167 49 178 49
167 50 178 50
168 1 179 1
168 3 173 4
168 18 173 19
168 22 179 22
168 27 170 30
168 31 173 32
168 35 179 35
168 38 171 40
168 47 179 47
168 55 179 55
169 6 171 9
169 56 174 57
170 41 175 42
171 15 176 16
171 26 173 29
171 53 176 54
171 58 176 59
172 7 173 12
173 24 178 25
174 7 179 8
174 9 175 14
174 18 177 20
174 26 175 31
174 32 179 33
175 4 178 6
176 10 178 13
176 27 179 29
176 41 179 43
177 14 179 17
177 51 179 54
177 56 179 59
4 59 15 59
29 5 40 5
30 0 41 0
41 5 46 6
79 40 90 40
123 8 128 9
137 4 140 6
165 51 176 51
172 38 175 40
40 43 51 43
80 20 91 20
113 47 124 47
152 47 154 50
176 38 179 40
159 15 170 15
12 8 23 8
35 3 46 3
146 43 157 43
47 2 58 2
34 42 44 42
113 42 123 42
82 31 92 31
120 51 130 51
156 44 166 44
100 58 110 58
135 39 144 39
155 48 164 48
55 33 63 33
103 43 111 43
116 14 124 14
76 56 77 59
178 18 179 21
67 16 68 19
94 56 101 56
106 26 109 27
145 17 152 17
152 52 159 52
37 25 40 26
127 17 130 18
143 51 144 54
2 49 8 49
56 25 62 25
103 8 109 8
60 52 66 52
5 52 7 53
14 10 16 11
30 7 35 7
60 12 65 12
67 31 69 32
76 40 77 42
83 25 88 25
93 59 98 59
120 43 125 43
122 34 124 35
129 8 134 8
50 27 55 27
166 10 171 10
68 39 72 39
69 35 73 35
95 26 99 26
135 19 139 19
144 47 148 47
149 2 153 2
15 53 19 53
0 7 3 7
42 0 45 0
44 47 45 48
45 34 48 34
72 19 75 19
145 57 146 58
155 32 158 32
60 36 63 36
127 25 129 25
