725
0 0 0 11
1 0 1 11
2 0 2 11
3 0 3 11
4 0 5 5
6 0 9 2
10 0 10 11
11 0 22 0
23 0 23 11
24 0 24 11
25 0 25 11
26 0 27 5
28 0 31 2
32 0 33 5
34 0 35 5
36 0 36 11
37 0 37 11
38 0 39 5
40 0 40 11
41 0 43 3
44 0 44 11
45 0 45 11
46 0 46 11
47 0 47 11
48 0 48 11
49 0 49 11
50 0 50 11
51 0 51 11
52 0 52 11
53 0 53 11
54 0 55 5
56 0 56 11
57 0 57 11
58 0 58 11
59 0 59 11
60 0 71 0
72 0 73 5
74 0 74 11
75 0 75 11
76 0 76 11
77 0 79 3
80 0 82 3
85 0 85 11
86 0 89 2
90 0 92 3
93 0 93 11
94 0 94 11
95 0 97 3
98 0 101 2
102 0 103 5
104 0 104 11
105 0 105 11
106 0 106 11
107 0 107 11
108 0 108 11
109 0 110 5
111 0 114 2
115 0 116 5
117 0 117 11
118 0 129 0
130 0 131 5
132 0 133 5
134 0 135 5
136 0 141 1
142 0 142 11
143 0 143 11
144 0 144 11
145 0 145 11
146 0 146 11
147 0 147 11
148 0 149 5
150 0 152 3
154 0 154 11
157 0 157 11
159 0 159 11
160 0 160 11
161 0 162 5
163 0 163 11
164 0 164 11
165 0 165 11
166 0 166 11
167 0 167 11
168 0 168 11
169 0 169 11
170 0 175 1
176 0 176 11
178 0 178 11
11 1 22 1
60 1 71 1
119 1 119 12
121 1 121 12
122 1 122 12
124 1 124 12
125 1 125 12
126 1 127 6
15 2 16 7
17 2 17 13
18 2 18 13
19 2 19 13
20 2 22 5
60 2 71 2
137 2 137 13
138 2 138 13
139 2 141 5
170 2 172 5
173 2 173 13
174 2 174 13
175 2 175 13
6 3 7 8
8 3 8 14
9 3 9 14
11 3 12 8
28 3 29 8
30 3 30 14
31 3 31 14
60 3 71 3
86 3 87 8
88 3 89 8
99 3 101 6
112 3 112 14
113 3 114 8
123 3 123 14
129 3 129 14
41 4 41 15
42 4 43 9
60 4 65 5
66 4 66 15
67 4 67 15
69 4 69 15
70 4 70 15
78 4 78 15
79 4 79 15
82 4 82 15
91 4 91 15
92 4 92 15
95 4 95 15
96 4 96 15
97 4 98 9
120 4 120 15
158 4 158 15
177 4 177 15
118 5 118 16
4 6 4 17
5 6 5 17
20 6 20 17
21 6 21 17
22 6 22 17
32 6 32 17
33 6 33 17
34 6 34 17
38 6 39 11
55 6 55 17
60 6 65 7
68 6 68 17
73 6 73 17
102 6 103 11
109 6 111 9
115 6 115 17
116 6 116 17
131 6 131 17
133 6 133 17
135 6 135 17
139 6 139 17
140 6 141 11
148 6 148 17
149 6 149 17
155 6 155 17
170 6 171 11
13 7 14 12
71 7 71 18
99 7 99 18
100 7 100 18
101 7 101 18
126 7 127 12
128 7 128 18
15 8 16 13
60 8 61 13
62 8 62 19
77 8 77 19
153 8 153 19
172 8 172 19
7 9 7 20
28 9 28 20
35 9 35 20
63 9 65 12
86 9 87 14
89 9 89 20
90 9 90 20
114 9 114 20
151 9 151 20
152 9 152 20
11 10 11 21
42 10 42 21
43 10 43 21
54 10 54 21
27 11 27 22
80 11 80 22
134 11 134 22
162 11 162 22
0 12 0 23
2 12 2 23
3 12 3 23
10 12 10 23
23 12 23 23
26 12 26 23
36 12 36 23
37 12 37 23
40 12 40 23
44 12 46 15
47 12 47 23
48 12 49 17
50 12 50 23
52 12 52 23
56 12 58 15
74 12 74 23
75 12 75 23
85 12 85 23
93 12 93 23
94 12 94 23
98 12 98 23
102 12 102 23
106 12 106 23
107 12 108 17
117 12 117 23
141 12 141 23
143 12 143 23
144 12 144 23
145 12 145 23
146 12 146 23
147 12 147 23
159 12 159 23
160 12 160 23
163 12 163 23
164 12 165 17
166 12 166 23
167 12 167 23
168 12 168 23
176 12 176 23
29 13 29 24
81 13 81 24
119 13 119 24
121 13 122 18
124 13 125 18
126 13 127 18
169 13 169 24
14 14 17 16
39 14 39 25
61 14 61 25
64 14 64 25
109 14 109 25
130 14 130 25
136 14 136 25
137 14 138 19
154 14 154 25
175 14 175 25
178 14 178 25
179 14 179 25
8 15 8 26
30 15 31 20
86 15 86 26
110 15 112 18
129 15 129 26
142 15 142 26
173 15 174 20
24 16 25 21
41 16 41 27
44 16 44 27
45 16 46 21
53 16 53 27
56 16 57 21
58 16 58 27
60 16 60 27
70 16 70 27
78 16 78 27
82 16 82 27
91 16 91 27
92 16 92 27
95 16 95 27
96 16 96 27
97 16 97 27
156 16 158 19
177 16 177 27
1 17 1 28
12 17 17 18
19 17 19 28
66 17 66 28
87 17 87 28
88 17 88 28
105 17 105 28
118 17 118 28
170 17 170 28
20 18 20 29
32 18 33 23
48 18 48 29
51 18 51 29
55 18 55 29
67 18 68 23
83 18 83 29
108 18 108 29
113 18 113 29
115 18 115 29
131 18 133 21
139 18 139 29
140 18 140 29
148 18 148 29
149 18 149 29
155 18 155 29
15 19 17 22
21 19 21 30
71 19 71 30
79 19 79 30
99 19 99 30
100 19 100 30
101 19 101 30
110 19 110 30
111 19 111 30
120 19 123 21
124 19 124 30
125 19 126 24
127 19 127 30
135 19 135 30
150 19 150 30
165 19 165 30
49 20 49 31
62 20 63 25
77 20 77 31
14 21 14 32
31 21 31 32
35 21 35 32
69 21 69 32
89 21 89 32
90 21 90 32
151 21 151 32
156 21 156 32
171 21 171 32
11 22 11 33
42 22 42 33
46 22 46 33
54 22 54 33
56 22 56 33
57 22 57 33
112 22 112 33
122 22 122 33
128 22 128 33
4 23 4 34
15 23 15 34
18 23 18 34
27 23 28 28
114 23 114 34
120 23 121 28
157 23 157 34
173 23 174 28
2 24 2 35
9 24 10 29
13 24 13 35
16 24 16 35
17 24 17 35
23 24 23 35
24 24 26 27
36 24 37 29
40 24 40 35
45 24 45 35
47 24 47 35
50 24 50 35
59 24 59 35
73 24 73 35
74 24 74 35
85 24 85 35
94 24 94 35
98 24 98 35
102 24 102 35
103 24 103 35
117 24 117 35
133 24 133 35
143 24 143 35
145 24 146 29
147 24 147 35
158 24 158 35
159 24 159 35
160 24 160 35
162 24 163 29
166 24 168 27
176 24 176 35
29 25 30 30
52 25 52 36
80 25 80 36
81 25 81 36
125 25 125 36
169 25 169 36
34 26 34 37
38 26 39 31
61 26 61 37
62 26 62 37
63 26 63 37
64 26 64 37
75 26 75 37
84 26 84 37
123 26 123 37
130 26 130 37
141 26 141 37
175 26 175 37
179 26 179 37
8 27 8 38
65 27 65 38
93 27 93 38
107 27 107 38
129 27 129 38
144 27 144 38
153 27 154 32
41 28 41 39
58 28 58 39
60 28 60 39
68 28 68 39
70 28 70 39
72 28 72 39
78 28 78 39
82 28 82 39
92 28 92 39
95 28 95 39
97 28 97 39
134 28 134 39
152 28 152 39
166 28 166 39
167 28 167 39
168 28 168 39
0 29 1 34
19 29 19 40
66 29 66 40
88 29 88 40
105 29 105 40
137 29 137 40
142 29 142 40
172 29 172 40
5 30 5 41
9 30 10 35
20 30 20 41
26 30 26 41
32 30 32 41
36 30 37 35
44 30 44 41
48 30 48 41
55 30 55 41
83 30 83 41
113 30 113 41
118 30 118 41
139 30 139 41
145 30 145 41
146 30 146 41
148 30 148 41
155 30 155 41
161 30 163 33
170 30 170 41
79 31 79 42
99 31 99 42
100 31 101 36
110 31 111 36
120 31 120 42
124 31 124 42
127 31 127 42
135 31 135 42
150 31 150 42
178 31 178 42
25 32 25 43
27 32 27 43
38 32 39 37
49 32 49 43
77 32 77 43
121 32 121 43
149 32 149 43
165 32 165 43
14 33 14 44
29 33 30 38
31 33 31 44
35 33 35 44
69 33 69 44
71 33 71 44
89 33 89 44
104 33 104 44
138 33 138 44
151 33 151 44
6 34 6 45
7 34 7 45
42 34 42 45
46 34 46 45
56 34 56 45
57 34 57 45
112 34 112 45
128 34 128 45
131 34 131 45
153 34 153 45
156 34 156 45
161 34 161 45
0 35 0 46
3 35 4 40
114 35 114 46
122 35 122 46
171 35 171 46
174 35 174 46
1 36 2 41
9 36 12 38
16 36 16 47
17 36 17 47
22 36 23 41
36 36 37 41
40 36 40 47
45 36 45 47
47 36 47 47
50 36 50 47
73 36 73 47
74 36 74 47
85 36 85 47
90 36 91 41
94 36 94 47
109 36 109 47
115 36 117 39
132 36 133 41
154 36 154 47
158 36 158 47
159 36 159 47
162 36 163 41
176 36 176 47
52 37 52 48
76 37 76 48
81 37 81 48
100 37 101 42
110 37 110 48
111 37 111 48
125 37 125 48
143 37 143 48
169 37 169 48
38 38 39 43
43 38 43 49
61 38 61 49
67 38 67 49
75 38 75 49
84 38 84 49
123 38 123 49
140 38 141 43
175 38 175 49
8 39 8 50
9 39 9 50
10 39 11 44
30 39 30 50
62 39 65 41
93 39 93 50
106 39 107 44
108 39 108 50
129 39 129 50
130 39 130 50
144 39 144 50
12 40 12 51
33 40 33 51
58 40 58 51
72 40 72 51
78 40 78 51
82 40 82 51
92 40 92 51
95 40 97 43
116 40 116 51
126 40 126 51
136 40 136 51
152 40 152 51
166 40 167 45
3 41 3 52
4 41 4 52
18 41 19 46
66 41 66 52
105 41 105 52
134 41 134 52
137 41 137 52
142 41 142 52
157 41 157 52
172 41 172 52
173 41 173 52
1 42 2 47
5 42 5 53
22 42 22 53
32 42 32 53
44 42 44 53
48 42 48 53
62 42 63 47
65 42 65 53
80 42 80 53
83 42 83 53
86 42 87 47
117 42 118 47
145 42 145 53
146 42 146 53
147 42 148 47
155 42 155 53
170 42 170 53
21 43 21 54
53 43 53 54
79 43 79 54
99 43 99 54
101 43 101 54
115 43 115 54
120 43 120 54
124 43 124 54
150 43 150 54
177 43 177 54
178 43 178 54
25 44 25 55
28 44 28 55
36 44 36 55
37 44 39 47
49 44 49 55
77 44 77 55
95 44 97 47
103 44 103 55
113 44 113 55
119 44 119 55
121 44 121 55
139 44 141 47
149 44 149 55
160 44 160 55
10 45 10 56
11 45 11 56
13 45 15 48
31 45 31 56
35 45 35 56
68 45 71 47
100 45 100 56
104 45 104 56
138 45 138 56
162 45 163 50
164 45 164 56
6 46 6 57
7 46 7 57
41 46 42 51
46 46 46 57
55 46 57 49
102 46 102 57
112 46 112 57
127 46 128 51
131 46 131 57
153 46 153 57
166 46 166 57
0 47 0 58
18 47 18 58
29 47 29 58
91 47 91 58
114 47 114 58
122 47 122 58
161 47 161 58
179 47 179 58
1 48 2 53
16 48 16 59
19 48 19 59
37 48 38 53
40 48 40 59
45 48 45 59
62 48 62 59
63 48 64 53
70 48 71 53
74 48 74 59
86 48 86 59
87 48 87 59
94 48 94 59
95 48 96 53
97 48 97 59
109 48 109 59
117 48 118 53
140 48 141 53
147 48 147 59
154 48 154 59
158 48 158 59
159 48 159 59
165 48 165 59
176 48 176 59
50 49 52 52
110 49 111 54
167 49 169 52
76 49 76 59
54 50 56 53
67 50 68 55
88 50 89 55
174 50 175 55
75 50 75 59
123 50 123 59
8 51 9 56
143 51 144 56
12 52 13 57
14 52 15 57
33 52 34 57
41 52 42 57
84 52 85 57
92 52 93 57
125 52 126 57
127 52 128 57
129 52 130 57
135 52 136 57
151 52 152 57
3 53 4 58
50 53 52 56
105 53 106 58
132 53 134 56
156 53 157 58
167 53 169 56
142 53 142 59
1 54 2 59
22 54 23 59
54 54 55 59
56 54 58 57
63 54 65 57
69 54 71 57
107 54 108 59
139 54 141 57
145 54 146 59
78 55 83 56
20 55 21 59
98 55 99 59
110 55 111 59
101 55 101 59
24 56 27 58
66 56 68 59
117 56 120 58
8 57 11 59
30 57 32 59
162 57 164 59
100 57 100 59
125 58 130 59
133 58 138 59
102 58 104 59
112 58 113 59
