787
0 1 2 4
0 6 11 6
0 8 11 8
0 9 5 10
0 11 1 16
0 17 5 18
0 19 5 20
0 21 11 21
0 22 0 33
0 34 2 37
0 38 5 39
0 40 11 40
0 41 3 43
0 44 11 44
0 45 1 50
0 51 1 56
0 57 3 59
1 23 6 24
1 25 12 25
1 26 4 28
1 29 4 31
2 11 13 11
2 12 4 15
2 45 5 47
2 50 5 52
3 1 5 4
3 16 14 16
3 32 4 37
3 48 14 48
3 54 14 54
4 7 15 7
4 41 15 41
4 42 9 43
4 56 9 57
5 5 16 5
5 13 16 13
5 22 16 22
5 26 8 28
5 31 6 36
5 37 16 37
6 0 9 2
6 9 17 9
6 10 17 10
6 12 17 12
6 18 11 19
6 29 17 29
6 38 17 38
6 46 11 47
6 49 8 52
6 58 17 58
7 24 18 24
7 32 10 34
7 55 18 55
8 31 19 31
8 35 13 36
9 23 20 23
9 26 14 27
9 28 20 28
9 49 14 50
9 51 20 51
9 52 20 52
10 0 12 3
10 42 21 42
10 43 21 43
10 45 21 45
10 57 21 57
11 32 14 34
12 4 23 4
12 17 17 18
12 19 23 19
12 21 23 21
12 30 23 30
12 40 23 40
12 44 23 44
12 47 23 47
13 0 24 0
13 6 24 6
13 25 24 25
14 1 19 2
14 20 25 20
14 36 25 36
14 46 25 46
15 32 20 33
15 34 26 34
15 54 26 54
16 41 27 41
17 14 20 16
17 37 28 37
17 49 22 50
18 7 29 7
18 10 29 10
18 11 21 13
18 17 23 18
18 35 29 35
18 58 29 58
19 9 30 9
19 55 30 55
19 59 30 59
20 2 25 3
20 39 31 39
20 48 31 48
20 53 31 53
21 15 32 15
21 23 26 24
21 52 32 52
22 11 33 11
22 22 33 22
22 42 27 43
23 12 28 13
23 28 34 28
23 49 26 51
24 8 35 8
24 18 35 18
24 19 35 19
24 26 35 26
25 0 36 0
25 21 36 21
25 25 36 25
25 33 36 33
25 56 36 56
26 1 31 2
26 3 29 5
26 20 37 20
26 29 31 30
26 36 37 36
27 16 32 17
27 23 32 24
27 38 38 38
27 49 30 51
27 54 38 54
28 32 39 32
28 41 33 42
28 43 39 43
28 57 39 57
29 6 40 6
29 27 40 27
29 47 40 47
30 3 41 3
30 12 35 13
31 40 42 40
31 49 34 51
31 55 42 55
31 58 36 59
32 4 37 5
32 14 43 14
32 48 43 48
33 1 44 1
33 17 44 17
33 52 38 53
34 9 37 11
34 22 37 24
34 29 45 29
34 34 39 35
34 41 45 41
35 2 46 2
35 16 46 16
36 12 41 13
36 18 41 19
36 30 47 30
36 45 47 45
36 49 39 51
37 7 48 7
37 33 48 33
37 44 48 44
37 46 48 46
38 8 41 10
38 15 49 15
38 20 49 20
38 21 41 23
38 24 49 24
39 37 42 39
39 52 44 53
40 34 43 36
40 49 51 49
40 56 42 59
41 4 52 4
41 25 43 28
41 54 52 54
42 21 47 22
42 23 53 23
43 19 54 19
43 31 54 31
43 32 54 32
43 38 48 39
43 55 45 58
44 8 47 10
44 11 46 14
44 25 55 25
44 26 49 27
45 35 56 35
45 42 56 42
45 50 47 53
46 0 57 0
46 28 51 29
46 36 51 37
46 40 51 41
46 47 51 48
46 57 57 57
47 3 58 3
47 55 58 55
48 1 59 1
48 8 51 10
48 16 51 18
48 50 51 52
49 5 54 6
49 21 54 22
49 33 54 34
49 44 54 45
49 46 60 46
51 13 56 14
51 20 62 20
51 24 62 24
51 26 62 26
51 38 56 39
52 7 53 12
52 15 54 18
52 28 55 30
52 36 57 37
52 40 57 41
52 43 63 43
52 47 63 47
52 48 53 53
53 4 64 4
54 8 57 10
54 11 59 12
54 49 56 52
55 5 66 5
55 16 60 17
55 18 60 19
55 31 66 31
55 32 66 32
55 34 66 34
55 45 66 45
56 27 58 30
56 56 67 56
57 35 68 35
57 42 68 42
57 44 68 44
57 48 59 51
58 13 63 14
58 21 63 22
58 36 59 41
58 54 69 54
59 2 70 2
59 3 70 3
59 6 64 7
59 8 70 8
59 9 64 10
59 27 62 29
59 52 64 53
60 0 71 0
60 1 71 1
60 37 62 40
60 41 71 41
60 50 65 51
60 55 71 55
60 59 71 59
61 15 72 15
61 16 63 19
62 11 73 11
62 46 73 46
62 57 67 58
63 23 64 28
63 29 68 30
63 37 66 39
63 40 74 40
64 16 65 21
64 33 75 33
64 36 75 36
64 43 75 43
65 6 70 7
65 9 70 10
65 25 70 26
65 27 70 28
65 48 76 48
66 12 71 13
66 20 68 23
66 49 77 49
66 50 77 50
66 51 71 52
67 4 72 5
68 57 79 57
69 14 80 14
69 16 72 18
69 20 80 20
69 29 74 30
69 34 80 34
69 37 74 38
70 22 81 22
70 23 75 24
70 31 75 32
70 53 75 54
71 2 76 3
71 7 76 8
71 9 82 9
71 10 82 10
71 25 76 26
71 47 82 47
72 0 83 0
72 6 83 6
72 44 83 44
72 51 77 52
72 55 83 55
72 59 83 59
73 4 84 4
73 15 78 16
73 17 78 18
73 27 78 28
73 41 78 42
74 12 85 12
74 21 85 21
74 35 85 35
75 11 86 11
75 29 80 30
75 45 80 46
76 19 87 19
76 24 87 24
76 31 81 32
76 36 78 39
76 43 87 43
76 54 87 54
77 8 88 8
77 13 88 13
77 25 82 26
78 1 81 3
78 48 79 53
79 15 81 18
79 33 90 33
79 56 90 56
80 36 81 41
80 50 82 53
80 57 91 57
81 23 92 23
81 28 86 29
81 30 92 30
81 34 92 34
81 45 86 46
82 1 93 1
82 2 87 3
82 14 93 14
82 16 87 17
82 36 84 39
82 41 87 42
83 9 94 9
83 26 94 26
83 47 88 48
83 50 85 53
84 5 87 7
84 15 95 15
84 32 95 32
84 55 95 55
84 59 95 59
85 36 88 38
85 39 90 40
86 22 97 22
86 53 97 53
87 10 90 12
87 35 98 35
87 46 98 46
87 50 92 51
88 2 99 2
88 6 99 6
88 18 93 19
88 20 93 21
88 27 93 28
88 41 93 42
88 43 99 43
88 49 99 49
88 58 99 58
89 3 94 4
89 13 100 13
89 25 100 25
89 29 100 29
89 54 100 54
90 37 95 38
90 44 95 45
90 52 101 52
91 7 96 8
91 17 102 17
91 39 96 40
91 47 96 48
92 10 97 11
92 24 103 24
92 56 97 57
93 23 104 23
93 31 104 31
93 50 98 51
94 1 105 1
94 16 105 16
94 18 96 21
94 27 99 28
94 36 105 36
94 41 105 41
95 4 106 4
95 9 106 9
95 33 100 34
95 42 106 42
97 7 102 8
97 18 102 19
97 21 108 21
97 30 108 30
97 39 102 40
97 44 108 44
98 10 103 11
98 20 109 20
98 22 109 22
98 37 103 38
99 46 110 46
99 48 110 48
99 50 104 51
99 55 110 55
99 59 110 59
100 2 111 2
100 26 105 27
100 35 111 35
100 49 111 49
101 5 106 6
101 12 103 15
101 28 106 29
101 32 112 32
101 33 112 33
101 47 112 47
101 53 106 54
102 34 113 34
102 52 113 52
102 56 113 56
102 57 113 57
103 17 114 17
103 19 114 19
103 25 114 25
104 13 115 13
104 37 109 38
105 3 116 3
105 7 116 7
105 50 110 51
106 11 117 11
106 12 117 12
106 15 111 16
106 31 117 31
107 4 118 4
107 5 112 6
107 28 118 28
107 29 118 29
107 39 109 42
107 53 118 53
108 0 119 0
108 18 119 18
108 23 119 23
109 21 120 21
109 44 114 45
110 8 113 10
110 14 121 14
110 26 121 26
110 36 113 38
110 39 121 39
111 27 122 27
111 42 116 43
111 48 122 48
111 51 122 51
111 59 122 59
112 1 117 2
112 15 117 16
112 46 123 46
112 49 123 49
112 54 117 55
113 5 124 5
113 6 124 6
114 8 117 10
114 33 117 35
114 37 125 37
114 41 125 41
114 56 117 58
115 17 126 17
115 19 126 19
115 25 126 25
115 44 120 45
116 13 127 13
116 38 127 38
116 52 127 52
117 32 128 32
117 40 128 40
118 7 119 12
118 15 129 15
118 20 129 20
118 33 129 33
118 34 121 36
118 54 121 56
119 1 122 3
119 30 130 30
119 50 130 50
120 7 123 9
120 10 131 10
120 11 125 12
120 31 131 31
121 21 132 21
121 28 126 29
121 43 124 45
121 57 126 58
122 26 133 26
122 36 133 36
122 53 127 54
122 55 127 56
123 2 134 2
123 39 134 39
124 1 135 1
124 42 135 42
124 48 135 48
124 59 135 59
125 3 126 8
125 14 136 14
125 34 130 35
125 44 130 45
125 47 136 47
126 11 131 12
126 23 131 24
126 37 137 37
126 43 137 43
126 46 137 46
127 3 128 8
127 16 138 16
127 19 138 19
127 27 130 29
127 41 138 41
128 0 139 0
128 38 139 38
128 51 133 52
128 53 130 56
128 57 133 58
129 3 132 5
129 7 134 8
129 40 140 40
130 9 141 9
130 13 141 13
130 15 141 15
130 20 141 20
130 25 141 25
131 18 142 18
131 28 136 29
131 34 136 35
131 53 134 55
132 10 137 11
132 12 143 12
132 22 143 22
132 27 143 27
132 30 135 32
133 3 135 6
133 17 144 17
133 50 144 50
134 56 139 57
135 7 140 8
135 23 146 23
135 33 146 33
135 44 140 45
135 52 140 53
135 54 146 54
135 58 146 58
136 1 147 1
136 2 147 2
136 4 139 6
136 48 147 48
136 55 147 55
137 28 142 29
137 30 142 31
137 34 142 35
137 59 148 59
138 10 143 11
138 46 149 46
139 16 150 16
139 36 144 37
139 41 142 43
140 14 151 14
140 19 151 19
140 21 151 21
141 0 152 0
141 7 152 7
141 40 152 40
141 44 152 44
141 56 152 56
142 4 145 6
142 8 147 9
142 15 153 15
142 25 147 26
143 18 154 18
143 28 148 29
143 30 146 32
143 34 154 34
143 35 154 35
144 10 147 12
144 22 155 22
144 27 155 27
145 3 156 3
145 36 147 39
145 41 156 41
146 4 149 6
146 49 149 51
146 52 151 53
147 31 150 33
147 57 152 58
148 2 159 2
148 8 159 8
148 9 159 9
148 23 151 25
148 38 153 39
148 42 159 42
149 10 160 10
149 28 160 28
149 29 154 30
150 1 161 1
150 6 161 6
150 11 155 12
150 20 161 20
150 45 151 50
151 5 162 5
151 33 162 33
151 55 162 55
152 19 163 19
152 24 157 25
152 31 163 31
152 37 163 37
152 46 154 49
152 51 154 54
153 4 164 4
153 45 164 45
153 56 164 56
153 57 156 59
154 7 165 7
154 14 159 15
155 23 166 23
155 29 166 29
155 34 158 36
155 49 166 49
155 50 160 51
155 53 160 54
156 11 161 12
156 17 167 17
156 22 167 22
156 26 161 27
156 40 167 40
156 47 167 47
157 57 162 58
158 13 169 13
158 16 169 16
158 41 169 41
159 24 164 25
159 34 170 34
159 35 170 35
159 43 170 43
159 46 170 46
159 59 170 59
160 2 165 3
160 8 171 8
160 14 171 14
160 52 171 52
161 38 166 39
161 50 166 51
161 54 172 54
162 0 167 1
162 9 164 12
162 20 167 21
162 27 167 28
162 36 173 36
163 5 174 5
163 33 174 33
164 30 167 32
164 57 169 58
165 9 168 11
165 12 176 12
165 24 168 26
165 45 176 45
165 48 176 48
165 56 176 56
167 2 178 2
167 23 178 23
167 37 178 37
167 44 178 44
167 49 178 49
167 50 178 50
168 1 179 1
168 3 173 4
168 18 173 19
168 22 179 22
168 27 170 30
168 31 173 32
168 38 171 40
168 47 179 47
168 55 179 55
170 41 175 42
171 15 176 16
171 26 173 29
171 57 176 58
172 8 177 9
172 52 177 53
173 24 178 25
174 18 177 20
174 26 175 31
174 34 177 36
175 4 177 7
176 27 177 32
176 41 179 43
177 10 178 15
177 56 179 59
178 16 179 21
178 27 179 32
2 53 13 53
4 59 15 59
12 56 23 56
41 5 46 6
137 47 148 47
153 43 158 44
167 51 178 51
170 10 175 11
172 38 175 40
40 43 51 43
66 16 68 19
113 47 124 47
176 38 179 40
134 51 145 51
151 32 162 32
12 8 23 8
102 58 113 58
47 2 58 2
21 14 31 14
100 43 110 43
34 42 44 42
68 56 78 56
120 18 130 18
82 31 92 31
145 17 155 17
160 15 170 15
95 3 104 3
135 39 144 39
29 37 38 37
143 42 147 43
155 48 164 48
141 52 145 53
17 5 25 5
136 3 144 3
141 45 149 45
166 7 174 7
55 33 63 33
37 0 45 0
67 39 75 39
131 44 134 45
67 45 74 45
106 26 109 27
110 20 117 20
117 42 120 43
142 20 149 20
37 25 40 26
98 56 101 57
159 44 166 44
56 25 62 25
69 19 75 19
79 36 79 42
103 8 109 8
173 54 179 54
30 7 36 7
81 20 87 20
140 57 146 57
38 4 40 5
60 12 65 12
67 31 69 32
83 25 88 25
122 34 124 35
124 9 129 9
127 17 132 17
148 54 150 55
14 53 19 53
50 27 55 27
84 44 89 44
88 16 90 17
44 34 48 34
69 35 73 35
95 26 99 26
123 51 127 51
148 43 152 43
155 52 159 52
2 55 6 55
42 3 46 3
0 7 3 7
6 45 9 45
14 11 17 11
30 4 31 5
44 47 45 48
60 36 63 36
122 14 124 14
127 25 129 25
