785
0 1 3 3
0 4 11 4
0 6 11 6
0 8 11 8
0 9 11 9
0 11 1 16
0 17 2 20
0 21 0 32
0 33 2 36
0 37 3 39
0 40 11 40
0 41 3 43
0 44 11 44
0 45 1 50
0 51 1 56
0 57 3 59
1 10 12 10
1 21 12 21
1 23 6 24
1 25 12 25
1 26 4 28
1 29 4 31
2 11 13 11
2 12 4 15
2 45 5 47
2 50 4 53
3 16 14 16
3 17 5 20
3 32 5 35
3 48 14 48
3 54 14 54
4 1 9 2
4 7 15 7
4 36 9 37
4 38 15 38
4 41 15 41
4 42 9 43
4 56 9 57
5 5 16 5
5 13 16 13
5 22 16 22
5 26 8 28
5 49 8 51
6 0 17 0
6 12 17 12
6 18 11 19
6 29 17 29
6 32 17 32
6 33 17 33
6 34 17 34
6 46 11 47
6 58 17 58
7 24 18 24
7 55 18 55
8 31 19 31
8 52 19 52
9 23 20 23
9 26 20 26
9 27 14 28
9 49 14 50
9 51 20 51
10 42 21 42
10 43 21 43
10 45 21 45
10 57 21 57
11 35 16 36
12 4 23 4
12 9 23 9
12 17 17 18
12 19 23 19
12 30 23 30
12 40 23 40
12 44 23 44
12 47 23 47
13 6 24 6
13 21 24 21
13 25 24 25
13 37 24 37
14 1 19 2
14 20 25 20
14 46 25 46
15 54 26 54
16 28 27 28
16 41 27 41
17 10 28 10
17 14 22 15
17 49 22 50
18 0 29 0
18 7 29 7
18 11 21 13
18 17 23 18
18 32 21 34
18 35 29 35
18 58 29 58
19 36 30 36
19 55 30 55
19 59 30 59
20 2 25 3
20 39 31 39
20 48 31 48
20 52 31 52
20 53 31 53
21 23 26 24
22 11 33 11
22 22 33 22
22 42 27 43
23 12 28 13
23 15 28 16
23 31 25 34
23 49 26 51
24 8 35 8
24 9 35 9
24 18 35 18
24 19 35 19
24 26 35 26
25 21 36 21
25 25 36 25
25 56 36 56
26 1 31 2
26 3 28 6
26 20 37 20
26 29 31 30
26 37 31 38
27 23 32 24
27 49 30 51
27 54 38 54
28 28 39 28
28 32 39 32
28 41 33 42
28 43 39 43
28 57 39 57
29 3 34 4
29 6 40 6
29 12 31 15
29 16 34 17
29 27 40 27
29 47 40 47
31 33 36 34
31 40 42 40
31 49 34 51
31 55 42 55
31 58 36 59
32 12 34 15
32 38 43 38
32 48 43 48
33 1 44 1
33 35 36 37
33 52 38 53
34 22 37 24
34 29 45 29
34 41 45 41
35 2 46 2
35 10 36 15
35 16 46 16
36 4 47 4
36 7 39 9
36 17 41 18
36 30 47 30
36 45 47 45
36 49 47 49
37 10 39 13
37 14 42 15
37 33 48 33
37 34 40 36
37 44 48 44
37 46 48 46
38 19 41 21
38 22 43 23
38 24 49 24
39 52 44 53
40 7 42 10
40 37 51 37
40 56 42 59
41 25 43 28
41 34 44 36
41 54 52 54
42 17 44 20
43 5 44 10
43 13 48 14
43 15 54 15
43 31 54 31
43 32 54 32
43 39 54 39
43 55 46 57
43 58 54 58
44 11 55 11
44 21 49 22
44 25 55 25
44 26 49 27
45 6 48 8
45 9 56 9
45 17 48 19
45 20 56 20
45 35 56 35
45 38 56 38
45 42 56 42
45 50 47 53
46 0 57 0
46 28 51 29
46 40 51 41
46 47 51 48
47 3 58 3
47 55 58 55
47 57 58 57
48 1 59 1
48 49 53 50
48 51 53 52
49 5 54 6
49 16 51 19
49 33 54 34
49 44 54 45
49 46 60 46
50 4 61 4
50 21 55 22
50 23 55 24
51 10 62 10
51 13 56 14
51 26 62 26
52 17 63 17
52 18 57 19
52 28 55 30
52 36 57 37
52 40 57 41
52 43 63 43
52 47 63 47
53 53 58 54
54 12 65 12
54 16 65 16
54 49 56 52
55 5 66 5
55 31 66 31
55 32 66 32
55 34 66 34
55 45 66 45
56 23 61 24
56 27 67 27
56 28 59 30
56 56 67 56
57 6 59 9
57 20 60 22
57 35 68 35
57 42 68 42
57 44 68 44
57 48 59 51
58 13 63 14
58 18 63 19
58 36 59 41
59 2 70 2
59 3 70 3
59 11 70 11
59 52 64 53
59 54 64 55
60 0 71 0
60 1 71 1
60 8 71 8
60 28 71 28
60 37 62 40
60 41 71 41
60 50 65 51
60 59 71 59
61 15 72 15
61 21 66 22
61 29 72 29
62 46 73 46
62 57 67 58
63 7 74 7
63 9 68 10
63 24 66 26
63 37 68 38
63 40 74 40
64 6 75 6
64 17 67 19
64 20 75 20
64 33 75 33
64 36 75 36
64 43 75 43
65 48 76 48
65 53 68 55
66 12 71 13
66 30 77 30
66 49 69 51
67 4 72 5
67 21 78 21
67 24 72 25
67 52 78 52
68 57 79 57
69 9 74 10
69 14 80 14
69 16 72 18
69 34 80 34
69 37 74 38
69 54 80 54
69 55 74 56
70 22 81 22
70 31 75 32
70 50 81 50
71 2 76 3
71 23 82 23
71 26 82 26
71 47 82 47
71 51 82 51
72 0 83 0
72 44 83 44
72 59 83 59
73 4 78 5
73 15 78 16
73 17 78 18
73 25 84 25
73 27 78 28
73 41 78 42
74 12 85 12
74 29 85 29
74 35 85 35
75 7 78 9
75 10 80 11
75 45 80 46
76 19 81 20
76 24 87 24
76 31 81 32
76 36 79 38
76 43 87 43
77 13 88 13
77 39 88 39
77 48 82 49
77 55 88 55
78 1 81 3
79 5 84 6
79 15 81 18
79 33 90 33
79 56 90 56
80 30 91 30
80 36 83 38
80 40 83 42
80 53 91 53
80 57 91 57
81 8 83 11
81 34 92 34
81 45 86 46
81 54 92 54
82 1 93 1
82 2 87 3
82 14 93 14
82 15 83 20
82 52 93 52
83 21 86 23
83 26 94 26
83 47 88 48
84 7 87 9
84 15 85 20
84 27 89 28
84 32 95 32
84 36 87 38
84 40 89 41
84 59 95 59
85 4 88 6
85 51 96 51
86 10 91 11
86 15 91 16
86 17 89 19
86 42 97 42
87 23 98 23
87 35 98 35
87 46 98 46
88 2 99 2
88 7 93 8
88 20 93 21
88 37 93 38
88 43 91 45
88 49 99 49
88 58 99 58
89 3 94 4
89 6 100 6
89 12 94 13
89 25 100 25
89 29 100 29
89 39 100 39
90 17 93 19
90 28 101 28
91 40 96 41
91 47 96 48
92 10 97 11
92 15 103 15
92 24 103 24
92 44 103 44
92 50 103 50
92 55 97 56
93 31 104 31
93 53 104 53
93 54 104 54
94 1 105 1
94 7 97 9
94 16 105 16
94 17 105 17
94 18 96 21
94 36 105 36
94 52 105 52
95 4 106 4
95 33 100 34
96 13 107 13
97 18 102 19
97 21 108 21
97 30 108 30
98 7 103 8
98 9 100 12
98 20 109 20
98 22 109 22
98 37 103 38
98 40 100 43
98 51 109 51
99 46 110 46
99 48 110 48
99 55 110 55
99 59 110 59
100 2 111 2
100 26 105 27
100 35 111 35
100 49 111 49
101 5 106 6
101 9 103 12
101 32 104 34
101 40 104 42
101 47 112 47
102 28 107 29
102 56 113 56
102 57 113 57
103 19 114 19
103 25 114 25
104 7 105 12
104 23 109 24
104 37 109 38
104 44 109 45
105 3 116 3
105 32 108 34
105 40 107 43
106 7 117 7
106 8 111 9
106 11 117 11
106 12 117 12
106 15 111 16
106 31 117 31
107 4 112 5
107 6 118 6
107 17 118 17
107 53 118 53
108 0 119 0
108 18 119 18
108 28 113 29
108 39 119 39
108 40 110 43
109 21 120 21
109 32 114 33
110 13 115 14
110 23 121 23
110 26 121 26
110 36 113 38
110 50 113 52
111 27 122 27
111 42 116 43
111 44 114 46
111 48 122 48
111 59 122 59
112 1 117 2
112 8 115 10
112 15 117 16
112 49 123 49
112 54 117 55
113 5 124 5
114 28 119 29
114 34 117 36
114 37 125 37
114 41 125 41
114 51 119 52
114 56 117 58
115 19 120 20
115 25 126 25
115 44 120 45
115 46 120 47
116 8 119 10
116 13 127 13
116 38 127 38
117 32 128 32
117 33 128 33
117 40 128 40
118 12 129 12
118 14 121 16
118 34 121 36
118 54 120 57
119 1 124 2
119 11 130 11
119 30 130 30
119 50 130 50
120 7 123 9
120 10 131 10
120 17 125 18
120 31 131 31
120 52 125 53
121 20 126 21
121 28 126 29
121 43 124 45
121 54 132 54
121 55 126 56
121 57 126 58
122 3 133 3
122 26 133 26
122 36 133 36
122 46 133 46
123 14 128 15
123 19 134 19
123 39 134 39
124 42 135 42
124 48 135 48
124 59 135 59
125 0 128 2
125 4 127 7
125 34 130 35
125 44 130 45
125 47 136 47
126 23 131 24
126 37 137 37
126 43 137 43
126 51 129 53
127 16 132 17
127 20 132 21
127 27 130 29
127 41 138 41
127 56 138 56
128 4 133 5
128 7 133 8
128 38 139 38
128 57 133 58
129 0 140 0
129 1 134 2
129 13 134 14
129 40 140 40
130 9 141 9
130 12 141 12
130 15 141 15
130 25 141 25
130 51 135 52
131 18 142 18
131 28 136 29
131 34 136 35
132 10 137 11
132 22 143 22
132 27 143 27
132 30 135 32
133 17 144 17
133 20 138 21
133 50 144 50
134 3 137 5
134 16 145 16
134 44 137 46
134 53 145 53
135 1 140 2
135 7 140 8
135 13 146 13
135 23 146 23
135 33 146 33
135 54 146 54
135 57 140 58
136 48 147 48
136 55 147 55
137 28 139 31
137 34 142 35
137 59 148 59
138 3 140 6
138 10 143 11
138 42 140 45
138 46 149 46
139 36 144 37
140 14 151 14
140 19 143 21
140 28 142 31
141 0 143 3
141 7 152 7
141 40 152 40
141 41 152 41
141 43 144 45
141 56 152 56
142 4 147 5
142 8 147 9
142 15 153 15
142 25 147 26
143 6 154 6
143 18 154 18
143 28 148 29
143 30 146 32
143 34 148 35
144 0 155 0
144 1 149 2
144 10 147 12
144 19 155 19
144 20 147 22
144 27 155 27
145 3 156 3
145 36 147 39
146 42 149 44
146 49 149 51
146 52 151 53
147 31 150 33
147 57 152 58
148 4 153 5
148 8 149 13
148 21 151 23
148 24 151 26
148 38 153 39
149 28 160 28
149 29 154 30
149 34 151 37
150 1 161 1
150 8 161 8
150 10 155 11
150 20 161 20
150 42 161 42
150 44 155 45
150 46 151 51
151 33 162 33
151 55 162 55
152 24 157 25
152 31 163 31
152 34 163 34
152 37 163 37
152 46 154 49
152 51 154 54
153 41 164 41
153 56 155 59
154 2 165 2
154 7 165 7
154 14 159 15
155 4 166 4
155 23 166 23
155 29 166 29
155 49 160 50
155 51 166 51
155 53 160 54
156 5 161 6
156 9 158 12
156 17 167 17
156 22 167 22
156 26 161 27
156 35 167 35
156 40 167 40
156 45 161 46
156 47 167 47
156 56 159 58
157 36 168 36
158 13 169 13
158 16 169 16
158 18 163 19
159 9 162 11
159 12 170 12
159 24 164 25
159 43 170 43
159 59 170 59
160 14 171 14
160 52 171 52
160 58 171 58
161 38 166 39
161 48 166 49
161 54 172 54
162 0 167 1
162 5 167 6
162 20 167 21
162 27 167 28
162 46 173 46
162 57 173 57
163 8 165 11
163 33 174 33
163 50 174 50
164 30 167 32
164 45 175 45
165 24 168 26
165 41 170 42
165 56 176 56
166 8 168 11
167 2 172 3
167 23 178 23
167 37 178 37
167 44 178 44
167 48 178 48
167 49 178 49
168 1 179 1
168 18 173 19
168 22 179 22
168 27 179 27
168 28 171 30
168 31 173 32
168 35 179 35
168 38 171 40
168 47 179 47
168 55 179 55
169 4 170 9
171 4 172 9
171 10 173 13
171 15 176 16
172 29 177 30
172 38 174 41
172 52 177 53
172 58 177 59
173 2 174 7
173 8 178 9
173 24 178 25
174 10 176 13
174 18 177 20
174 31 179 32
175 2 176 7
176 41 179 43
177 2 178 7
177 10 178 15
178 16 179 21
4 59 15 59
12 56 23 56
29 5 40 5
30 0 41 0
63 39 74 39
137 47 148 47
138 51 143 52
146 16 157 16
167 51 178 51
5 53 16 53
40 43 51 43
175 38 178 40
141 57 146 58
151 32 162 32
12 8 23 8
35 3 46 3
102 58 113 58
47 2 58 2
87 22 97 22
34 42 44 42
69 53 79 53
82 31 92 31
145 17 155 17
156 44 166 44
160 15 170 15
35 50 44 50
92 57 101 57
95 3 104 3
135 39 144 39
95 26 99 27
17 5 25 5
55 33 63 33
127 55 135 55
150 43 158 43
67 45 74 45
68 19 75 19
106 26 109 27
117 42 120 43
124 8 127 9
172 28 179 28
37 25 40 26
45 36 51 36
56 25 62 25
173 54 179 54
14 10 16 11
30 7 35 7
45 10 50 10
67 31 69 32
122 34 124 35
148 54 150 55
50 27 55 27
120 51 125 51
155 48 160 48
69 35 73 35
75 40 79 40
126 18 130 18
135 19 139 19
145 45 149 45
155 52 159 52
2 55 6 55
0 7 3 7
6 45 9 45
42 0 45 0
44 47 45 48
45 5 48 5
45 34 48 34
75 56 78 56
150 2 153 2
60 36 63 36
136 51 137 52
144 51 145 52
10 35 10 37
17 53 19 53
122 14 122 16
127 25 129 25
