774
0 1 1 6
0 8 11 8
0 9 11 9
0 11 1 16
0 17 2 20
0 21 0 32
0 33 0 44
0 45 1 50
0 51 1 56
0 57 3 59
1 10 12 10
1 21 12 21
1 23 6 24
1 25 12 25
1 26 4 28
1 29 4 31
1 32 4 34
1 35 12 35
1 36 12 36
1 37 4 39
1 40 3 43
2 1 4 4
2 11 13 11
2 12 4 15
2 44 5 46
2 47 7 48
2 50 4 53
3 5 6 7
3 16 14 16
3 17 5 20
3 54 14 54
4 41 15 41
4 42 9 43
4 56 9 57
5 1 10 2
5 13 16 13
5 22 16 22
5 26 8 28
5 31 7 34
5 37 10 38
5 49 8 51
6 0 17 0
6 12 17 12
6 18 17 18
6 19 17 19
6 29 17 29
6 58 17 58
7 5 18 5
7 7 18 7
7 24 18 24
7 44 10 46
7 55 18 55
8 31 19 31
8 32 19 32
8 34 19 34
8 47 13 48
8 52 19 52
9 23 20 23
9 26 14 27
9 28 20 28
9 49 14 50
9 51 20 51
10 42 21 42
10 43 21 43
10 57 21 57
11 33 22 33
11 37 16 38
11 40 22 40
11 44 14 46
12 4 23 4
12 9 23 9
12 30 23 30
13 6 24 6
13 21 24 21
13 25 24 25
13 36 24 36
14 1 19 2
14 20 25 20
14 47 25 47
15 14 17 17
15 44 26 44
15 45 26 45
15 54 26 54
16 41 27 41
17 10 28 10
17 37 28 37
17 49 22 50
18 0 29 0
18 11 20 14
18 15 29 15
18 17 23 18
18 19 29 19
18 35 29 35
18 58 29 58
19 55 30 55
19 59 30 59
20 2 25 3
20 39 31 39
20 48 31 48
20 52 31 52
20 53 31 53
21 11 32 11
21 12 24 14
21 23 26 24
22 7 27 8
22 22 33 22
22 42 27 43
23 28 34 28
23 31 25 34
23 49 26 51
24 9 35 9
24 18 35 18
24 26 35 26
25 21 36 21
25 25 36 25
25 36 36 36
25 56 36 56
26 1 31 2
26 3 28 6
26 13 31 14
26 20 37 20
26 29 31 30
27 16 32 17
27 23 32 24
27 38 38 38
27 49 30 51
27 54 38 54
28 32 39 32
28 41 33 42
28 43 39 43
28 57 39 57
29 3 31 6
29 27 40 27
29 47 40 47
30 19 41 19
31 33 36 34
31 40 42 40
31 49 34 51
31 55 42 55
31 58 36 59
32 0 34 3
32 4 34 7
32 12 34 15
32 48 43 48
33 17 44 17
33 52 38 53
34 22 37 24
34 29 45 29
34 35 45 35
34 41 39 42
35 1 46 1
35 2 46 2
35 4 37 7
35 10 40 11
35 12 38 14
35 16 46 16
36 30 47 30
36 45 47 45
36 49 39 51
37 8 42 9
37 18 48 18
37 33 48 33
37 44 48 44
37 46 48 46
38 5 41 7
38 15 49 15
38 20 43 21
38 22 43 23
38 24 49 24
39 12 42 14
39 37 42 39
39 52 42 54
40 41 43 43
40 49 51 49
40 56 42 59
41 4 52 4
41 10 52 10
41 25 43 28
42 7 53 7
43 13 48 14
43 19 54 19
43 31 54 31
43 32 54 32
43 36 45 39
43 50 45 53
43 54 54 54
43 55 45 58
44 11 55 11
44 20 46 23
44 25 55 25
44 26 49 27
44 40 47 42
45 9 56 9
46 0 57 0
46 28 51 29
46 36 51 37
46 38 51 39
46 47 51 48
46 50 48 53
46 57 57 57
47 3 58 3
47 20 50 22
47 34 52 35
47 55 58 55
48 1 59 1
48 40 53 41
49 5 54 6
49 16 60 16
49 42 54 43
49 44 54 45
49 46 60 46
49 50 54 51
49 52 54 53
50 17 61 17
50 23 55 24
51 13 56 14
51 20 56 21
51 26 62 26
52 28 55 30
52 36 57 37
52 47 63 47
53 4 64 4
54 10 65 10
54 12 65 12
54 40 59 41
55 5 60 6
55 18 60 19
55 31 66 31
55 32 66 32
55 34 66 34
55 43 60 44
55 45 66 45
55 48 56 53
56 23 61 24
56 27 58 30
56 42 67 42
56 56 67 56
57 20 62 21
57 35 68 35
57 48 59 51
58 13 63 14
58 38 63 39
58 54 69 54
59 2 70 2
59 3 70 3
59 8 70 8
59 11 70 11
59 27 62 29
59 52 64 53
60 0 71 0
60 1 71 1
60 40 71 40
60 41 71 41
60 50 65 51
60 55 71 55
60 59 71 59
61 5 64 7
61 15 72 15
61 18 66 19
61 44 72 44
62 17 73 17
62 37 73 37
62 43 73 43
62 46 73 46
62 57 67 58
63 21 65 24
63 25 68 26
63 28 68 29
64 20 75 20
64 33 75 33
64 36 75 36
65 4 68 6
65 7 76 7
65 9 76 9
65 38 70 39
65 48 76 48
66 10 77 10
66 12 71 13
66 30 77 30
66 49 77 49
66 50 77 50
66 51 71 52
67 21 78 21
68 57 79 57
69 4 72 6
69 14 80 14
69 18 80 18
69 22 71 25
69 27 72 29
69 34 80 34
70 31 75 32
70 53 75 54
71 2 76 3
71 26 82 26
71 47 82 47
72 0 83 0
72 22 83 22
72 23 83 23
72 25 83 25
72 51 77 52
72 55 83 55
72 59 83 59
73 4 78 5
73 6 84 6
73 15 84 15
73 27 78 28
73 39 75 42
74 12 85 12
74 16 85 16
74 29 85 29
74 35 85 35
74 43 85 43
74 44 77 46
75 11 86 11
75 17 86 17
76 8 87 8
76 19 81 20
76 24 87 24
76 31 81 32
76 36 79 38
76 54 87 54
77 13 88 13
77 39 88 39
78 1 81 3
78 9 83 10
78 41 89 41
78 46 89 46
78 48 79 53
79 33 90 33
79 56 90 56
80 30 91 30
80 36 85 37
80 44 85 45
80 50 83 52
80 53 91 53
80 57 91 57
81 34 92 34
81 38 92 38
82 1 93 1
82 2 87 3
82 14 93 14
82 18 84 21
83 26 94 26
83 47 88 48
84 9 95 9
84 23 95 23
84 27 89 28
84 32 95 32
84 55 95 55
84 59 95 59
85 4 88 6
85 18 87 21
85 51 96 51
86 15 91 16
86 22 97 22
86 42 97 42
86 43 97 43
86 44 91 45
87 10 90 12
87 35 92 36
88 2 99 2
88 7 93 8
88 18 93 19
88 20 93 21
88 49 99 49
88 58 99 58
89 3 94 4
89 6 100 6
89 13 100 13
89 25 100 25
89 29 100 29
89 39 100 39
89 54 100 54
90 28 101 28
90 46 93 48
90 52 101 52
91 17 102 17
91 40 96 41
92 10 103 10
92 11 103 11
92 15 103 15
92 24 103 24
92 44 103 44
92 50 103 50
92 56 97 57
93 31 104 31
93 33 96 35
93 36 96 38
93 53 104 53
94 1 105 1
94 7 99 8
94 16 105 16
94 18 96 21
94 45 99 46
95 4 106 4
96 9 107 9
96 23 107 23
97 18 100 20
97 21 108 21
97 30 108 30
97 33 108 33
97 34 102 35
97 36 102 37
98 22 109 22
98 40 100 43
98 51 109 51
99 48 110 48
99 55 110 55
99 59 110 59
100 2 111 2
100 26 105 27
100 38 111 38
100 45 105 46
100 49 111 49
101 5 106 6
101 12 104 14
101 18 106 19
101 20 112 20
101 32 112 32
101 40 104 42
101 47 112 47
102 28 107 29
102 52 113 52
102 56 113 56
102 57 113 57
103 17 114 17
103 25 114 25
103 34 105 37
105 3 116 3
105 7 116 7
105 40 107 43
106 11 117 11
106 12 117 12
106 13 108 16
106 31 117 31
106 34 111 35
107 4 118 4
107 5 112 6
107 46 118 46
107 53 118 53
108 0 119 0
108 18 119 18
108 23 119 23
108 28 113 29
108 39 119 39
108 40 110 43
109 14 112 16
109 21 120 21
109 44 114 45
110 8 113 10
110 26 121 26
110 51 121 51
111 19 122 19
111 27 122 27
111 42 116 43
111 48 122 48
111 59 122 59
112 1 117 2
112 33 123 33
112 34 115 36
112 37 123 37
112 49 123 49
112 54 117 55
113 5 124 5
113 6 124 6
113 13 115 16
114 8 117 10
114 28 117 30
114 41 125 41
114 56 117 58
115 17 126 17
115 25 126 25
115 44 120 45
116 13 127 13
116 14 121 15
116 34 119 36
116 38 127 38
116 52 127 52
117 32 128 32
117 40 128 40
118 7 119 12
118 20 129 20
118 28 129 28
118 54 120 57
119 1 122 3
119 30 130 30
119 50 130 50
120 7 122 10
120 11 125 12
120 31 131 31
120 34 123 36
121 21 132 21
121 43 124 45
121 53 124 55
121 57 126 58
122 26 133 26
122 46 133 46
123 2 134 2
123 7 134 7
123 14 128 15
123 19 134 19
123 29 134 29
123 39 134 39
124 1 135 1
124 10 135 10
124 33 126 36
124 42 135 42
124 48 135 48
124 59 135 59
125 4 128 6
125 37 136 37
125 44 130 45
125 47 136 47
125 53 130 54
125 56 136 56
126 11 137 11
126 23 131 24
126 43 137 43
127 16 132 17
127 33 130 35
127 36 138 36
127 41 138 41
128 0 139 0
128 12 133 13
128 38 139 38
128 51 133 52
128 57 133 58
129 3 134 4
129 5 140 5
129 14 140 14
129 40 140 40
130 9 141 9
130 15 141 15
130 20 141 20
130 25 141 25
130 28 141 28
131 18 142 18
131 34 136 35
131 53 134 55
132 22 143 22
132 27 143 27
132 30 137 31
133 17 144 17
133 50 144 50
134 12 139 13
134 16 145 16
134 44 137 46
135 3 140 4
135 7 140 8
135 23 146 23
135 33 146 33
135 52 140 53
135 54 146 54
135 57 140 58
136 1 147 1
136 2 147 2
136 29 147 29
136 48 147 48
136 55 147 55
137 34 142 35
137 59 148 59
138 10 143 11
138 30 143 31
138 42 140 45
138 46 149 46
139 36 144 37
140 13 151 13
140 19 151 19
140 21 151 21
141 0 152 0
141 7 152 7
141 14 152 14
141 40 146 41
141 43 144 45
141 56 144 58
142 4 147 5
142 8 147 9
142 15 153 15
142 25 147 26
143 6 154 6
143 18 154 18
143 32 154 32
143 34 148 35
144 10 147 12
144 22 155 22
144 27 155 27
144 31 155 31
145 3 156 3
145 36 147 39
145 56 156 56
146 42 149 44
146 49 149 51
146 52 151 53
147 33 158 33
147 40 152 41
147 57 152 58
148 2 159 2
148 4 153 5
148 8 159 8
148 9 159 9
148 23 151 25
148 38 153 39
149 10 160 10
149 28 160 28
149 29 154 30
149 34 154 35
150 1 161 1
150 11 155 12
150 20 161 20
150 42 161 42
150 44 155 45
150 46 161 46
150 47 152 50
151 55 162 55
152 19 163 19
152 24 157 25
152 37 163 37
152 51 154 54
153 41 164 41
153 57 156 59
154 7 165 7
154 14 159 15
155 4 166 4
155 23 166 23
155 29 166 29
155 34 166 34
155 49 166 49
155 50 166 50
155 51 166 51
155 53 160 54
156 5 161 6
156 11 161 12
156 17 167 17
156 22 167 22
156 26 161 27
156 30 161 31
156 35 167 35
156 40 167 40
156 45 167 45
156 47 167 47
157 36 168 36
157 56 160 58
158 13 169 13
158 16 169 16
159 24 164 25
159 43 170 43
159 59 170 59
160 2 165 3
160 8 171 8
160 14 171 14
160 52 171 52
161 33 172 33
161 38 166 39
161 54 172 54
161 58 172 58
162 0 167 1
162 5 167 6
162 9 167 10
162 11 173 11
162 20 167 21
162 27 167 28
162 30 167 31
162 46 173 46
162 57 173 57
163 12 174 12
165 24 170 25
165 41 170 42
165 48 176 48
165 56 176 56
167 2 172 3
167 23 178 23
167 37 178 37
167 44 178 44
167 49 178 49
167 50 178 50
168 1 179 1
168 18 173 19
168 22 179 22
168 27 170 30
168 31 173 32
168 35 179 35
168 38 171 40
168 47 179 47
168 55 179 55
169 4 172 6
171 15 176 16
171 26 173 29
172 8 177 9
172 38 174 41
172 52 177 53
173 2 174 7
173 24 178 25
173 58 178 59
174 18 177 20
174 26 175 31
174 32 179 33
175 2 178 4
175 5 178 7
175 10 178 12
176 27 179 29
176 41 179 43
177 14 179 17
4 59 15 59
12 56 23 56
49 33 60 33
52 38 57 39
79 40 90 40
123 8 128 9
137 47 148 47
146 16 157 16
167 51 178 51
5 53 16 53
42 5 47 6
113 47 124 47
156 32 167 32
175 38 178 40
134 51 145 51
35 3 46 3
102 58 113 58
153 48 164 48
47 2 58 2
68 56 78 56
120 18 130 18
82 31 92 31
35 0 45 0
145 17 155 17
156 44 166 44
160 15 170 15
95 3 104 3
135 39 144 39
29 37 38 37
100 7 104 8
95 26 99 27
12 8 21 8
141 52 145 53
28 8 36 8
67 19 75 19
150 43 158 43
178 18 179 21
58 36 61 37
106 26 109 27
117 42 120 43
142 20 149 20
37 25 40 26
98 56 101 57
168 9 171 10
56 25 62 25
67 45 73 45
173 54 179 54
14 10 16 11
67 31 69 32
76 40 77 42
122 51 127 51
129 8 134 8
148 54 150 55
50 27 55 27
13 35 17 35
45 17 49 17
69 35 73 35
105 8 109 8
113 20 117 20
135 19 139 19
145 45 149 45
155 52 159 52
2 55 6 55
28 7 31 7
44 47 45 48
71 38 72 39
87 17 90 17
141 3 144 3
145 57 146 58
17 53 19 53
122 14 122 16
127 25 129 25
