784
0 1 2 4
0 6 11 6
0 8 11 8
0 9 5 10
0 11 11 11
0 12 1 17
0 18 2 21
0 22 2 25
0 26 5 27
0 28 1 33
0 34 3 36
0 37 3 39
0 40 11 40
0 41 3 43
0 44 11 44
0 45 1 50
0 51 1 56
0 57 3 59
2 12 4 15
2 28 13 28
2 45 5 47
2 50 7 51
2 52 4 55
3 1 5 4
3 16 4 21
3 22 6 24
3 33 14 33
3 48 14 48
4 7 15 7
4 32 15 32
4 35 6 38
4 41 15 41
4 42 9 43
4 56 9 57
5 5 16 5
5 12 6 17
5 18 16 18
5 21 16 21
5 34 16 34
5 54 10 55
6 0 9 2
6 9 17 9
6 10 17 10
6 19 17 19
6 25 9 27
6 29 17 29
6 46 11 47
6 58 17 58
7 12 18 12
7 14 10 16
7 22 10 24
7 36 12 37
7 38 18 38
8 31 19 31
8 51 19 51
8 52 19 52
9 13 20 13
9 49 14 50
10 0 12 3
10 25 13 27
10 42 21 42
10 43 21 43
10 45 21 45
10 57 21 57
11 22 16 23
11 53 14 55
12 4 23 4
12 16 17 17
12 30 23 30
12 40 23 40
12 44 23 44
12 47 23 47
13 0 24 0
13 6 24 6
13 36 24 36
13 37 24 37
14 1 19 2
14 20 25 20
14 28 25 28
14 46 25 46
15 25 26 25
15 33 26 33
15 54 26 54
15 55 20 56
16 41 27 41
17 14 22 15
17 24 28 24
17 34 28 34
17 49 22 50
18 7 29 7
18 10 29 10
18 17 23 18
18 19 29 19
18 21 21 23
18 35 29 35
18 58 29 58
19 9 30 9
19 11 30 11
19 59 30 59
20 2 25 3
20 39 31 39
20 48 31 48
20 52 25 53
21 12 26 13
22 21 33 21
22 22 33 22
22 42 27 43
22 55 27 56
23 15 28 16
23 49 26 51
24 8 35 8
24 18 35 18
24 26 35 26
25 0 36 0
25 36 30 37
26 1 31 2
26 3 29 5
26 20 37 20
26 23 37 23
26 29 31 30
26 52 31 53
27 12 30 14
27 38 38 38
27 49 30 51
27 54 38 54
28 28 39 28
28 32 39 32
28 41 33 42
28 43 39 43
28 57 39 57
29 6 40 6
29 16 34 17
29 24 40 24
29 27 40 27
29 47 40 47
30 3 41 3
30 19 41 19
30 55 41 55
30 56 41 56
31 9 33 12
31 13 34 15
31 33 36 34
31 40 42 40
31 49 34 51
31 58 36 59
32 4 37 5
32 48 43 48
33 1 44 1
33 35 36 37
33 52 38 53
34 9 37 11
34 29 45 29
34 41 45 41
35 2 46 2
35 12 37 15
35 16 46 16
36 17 41 18
36 30 47 30
36 45 47 45
36 49 39 51
37 7 48 7
37 33 48 33
37 34 40 36
37 44 48 44
37 46 48 46
38 8 40 11
38 12 41 14
38 15 49 15
38 20 40 23
39 37 42 39
39 52 42 54
40 49 51 49
41 4 52 4
41 8 52 8
41 10 52 10
41 20 43 23
41 24 52 24
41 25 43 28
41 34 46 35
41 57 44 59
42 13 47 14
43 19 54 19
43 31 54 31
43 32 54 32
43 36 45 39
43 50 45 53
43 54 54 54
44 11 55 11
44 20 55 20
44 21 49 22
44 25 46 28
45 9 56 9
45 42 56 42
45 55 56 55
45 57 56 57
46 0 57 0
46 36 48 39
46 40 51 41
46 47 51 48
46 50 51 51
47 3 58 3
47 25 52 26
47 27 52 28
47 34 52 35
48 1 59 1
48 16 51 18
48 29 53 30
48 52 53 53
49 5 54 6
49 36 51 39
49 44 60 44
49 45 54 46
50 21 53 23
51 13 56 14
52 15 54 18
52 36 57 37
52 40 57 41
52 43 63 43
52 47 63 47
52 50 57 51
53 4 64 4
53 24 64 24
53 25 55 28
54 10 65 10
54 12 65 12
54 21 59 22
54 52 59 53
55 5 66 5
55 16 58 18
55 30 60 31
55 32 66 32
55 34 66 34
55 45 66 45
56 19 61 20
56 25 59 27
56 56 67 56
57 6 59 9
57 28 62 29
57 35 68 35
57 42 68 42
57 46 68 46
57 54 62 55
58 13 63 14
58 36 59 41
58 50 69 50
58 51 69 51
59 2 70 2
59 3 70 3
59 11 70 11
59 16 62 18
60 0 71 0
60 1 71 1
60 8 71 8
60 21 65 22
60 37 62 40
60 41 71 41
60 53 71 53
60 59 71 59
61 15 72 15
61 31 72 31
61 44 72 44
62 26 67 27
62 57 67 58
63 7 74 7
63 25 74 25
63 28 66 30
63 37 68 38
63 40 74 40
63 54 74 54
63 55 74 55
64 6 75 6
64 17 67 19
64 20 75 20
64 33 75 33
64 36 75 36
64 43 75 43
65 9 76 9
65 48 76 48
66 10 77 10
66 12 71 13
66 49 77 49
67 4 72 5
67 21 78 21
67 28 72 29
67 52 78 52
68 57 79 57
69 14 80 14
69 16 71 19
69 34 80 34
69 37 74 38
69 45 72 47
70 22 81 22
70 23 75 24
70 50 81 50
71 2 76 3
71 26 82 26
71 51 82 51
72 0 83 0
72 16 75 18
72 32 83 32
72 59 83 59
73 4 78 5
73 15 84 15
73 27 78 28
73 29 78 30
73 41 78 42
73 44 76 46
74 12 85 12
74 35 85 35
75 11 86 11
75 25 86 25
75 53 78 55
76 6 81 7
76 8 87 8
76 16 81 17
76 18 79 20
76 24 87 24
76 36 78 39
76 43 87 43
77 13 88 13
77 45 88 45
77 46 82 47
78 1 81 3
78 9 83 10
79 27 81 30
79 33 90 33
79 53 82 55
79 56 90 56
80 19 91 19
80 36 81 41
80 57 91 57
81 23 92 23
81 34 92 34
82 1 93 1
82 2 87 3
82 6 87 7
82 14 93 14
82 16 87 17
82 27 84 30
82 36 84 39
82 41 87 42
82 52 93 52
83 21 94 21
83 26 94 26
83 46 86 48
83 53 88 54
83 55 94 55
84 9 95 9
84 32 95 32
84 59 95 59
85 27 88 29
85 30 96 30
85 36 88 38
85 39 90 40
85 51 96 51
86 22 97 22
87 10 90 12
87 35 98 35
87 46 98 46
87 47 98 47
88 2 91 4
88 6 99 6
88 7 93 8
88 41 93 42
88 43 99 43
88 49 99 49
88 58 99 58
89 13 100 13
89 17 94 18
89 25 100 25
89 27 100 27
89 28 94 29
89 53 94 54
90 15 101 15
90 37 95 38
90 44 101 44
91 39 96 40
92 2 103 2
92 3 103 3
92 10 97 11
92 19 97 20
92 24 103 24
92 50 103 50
92 56 97 57
93 23 104 23
93 31 104 31
94 1 105 1
94 4 105 4
94 7 99 8
94 16 105 16
94 36 105 36
94 41 105 41
94 52 105 52
95 21 106 21
95 29 106 29
95 33 100 34
95 42 106 42
95 53 106 53
96 9 107 9
96 17 107 17
96 28 107 28
96 54 101 55
97 18 108 18
97 30 108 30
97 39 102 40
98 10 103 11
98 19 103 20
98 22 109 22
98 37 103 38
98 51 109 51
99 46 110 46
99 48 110 48
99 59 110 59
100 5 102 8
100 35 111 35
100 49 111 49
101 12 104 14
101 25 104 27
101 32 104 34
101 47 112 47
102 43 105 45
102 54 104 57
103 5 108 6
104 2 109 3
104 20 115 20
104 37 106 40
105 7 116 7
105 23 107 26
105 32 108 34
105 54 107 57
106 4 117 4
106 11 117 11
106 12 117 12
106 13 108 16
106 31 117 31
107 21 118 21
107 29 118 29
107 37 108 42
107 43 110 45
107 53 118 53
108 0 119 0
108 17 119 17
108 23 111 25
108 28 119 28
108 54 110 57
109 5 120 5
109 6 120 6
109 14 112 16
109 18 120 18
109 32 114 33
109 38 120 38
109 39 120 39
109 40 112 42
110 1 113 3
110 8 113 10
110 26 121 26
110 50 113 52
111 19 122 19
111 27 122 27
111 44 114 46
111 48 122 48
111 57 116 58
111 59 122 59
112 23 123 23
112 34 115 36
112 37 123 37
112 49 123 49
112 54 117 55
113 13 115 16
113 25 124 25
113 43 124 43
114 1 117 3
114 8 117 10
114 41 125 41
114 51 119 52
115 44 117 47
116 13 127 13
116 14 121 15
116 32 118 35
117 40 128 40
117 56 120 58
118 7 120 10
118 12 129 12
118 20 129 20
118 36 129 36
118 44 123 45
119 1 124 2
119 11 130 11
119 30 130 30
119 33 124 34
119 50 130 50
119 53 122 55
120 16 125 17
120 21 131 21
120 31 125 32
120 52 131 52
121 5 122 10
121 28 126 29
121 38 126 39
121 57 126 58
122 3 133 3
122 26 133 26
122 46 127 47
123 4 124 9
123 14 128 15
123 19 134 19
123 54 126 56
124 10 135 10
124 42 135 42
124 44 129 45
124 48 135 48
124 59 135 59
125 0 128 2
125 4 127 7
125 22 127 25
125 33 128 35
125 37 136 37
126 43 137 43
127 16 138 16
127 27 130 29
127 38 132 39
127 41 138 41
127 53 130 55
127 56 138 56
128 4 129 9
128 22 130 25
128 46 139 46
128 57 133 58
129 0 140 0
129 1 134 2
129 13 134 14
129 31 131 34
129 40 140 40
129 47 140 47
130 4 131 9
130 12 141 12
130 15 141 15
130 20 141 20
130 44 135 45
131 18 142 18
131 25 142 25
131 28 136 29
131 49 134 51
131 53 134 55
132 4 135 6
132 21 143 21
132 22 143 22
132 27 143 27
132 30 133 35
133 7 136 9
133 17 144 17
134 11 145 11
134 30 139 31
134 34 139 35
134 38 145 38
135 1 140 2
135 13 146 13
135 23 146 23
135 33 146 33
135 49 136 54
135 57 140 58
136 4 139 6
136 45 147 45
136 48 147 48
136 55 147 55
137 7 139 10
137 28 142 29
137 36 142 37
137 44 148 44
137 49 140 51
137 52 140 54
137 59 148 59
139 16 150 16
139 41 142 43
140 4 142 7
140 8 151 8
140 9 151 9
140 14 151 14
140 19 151 19
140 30 145 31
140 34 151 34
141 0 152 0
141 1 146 2
141 40 152 40
141 49 142 54
141 56 144 58
142 15 153 15
142 35 153 35
142 46 153 46
143 4 145 7
143 18 154 18
143 24 148 25
143 28 148 29
143 32 154 32
143 49 148 50
144 20 147 22
144 27 155 27
144 37 155 37
145 3 156 3
145 41 156 41
145 53 150 54
145 56 156 56
146 4 149 6
146 10 149 12
146 51 151 52
147 33 158 33
147 39 158 39
147 57 152 58
148 2 159 2
148 21 151 23
148 31 159 31
148 42 159 42
149 24 152 26
149 28 160 28
149 29 154 30
149 44 154 45
149 47 151 50
150 1 161 1
150 6 161 6
150 10 161 10
150 11 155 12
150 20 161 20
151 5 162 5
151 53 162 53
151 55 162 55
152 8 163 8
152 19 163 19
152 34 163 34
153 4 164 4
153 22 155 25
153 51 164 51
153 57 158 58
154 7 165 7
154 14 159 15
155 29 166 29
155 43 157 46
155 49 166 49
155 50 166 50
155 54 166 54
156 11 161 12
156 17 167 17
156 22 167 22
156 23 167 23
156 26 161 27
156 35 161 36
156 37 167 37
156 40 167 40
156 47 167 47
157 24 162 25
158 13 169 13
158 16 169 16
158 41 169 41
159 43 170 43
159 44 164 45
159 46 170 46
159 56 162 58
159 59 170 59
160 2 165 3
160 14 171 14
160 30 163 32
160 52 171 52
161 33 172 33
161 38 166 39
162 0 167 1
162 9 165 11
162 20 167 21
162 27 167 28
162 36 173 36
163 5 174 5
163 12 174 12
163 24 168 25
163 35 174 35
163 56 168 57
164 30 167 32
164 58 175 58
165 45 176 45
165 48 176 48
166 6 168 9
167 2 178 2
167 44 178 44
167 49 178 49
167 50 178 50
168 1 179 1
168 3 173 4
168 18 173 19
168 22 179 22
168 27 179 27
168 28 171 30
168 31 173 32
168 37 179 37
168 38 171 40
168 47 179 47
168 55 179 55
169 6 171 9
169 56 174 57
170 41 175 42
171 15 176 16
171 23 176 24
171 53 176 54
172 8 177 9
172 29 177 30
174 18 177 20
174 25 179 26
174 31 179 32
175 4 178 6
175 10 178 12
176 41 179 43
176 57 179 59
177 14 179 17
177 51 179 54
4 59 15 59
27 25 38 25
41 5 46 6
42 17 47 18
49 33 60 33
52 38 57 39
63 39 74 39
74 31 85 31
133 39 144 39
165 51 176 51
172 38 175 40
40 43 51 43
77 44 88 44
80 20 91 20
152 47 154 50
166 10 171 11
176 38 179 40
12 8 23 8
47 2 58 2
143 43 154 43
134 3 144 3
7 35 17 35
34 42 44 42
68 56 78 56
113 42 123 42
120 51 130 51
145 17 155 17
160 15 170 15
100 58 110 58
149 59 158 59
121 18 130 18
155 48 164 48
17 5 25 5
37 0 45 0
34 21 37 22
118 46 121 47
141 47 148 47
172 7 179 7
178 18 179 21
152 52 159 52
172 28 179 28
98 56 101 57
143 51 144 54
2 49 8 49
79 36 79 42
86 31 92 31
103 8 109 8
126 17 132 17
12 11 18 11
30 7 36 7
60 52 66 52
5 52 7 53
38 4 40 5
60 25 61 27
95 26 100 26
119 35 124 35
125 8 127 9
69 35 73 35
135 19 139 19
155 32 159 32
15 53 19 53
42 3 46 3
0 7 3 7
6 45 9 45
30 4 31 5
39 25 40 26
44 47 45 48
62 19 63 20
68 16 68 19
72 19 75 19
108 26 109 27
145 57 146 58
158 43 158 46
60 36 63 36
