775
0 1 1 6
0 8 11 8
0 9 5 10
0 11 11 11
0 12 1 17
0 18 1 23
0 24 11 24
0 25 11 25
0 26 5 27
0 28 1 33
0 34 2 37
0 38 5 39
0 40 11 40
0 41 3 43
0 44 11 44
0 45 1 50
0 51 3 53
0 54 1 59
2 1 4 4
2 12 4 15
2 16 3 21
2 28 13 28
2 45 5 47
2 57 13 57
2 58 7 59
3 5 8 6
3 31 4 36
3 37 14 37
3 48 14 48
3 54 14 54
4 7 15 7
4 16 6 19
4 21 15 21
4 23 15 23
4 41 15 41
4 42 9 43
4 50 15 50
4 51 15 51
5 1 10 2
5 13 16 13
5 22 16 22
5 31 7 34
5 35 10 36
6 0 17 0
6 9 17 9
6 10 17 10
6 12 17 12
6 29 17 29
6 38 17 38
6 46 11 47
7 14 10 16
7 17 12 18
7 19 18 19
7 55 18 55
8 31 19 31
8 32 19 32
8 34 19 34
8 52 19 52
8 58 19 58
9 26 14 27
9 49 20 49
10 42 21 42
10 43 21 43
10 45 21 45
11 5 22 5
11 33 22 33
11 35 16 36
12 4 23 4
12 25 23 25
12 30 23 30
12 40 23 40
12 44 23 44
12 47 23 47
13 6 24 6
14 1 19 2
14 14 17 16
14 20 25 20
14 28 25 28
14 46 25 46
14 57 25 57
15 17 20 18
15 54 26 54
16 37 27 37
16 41 27 41
17 24 28 24
17 50 22 51
18 0 29 0
18 7 29 7
18 10 29 10
18 11 20 14
18 15 29 15
18 21 23 22
18 23 29 23
18 35 29 35
19 9 30 9
19 36 30 36
19 55 30 55
19 59 30 59
20 2 25 3
20 19 31 19
20 39 31 39
20 48 31 48
20 52 25 53
21 11 32 11
21 12 24 14
21 18 32 18
22 42 27 43
23 31 25 34
23 49 26 51
24 8 35 8
24 25 29 26
25 21 36 21
25 56 36 56
26 1 31 2
26 3 28 6
26 13 31 14
26 20 37 20
26 29 31 30
26 52 31 53
27 16 32 17
27 38 38 38
27 49 30 51
27 54 38 54
28 22 39 22
28 28 39 28
28 32 39 32
28 41 33 42
28 43 39 43
28 57 39 57
29 3 31 6
29 24 40 24
29 27 40 27
29 47 40 47
29 58 40 58
30 25 35 26
31 23 42 23
31 33 36 34
31 40 42 40
31 49 34 51
31 55 42 55
32 0 34 3
32 4 37 5
32 6 37 7
32 12 34 15
32 48 43 48
33 9 36 11
33 17 44 17
33 18 44 18
33 35 36 37
33 52 38 53
34 29 45 29
34 41 39 42
35 1 46 1
35 2 46 2
35 12 38 14
35 16 46 16
36 30 47 30
36 45 47 45
36 49 39 51
37 8 40 10
37 33 48 33
37 34 40 36
37 44 48 44
37 46 48 46
38 5 41 7
38 15 49 15
38 19 41 21
39 11 44 12
39 13 44 14
39 37 42 39
39 52 44 53
40 41 43 43
40 49 51 49
41 4 52 4
41 8 52 8
41 10 52 10
41 24 43 27
41 34 44 36
41 54 52 54
41 57 52 57
42 7 53 7
42 19 45 21
43 31 54 31
43 32 54 32
43 38 48 39
43 58 54 58
44 22 45 27
44 40 47 42
45 9 56 9
45 11 56 11
45 13 56 13
45 35 56 35
45 50 47 53
45 55 56 55
46 0 57 0
46 18 48 21
46 23 48 26
46 27 49 29
46 36 51 37
46 47 51 48
47 3 58 3
48 1 59 1
48 40 53 41
48 50 53 51
48 52 53 53
49 5 54 6
49 16 51 19
49 20 60 20
49 21 52 23
49 24 54 25
49 26 60 26
49 33 54 34
49 42 54 43
49 44 60 44
49 45 54 46
50 28 55 29
51 38 56 39
52 14 53 19
52 36 57 37
52 47 63 47
53 4 64 4
53 21 58 22
53 56 58 57
54 10 65 10
54 12 65 12
54 14 55 19
54 40 59 41
54 49 56 52
55 5 66 5
55 24 60 25
55 30 60 31
55 32 66 32
55 34 66 34
55 43 66 43
55 45 66 45
56 16 59 18
56 27 67 27
56 42 67 42
57 6 59 9
57 28 62 29
57 35 68 35
57 46 68 46
57 48 59 51
57 54 62 55
58 13 63 14
58 38 63 39
59 2 70 2
59 3 70 3
59 11 70 11
59 19 70 19
59 52 64 53
60 0 71 0
60 1 71 1
60 8 71 8
60 17 71 17
60 21 65 22
60 40 71 40
60 41 71 41
60 50 65 51
60 59 71 59
61 15 72 15
61 24 66 25
61 31 72 31
61 44 72 44
62 37 73 37
62 56 65 58
63 7 74 7
63 28 68 29
63 54 74 54
63 55 74 55
64 6 75 6
64 20 75 20
64 33 75 33
64 36 75 36
65 9 76 9
65 26 76 26
65 38 70 39
65 48 76 48
66 10 77 10
66 12 71 13
66 30 77 30
66 49 77 49
66 50 77 50
66 51 71 52
66 56 71 57
67 4 72 5
67 21 78 21
67 24 72 25
68 42 73 43
69 14 80 14
69 18 80 18
69 27 72 29
69 34 80 34
69 45 72 47
70 22 81 22
71 2 76 3
71 23 82 23
72 0 83 0
72 32 83 32
72 51 77 52
72 57 75 59
73 4 78 5
73 15 78 16
73 25 84 25
73 27 78 28
73 44 76 46
74 12 85 12
74 29 85 29
74 35 85 35
74 37 75 42
74 43 85 43
75 11 86 11
75 17 86 17
75 53 78 55
76 6 81 7
76 8 87 8
76 19 81 20
76 24 87 24
76 36 79 38
77 13 88 13
77 26 88 26
77 39 88 39
77 45 88 45
77 46 82 47
78 1 81 3
78 9 83 10
78 41 89 41
78 48 80 51
78 56 80 59
79 33 90 33
79 53 82 55
80 30 91 30
80 36 85 37
81 16 92 16
81 34 92 34
81 38 92 38
81 50 84 52
81 57 92 57
81 59 92 59
82 1 93 1
82 2 87 3
82 6 87 7
82 14 93 14
82 18 84 21
82 56 93 56
83 23 94 23
83 46 86 48
83 53 94 53
83 54 94 54
83 55 94 55
84 9 95 9
84 15 95 15
84 27 89 28
84 32 95 32
85 18 87 21
85 51 96 51
86 22 97 22
86 42 97 42
86 43 97 43
87 10 90 12
87 35 98 35
87 46 98 46
87 47 98 47
88 2 91 4
88 6 99 6
88 7 93 8
88 18 93 19
88 20 93 21
88 49 99 49
88 58 99 58
89 13 100 13
89 25 100 25
89 29 100 29
89 39 94 40
90 26 95 27
90 28 101 28
90 44 95 45
90 52 101 52
91 17 102 17
92 2 97 3
92 10 103 10
92 11 103 11
92 24 103 24
92 50 103 50
93 31 104 31
93 36 96 38
93 41 104 41
94 1 105 1
94 4 105 4
94 7 99 8
94 16 105 16
94 18 96 21
94 56 99 57
95 23 106 23
95 33 100 34
95 40 106 40
95 53 106 53
96 9 107 9
96 54 101 55
97 18 102 19
97 21 108 21
97 30 108 30
97 36 102 37
97 44 108 44
98 2 103 3
98 20 109 20
98 22 109 22
98 51 109 51
99 38 104 39
99 43 110 43
99 46 110 46
99 48 110 48
99 59 110 59
100 5 102 8
100 26 105 27
100 35 111 35
100 49 111 49
101 12 103 15
101 32 104 34
101 47 112 47
102 28 107 29
102 52 113 52
102 54 104 57
103 5 108 6
103 17 114 17
103 19 114 19
103 25 114 25
104 2 109 3
104 13 115 13
105 7 116 7
105 32 108 34
105 37 108 39
105 41 110 42
105 54 107 57
106 4 117 4
106 11 117 11
106 12 117 12
106 15 111 16
106 31 117 31
107 53 118 53
108 0 119 0
108 18 119 18
108 23 119 23
108 28 119 28
108 29 119 29
108 54 110 57
109 5 120 5
109 6 120 6
109 21 120 21
109 32 114 33
109 38 120 38
109 39 120 39
109 44 114 45
110 1 113 3
110 8 113 10
110 14 121 14
110 26 121 26
110 51 121 51
111 27 122 27
111 42 116 43
111 48 122 48
111 57 116 58
111 59 122 59
112 15 123 15
112 34 115 36
112 37 123 37
112 46 123 46
112 49 123 49
112 54 117 55
113 16 124 16
114 1 117 3
114 8 117 10
114 41 125 41
115 17 126 17
115 19 120 20
115 25 126 25
115 44 120 45
116 13 127 13
116 32 119 34
116 52 127 52
117 35 122 36
117 40 128 40
117 56 120 58
118 7 120 10
118 12 129 12
119 1 124 2
119 11 130 11
119 30 130 30
119 50 130 50
119 53 122 55
120 31 131 31
120 32 125 33
121 5 122 10
121 20 132 20
121 21 132 21
121 28 126 29
121 38 126 39
121 43 124 45
121 57 126 58
122 3 133 3
122 26 133 26
123 4 124 9
123 19 134 19
123 36 134 36
123 54 126 56
124 10 135 10
124 15 135 15
124 42 135 42
124 48 135 48
124 59 135 59
125 0 128 2
125 4 127 7
125 14 136 14
125 34 130 35
125 37 136 37
125 44 130 45
125 47 136 47
126 23 131 24
126 32 131 33
126 43 137 43
126 46 137 46
127 16 132 17
127 27 130 29
127 38 132 39
127 41 138 41
127 53 130 55
127 56 138 56
128 4 133 5
128 7 133 8
128 51 133 52
128 57 133 58
129 0 134 1
129 40 140 40
130 9 141 9
130 12 141 12
130 13 141 13
130 25 141 25
131 2 142 2
131 18 142 18
131 28 136 29
131 34 136 35
131 53 134 55
132 22 143 22
132 27 143 27
132 30 135 32
133 17 144 17
133 20 138 21
133 50 144 50
134 3 137 5
134 11 145 11
134 16 145 16
134 38 145 38
135 0 146 0
135 7 140 8
135 23 146 23
135 33 146 33
135 44 140 45
135 52 140 53
135 54 146 54
135 57 140 58
136 1 147 1
136 48 147 48
136 55 147 55
137 28 142 29
137 30 142 31
137 34 142 35
137 36 142 37
137 59 148 59
138 3 140 6
138 46 149 46
139 41 142 43
140 14 151 14
140 19 143 21
141 7 146 8
141 15 152 15
141 40 152 40
141 44 152 44
141 56 144 58
142 4 147 5
142 9 153 9
142 25 147 26
143 6 154 6
143 12 148 13
143 18 154 18
143 28 146 30
143 31 154 31
143 32 154 32
143 34 148 35
144 19 155 19
144 20 147 22
144 27 155 27
144 37 155 37
145 3 156 3
145 41 156 41
145 56 156 56
146 49 149 51
146 52 151 53
147 8 158 8
147 33 158 33
147 39 158 39
147 57 152 58
148 2 159 2
148 4 153 5
148 21 151 23
148 24 151 26
148 42 159 42
149 10 160 10
149 28 160 28
149 29 154 30
149 34 154 35
150 1 161 1
150 11 155 12
150 20 161 20
150 45 151 50
151 55 162 55
152 24 157 25
152 46 157 47
152 49 153 54
153 15 156 17
153 45 164 45
153 57 156 59
154 7 165 7
154 51 165 51
155 4 166 4
155 23 166 23
155 29 158 31
155 34 166 34
155 49 166 49
155 50 166 50
155 53 160 54
156 5 161 6
156 11 161 12
156 13 161 14
156 22 167 22
156 26 161 27
156 35 167 35
156 37 167 37
156 40 167 40
157 17 168 17
157 36 168 36
157 56 160 58
158 16 169 16
158 18 163 19
158 41 169 41
158 47 169 47
159 8 170 8
159 24 164 25
159 29 170 29
159 31 164 32
159 43 170 43
159 46 170 46
159 59 170 59
160 2 165 3
160 52 171 52
161 33 172 33
161 38 166 39
161 54 172 54
161 58 172 58
162 0 167 1
162 5 167 6
162 9 163 14
162 20 167 21
162 27 167 28
162 57 173 57
164 9 165 14
165 24 168 26
165 30 170 31
165 45 176 45
165 48 176 48
165 56 176 56
166 11 171 12
167 2 172 3
167 13 172 14
167 23 178 23
167 44 178 44
167 49 178 49
167 50 178 50
168 1 179 1
168 18 173 19
168 22 179 22
168 27 179 27
168 35 179 35
168 37 179 37
168 38 171 40
168 55 179 55
169 4 172 6
170 41 175 42
171 7 173 10
171 15 176 16
171 29 176 30
171 31 176 32
172 52 177 53
173 3 175 6
173 11 175 14
173 24 178 25
173 46 178 47
173 58 178 59
174 7 179 8
174 18 177 20
176 2 178 5
176 10 179 12
176 41 179 43
177 14 179 17
3 56 14 56
4 53 15 53
74 31 85 31
133 39 144 39
137 47 148 47
147 16 152 17
153 43 158 44
166 51 177 51
172 38 175 40
42 5 47 6
76 40 87 40
77 44 88 44
113 47 124 47
176 38 179 40
134 51 145 51
159 15 170 15
12 8 23 8
35 3 46 3
152 48 163 48
168 28 179 28
47 2 58 2
120 18 130 18
8 59 18 59
35 0 45 0
100 58 110 58
65 53 74 53
143 42 147 43
166 9 170 10
15 56 24 56
36 25 40 26
141 52 145 53
60 18 68 18
141 45 149 45
55 33 63 33
72 38 73 41
76 56 77 59
131 44 134 45
178 18 179 21
58 36 61 37
96 26 99 27
106 26 109 27
117 42 120 43
159 44 166 44
2 49 8 49
86 31 92 31
103 8 109 8
173 54 179 54
12 11 17 11
93 59 98 59
122 51 127 51
148 54 150 55
154 52 159 52
50 27 55 27
125 8 127 9
69 35 73 35
71 19 75 19
135 19 139 19
148 43 152 43
2 55 6 55
0 7 3 7
6 45 9 45
44 47 45 48
45 34 48 34
47 16 48 17
87 17 90 17
141 3 144 3
145 57 146 58
155 32 158 32
16 53 19 53
100 56 101 57
122 14 124 14
127 25 129 25
