786
0 1 3 3
0 4 3 6
0 8 11 8
0 9 11 9
0 11 1 16
0 17 2 20
0 21 0 32
0 33 2 36
0 37 1 42
0 43 5 44
0 45 1 50
0 51 3 53
0 54 2 57
1 10 12 10
1 21 12 21
1 23 6 24
1 25 12 25
1 26 4 28
1 29 6 30
2 11 13 11
2 12 4 15
2 37 13 37
2 38 7 39
2 41 13 41
2 45 5 47
2 58 7 59
3 16 14 16
3 17 5 20
3 31 4 36
3 48 6 50
3 54 14 54
4 0 5 5
4 7 15 7
4 51 7 53
4 56 9 57
5 13 16 13
5 22 16 22
5 26 8 28
5 31 7 34
5 35 10 36
6 0 9 2
6 12 17 12
6 18 11 19
6 42 11 43
6 46 11 47
7 5 18 5
7 24 18 24
7 29 18 29
7 44 12 45
7 55 18 55
8 31 19 31
8 32 19 32
8 34 19 34
8 38 19 38
8 51 19 51
8 52 19 52
8 58 19 58
9 23 20 23
9 26 14 27
9 28 20 28
9 48 14 49
10 0 12 3
10 57 21 57
11 33 22 33
11 35 16 36
11 40 22 40
12 4 23 4
12 9 23 9
12 17 17 18
12 19 23 19
12 30 23 30
12 42 23 42
12 47 23 47
13 0 18 1
13 6 24 6
13 21 24 21
13 25 24 25
13 43 15 46
14 2 25 2
14 20 25 20
15 54 26 54
16 37 27 37
16 41 27 41
16 43 21 44
17 10 28 10
17 14 22 15
17 45 22 46
17 49 22 50
18 7 29 7
18 11 21 13
18 17 23 18
18 35 29 35
19 0 30 0
19 1 30 1
19 36 30 36
19 55 30 55
19 59 30 59
20 39 31 39
20 48 31 48
20 52 31 52
20 53 31 53
21 23 26 24
22 11 33 11
22 22 33 22
22 43 33 43
23 12 28 13
23 15 28 16
23 28 34 28
23 31 25 34
23 49 26 51
23 56 26 58
24 3 27 5
24 8 35 8
24 9 35 9
24 18 35 18
24 19 35 19
24 26 35 26
24 42 35 42
25 21 36 21
25 25 36 25
26 20 37 20
26 29 31 30
27 23 32 24
27 38 38 38
27 49 30 51
27 54 38 54
28 2 30 5
28 32 39 32
28 57 39 57
29 6 40 6
29 12 31 15
29 16 34 17
29 27 40 27
29 40 34 41
29 47 40 47
29 58 40 58
30 56 41 56
31 0 33 3
31 33 36 34
31 49 34 51
31 55 42 55
32 4 37 5
32 12 34 15
32 48 43 48
33 35 36 37
33 52 38 53
34 22 37 24
34 29 45 29
34 43 45 43
35 1 46 1
35 2 46 2
35 10 36 15
35 16 46 16
35 41 46 41
36 7 39 9
36 17 41 18
36 30 47 30
36 45 47 45
36 49 47 49
37 10 39 13
37 14 42 15
37 33 48 33
37 34 40 36
37 44 48 44
37 46 48 46
38 19 41 21
38 22 43 23
38 24 49 24
38 40 49 40
39 37 42 39
39 52 44 53
40 7 41 12
41 4 46 5
41 25 43 28
41 34 44 36
41 54 52 54
41 57 52 57
42 6 44 9
42 17 44 20
43 13 48 14
43 15 54 15
43 31 54 31
43 32 54 32
43 38 48 39
43 58 54 58
44 10 49 11
44 21 49 22
44 25 55 25
44 26 49 27
45 6 48 8
45 9 56 9
45 17 47 20
45 35 48 37
45 42 56 42
45 50 47 53
45 55 56 55
46 0 57 0
46 28 51 29
46 47 51 48
47 3 58 3
48 1 59 1
48 16 51 18
48 19 53 20
48 49 53 50
48 51 53 52
49 5 54 6
49 33 54 34
49 35 60 35
49 36 51 39
49 41 60 41
49 44 54 45
49 46 60 46
50 4 61 4
50 10 53 12
50 21 53 23
51 13 56 14
51 24 62 24
51 26 62 26
52 17 63 17
52 28 55 30
52 36 57 37
52 43 63 43
52 47 63 47
53 38 56 40
53 53 58 54
53 56 58 57
54 10 65 10
54 11 59 12
54 16 65 16
54 18 55 23
54 49 56 52
55 5 60 6
55 31 66 31
55 32 66 32
55 34 66 34
55 45 66 45
56 18 57 23
56 27 58 30
57 40 68 40
57 42 68 42
57 44 68 44
57 48 59 51
57 55 68 55
58 13 63 14
58 18 63 19
58 20 69 20
58 21 61 23
58 38 63 39
59 2 70 2
59 3 70 3
59 8 70 8
59 27 62 29
59 52 64 53
59 54 70 54
60 0 71 0
60 1 71 1
60 50 65 51
60 59 71 59
61 5 64 7
61 15 72 15
61 41 72 41
62 11 73 11
62 21 67 22
62 37 73 37
62 46 73 46
62 56 65 58
63 23 64 28
63 29 68 30
63 35 68 36
64 17 67 19
64 33 75 33
64 43 75 43
65 4 68 6
65 7 76 7
65 9 76 9
65 25 70 26
65 27 70 28
65 38 70 39
65 48 76 48
66 10 77 10
66 12 71 13
66 49 69 51
66 56 71 57
67 52 78 52
68 21 79 21
69 4 72 6
69 14 80 14
69 16 71 19
69 29 74 30
69 34 80 34
69 36 80 36
69 40 80 40
69 55 80 55
70 20 81 20
70 22 81 22
70 23 75 24
70 31 75 32
70 50 81 50
71 2 76 3
71 25 82 25
71 26 82 26
71 47 82 47
71 51 82 51
72 0 83 0
72 16 75 18
72 44 83 44
72 57 75 59
73 4 84 4
73 6 84 6
73 15 84 15
73 27 78 28
73 41 78 42
73 53 78 54
74 12 85 12
74 35 85 35
75 11 86 11
75 29 80 30
75 45 80 46
76 8 87 8
76 16 81 17
76 19 87 19
76 24 87 24
76 31 81 32
76 37 87 37
76 43 87 43
77 13 88 13
77 39 88 39
77 48 82 49
78 1 81 3
78 9 83 10
78 56 80 59
79 33 90 33
79 53 84 54
80 41 85 42
81 23 92 23
81 28 86 29
81 30 92 30
81 34 92 34
81 38 92 38
81 45 86 46
81 57 92 57
81 59 92 59
82 1 93 1
82 2 87 3
82 14 93 14
82 16 87 17
82 52 93 52
82 56 93 56
83 21 94 21
83 26 94 26
83 47 88 48
83 55 94 55
84 9 95 9
84 32 95 32
85 4 88 6
85 51 96 51
85 53 96 53
85 54 96 54
86 22 97 22
86 40 91 41
86 42 97 42
87 10 90 12
87 35 92 36
87 46 98 46
88 2 99 2
88 7 93 8
88 18 93 19
88 27 93 28
88 43 99 43
88 49 99 49
88 58 99 58
89 3 94 4
89 6 100 6
89 13 100 13
89 25 100 25
89 29 100 29
89 39 100 39
90 15 93 17
90 44 101 44
91 47 96 48
92 10 97 11
92 24 103 24
92 40 97 41
92 50 103 50
93 23 104 23
93 31 104 31
93 33 96 35
93 36 96 38
94 1 105 1
94 7 99 8
94 14 95 19
94 27 99 28
94 52 105 52
94 56 99 57
95 4 106 4
95 21 106 21
96 9 107 9
96 14 99 16
96 17 107 17
96 18 101 19
96 20 107 20
97 30 108 30
97 33 98 38
97 53 100 55
98 10 103 11
98 22 109 22
98 51 109 51
99 32 101 35
99 36 110 36
99 37 104 38
99 40 104 41
99 46 110 46
99 48 110 48
99 59 110 59
100 2 111 2
100 26 105 27
100 49 111 49
101 5 106 6
101 12 104 14
101 16 112 16
101 28 106 29
101 42 106 43
101 47 112 47
101 53 106 54
102 32 113 32
102 33 113 33
102 34 113 34
102 44 107 45
102 55 107 56
102 57 113 57
103 19 114 19
103 25 114 25
103 35 114 35
105 3 116 3
105 7 116 7
105 37 108 39
106 11 117 11
106 12 117 12
106 31 117 31
107 4 112 5
107 6 118 6
107 21 118 21
107 28 118 28
107 29 118 29
107 40 110 42
107 53 118 53
108 0 119 0
108 17 119 17
108 18 119 18
108 23 119 23
109 38 120 38
109 39 120 39
109 44 114 45
110 8 113 10
110 13 115 14
110 26 121 26
110 50 113 52
111 15 122 15
111 27 122 27
111 42 116 43
111 48 122 48
111 59 122 59
112 1 117 2
112 37 123 37
112 46 123 46
112 49 123 49
112 54 117 55
113 5 124 5
113 16 124 16
114 8 117 10
114 41 125 41
114 51 119 52
114 56 117 58
115 19 126 19
115 25 126 25
115 33 118 35
115 44 120 45
116 13 127 13
117 32 128 32
117 40 128 40
118 7 119 12
118 20 129 20
118 36 129 36
118 54 120 57
119 1 122 3
119 30 130 30
119 33 124 34
119 50 130 50
120 7 123 9
120 10 131 10
120 11 125 12
120 17 125 18
120 21 131 21
120 31 131 31
120 52 131 52
121 28 126 29
121 38 126 39
121 43 124 45
121 53 124 55
121 57 126 58
122 26 133 26
123 2 134 2
123 14 128 15
124 1 135 1
124 42 135 42
124 48 135 48
124 59 135 59
125 3 126 8
125 33 128 35
125 37 136 37
125 44 130 45
125 47 136 47
125 53 130 54
125 56 136 56
126 11 131 12
126 23 131 24
126 43 137 43
126 46 137 46
127 3 128 8
127 16 132 17
127 19 138 19
127 27 130 29
127 38 132 39
127 41 138 41
128 0 139 0
128 57 133 58
129 3 134 4
129 5 140 5
129 7 134 8
129 13 134 14
129 34 134 35
129 40 140 40
130 9 141 9
130 15 141 15
130 20 141 20
130 25 141 25
131 18 142 18
131 28 136 29
131 49 134 51
131 53 134 55
132 10 137 11
132 12 143 12
132 21 143 21
132 22 143 22
132 27 143 27
132 30 135 32
133 17 144 17
134 16 145 16
134 38 145 38
135 3 140 4
135 7 140 8
135 13 146 13
135 23 146 23
135 33 146 33
135 34 138 36
135 44 140 45
135 49 136 54
135 57 140 58
136 1 147 1
136 2 147 2
136 48 147 48
136 55 147 55
137 28 142 29
137 30 142 31
137 49 140 51
137 52 140 54
137 59 148 59
138 10 143 11
138 46 149 46
139 34 142 36
139 41 142 43
140 14 151 14
140 19 151 19
141 0 152 0
141 7 152 7
141 37 152 37
141 40 152 40
141 44 152 44
141 49 142 54
141 56 152 56
142 4 145 6
142 8 147 9
142 15 153 15
142 25 147 26
143 18 154 18
143 28 146 30
143 31 154 31
143 32 154 32
143 34 148 35
143 49 148 50
144 10 147 12
144 20 147 22
144 27 155 27
145 3 156 3
145 41 156 41
145 53 150 54
146 4 149 6
146 51 151 52
147 33 158 33
147 39 158 39
147 57 152 58
148 2 159 2
148 8 159 8
148 9 159 9
148 21 151 23
148 24 151 26
148 42 159 42
149 10 160 10
149 28 160 28
149 29 154 30
149 34 152 36
149 47 151 50
150 1 161 1
150 6 161 6
150 11 155 12
150 20 161 20
150 46 161 46
151 5 162 5
151 53 162 53
151 55 162 55
152 19 163 19
152 24 157 25
153 4 164 4
153 34 164 34
153 45 164 45
153 51 164 51
153 56 164 56
153 57 156 59
154 7 165 7
154 14 159 15
154 37 165 37
155 23 166 23
155 29 166 29
155 30 160 31
155 49 166 49
155 50 166 50
155 54 166 54
156 11 161 12
156 17 167 17
156 22 167 22
156 26 161 27
156 35 161 36
156 40 167 40
156 47 167 47
157 57 162 58
158 13 169 13
158 16 169 16
158 41 169 41
159 24 164 25
159 43 170 43
159 59 170 59
160 2 165 3
160 8 171 8
160 14 171 14
160 52 171 52
161 30 164 32
161 33 172 33
161 38 166 39
162 0 167 1
162 9 165 11
162 20 167 21
162 27 167 28
162 36 173 36
162 46 173 46
163 5 174 5
163 12 174 12
163 35 174 35
164 57 169 58
165 24 168 26
165 30 170 31
165 45 176 45
165 48 176 48
165 56 176 56
167 2 172 3
167 23 178 23
167 37 178 37
167 44 178 44
167 49 178 49
167 50 178 50
168 1 179 1
168 18 173 19
168 22 179 22
168 27 179 27
168 38 171 40
168 47 179 47
168 55 179 55
170 41 175 42
171 15 176 16
171 29 176 30
171 31 176 32
171 53 176 54
171 57 176 58
172 8 177 9
173 3 178 4
173 24 178 25
174 18 177 20
175 5 178 7
175 10 178 12
176 41 179 43
177 14 179 17
177 51 179 54
177 56 179 59
179 28 179 39
108 54 111 56
133 39 144 39
137 47 148 47
141 45 152 45
146 16 157 16
153 43 158 44
165 51 176 51
166 9 169 11
172 38 175 40
8 53 19 53
10 56 21 56
113 47 124 47
152 47 154 50
34 0 45 0
34 3 45 3
82 20 93 20
141 57 146 58
12 8 23 8
71 38 76 39
102 58 113 58
47 2 58 2
8 59 18 59
82 31 92 31
120 51 130 51
145 17 155 17
160 15 170 15
168 28 178 28
35 50 44 50
95 3 104 3
100 7 104 8
143 42 147 43
170 10 174 11
108 20 117 20
155 48 164 48
36 42 44 42
166 7 174 7
55 33 63 33
176 38 178 40
65 53 72 53
76 56 77 59
131 44 134 45
178 18 179 21
58 36 61 37
67 45 74 45
106 26 109 27
117 42 120 43
152 52 159 52
37 25 40 26
143 51 144 54
159 44 166 44
56 25 62 25
116 14 122 14
14 10 16 11
30 7 35 7
38 4 40 5
60 12 65 12
67 31 69 32
83 25 88 25
93 59 98 59
119 35 124 35
124 9 129 9
155 32 160 32
7 48 8 50
46 43 51 43
50 27 55 27
84 44 89 44
88 15 89 17
100 56 101 58
69 35 73 35
95 26 99 26
105 8 109 8
126 18 130 18
148 43 152 43
0 7 3 7
3 55 6 55
44 47 45 48
45 34 48 34
47 4 48 5
68 16 68 19
72 19 75 19
77 38 80 38
141 3 144 3
127 25 129 25
