785
0 1 1 6
0 8 11 8
0 9 5 10
0 11 1 16
0 17 2 20
0 21 0 32
0 33 3 35
0 36 11 36
0 37 3 39
0 40 11 40
0 41 3 43
0 44 11 44
0 45 1 50
0 51 1 56
0 57 3 59
1 21 12 21
1 23 6 24
1 25 12 25
1 26 4 28
1 29 4 31
2 1 3 6
2 11 13 11
2 12 4 15
2 45 5 47
2 50 7 51
2 52 4 55
3 16 14 16
3 17 5 20
3 48 14 48
4 0 5 5
4 7 15 7
4 32 15 32
4 35 15 35
4 37 15 37
4 38 15 38
4 41 15 41
4 42 9 43
4 56 9 57
5 13 16 13
5 22 16 22
5 26 8 28
5 34 16 34
5 54 10 55
6 0 9 2
6 9 17 9
6 10 17 10
6 12 17 12
6 18 17 18
6 19 17 19
6 29 17 29
6 33 17 33
6 46 11 47
6 58 17 58
7 5 18 5
7 24 18 24
8 31 19 31
8 51 19 51
8 52 19 52
9 23 20 23
9 26 14 27
9 28 20 28
9 49 14 50
10 0 12 3
10 42 21 42
10 43 21 43
10 45 21 45
10 57 21 57
11 53 14 55
12 4 23 4
12 30 23 30
12 36 23 36
12 40 23 40
12 44 23 44
12 47 23 47
13 0 24 0
13 6 24 6
13 21 24 21
13 25 24 25
14 1 19 2
14 20 25 20
14 46 25 46
15 14 17 17
15 54 18 56
16 37 27 37
16 41 27 41
17 34 28 34
17 49 22 50
18 7 29 7
18 10 29 10
18 11 19 16
18 17 23 18
18 19 29 19
18 35 29 35
18 58 29 58
19 9 30 9
19 54 24 55
19 59 30 59
20 2 25 3
20 11 31 11
20 12 25 13
20 14 31 14
20 15 31 15
20 39 31 39
20 48 31 48
20 52 25 53
21 23 26 24
22 22 33 22
22 42 27 43
23 28 34 28
23 49 26 51
24 8 35 8
24 18 35 18
24 26 35 26
24 36 35 36
25 0 36 0
25 21 36 21
25 25 36 25
25 33 36 33
25 54 27 57
26 1 31 2
26 3 28 6
26 20 37 20
26 29 31 30
26 52 31 53
27 16 32 17
27 23 32 24
27 38 38 38
27 49 30 51
28 32 39 32
28 41 33 42
28 43 39 43
28 54 39 54
28 57 39 57
29 3 31 6
29 27 40 27
29 47 40 47
30 12 35 13
30 19 41 19
30 55 41 55
30 56 41 56
31 40 42 40
31 49 34 51
31 58 36 59
32 1 33 6
32 9 35 11
32 14 43 14
32 48 43 48
33 17 44 17
33 52 38 53
34 1 35 6
34 22 37 24
34 29 45 29
34 34 39 35
34 41 39 42
35 16 46 16
36 1 41 2
36 4 47 4
36 6 38 9
36 10 38 13
36 30 47 30
36 45 47 45
36 49 47 49
37 18 48 18
37 33 48 33
37 44 48 44
37 46 48 46
38 15 49 15
38 20 43 21
38 22 43 23
38 24 49 24
39 6 50 6
39 7 50 7
39 8 42 10
39 11 44 12
39 37 42 39
39 52 44 53
40 34 43 36
40 41 43 43
41 25 43 28
41 54 52 54
41 57 44 59
42 1 47 2
43 19 54 19
43 31 54 31
43 32 54 32
43 38 48 39
44 8 47 10
44 13 49 14
44 20 46 23
44 25 46 28
44 40 47 42
45 11 56 11
45 35 48 37
45 50 47 53
45 55 56 55
45 57 56 57
46 0 57 0
46 47 51 48
47 3 58 3
47 20 50 22
47 25 52 26
47 27 52 28
48 1 59 1
48 8 51 10
48 29 53 30
48 40 53 41
48 49 53 50
48 51 59 51
48 52 53 53
49 16 60 16
49 33 52 35
49 36 51 39
49 42 54 43
49 44 54 45
49 46 60 46
50 4 61 4
50 5 61 5
50 17 61 17
50 23 55 24
51 13 56 14
51 20 56 21
52 6 63 6
52 8 57 9
52 10 63 10
52 36 57 37
52 47 63 47
53 25 55 28
54 12 65 12
54 40 59 41
54 52 59 53
55 18 60 19
55 30 60 31
55 32 66 32
55 34 66 34
55 43 60 44
55 45 66 45
55 50 66 50
56 23 61 24
56 25 59 27
56 42 67 42
56 56 67 56
57 20 60 22
57 28 62 29
57 35 68 35
57 54 62 55
58 13 63 14
58 38 63 39
59 2 70 2
59 3 70 3
59 8 70 8
59 11 70 11
60 0 71 0
60 1 71 1
60 40 71 40
60 41 71 41
60 53 71 53
60 59 71 59
61 15 72 15
61 18 66 19
61 21 66 22
61 31 72 31
61 44 72 44
62 4 67 5
62 17 73 17
62 23 64 26
62 37 73 37
62 43 73 43
62 46 73 46
62 57 67 58
63 7 74 7
63 28 66 30
63 54 74 54
63 55 74 55
64 6 75 6
64 9 69 10
64 20 75 20
64 33 75 33
64 36 75 36
65 25 76 25
65 26 76 26
65 38 70 39
65 48 76 48
65 51 76 51
66 12 71 13
66 49 77 49
67 21 78 21
67 27 70 29
67 50 78 50
67 52 78 52
68 57 79 57
69 14 80 14
69 18 80 18
69 34 80 34
70 9 81 9
70 22 81 22
70 23 75 24
71 2 76 3
71 10 76 11
71 28 74 30
71 47 82 47
72 0 83 0
72 32 83 32
72 59 83 59
73 4 78 5
73 15 84 15
73 39 75 42
74 12 85 12
74 16 85 16
74 35 85 35
74 43 85 43
74 44 77 46
75 17 86 17
75 27 80 28
75 29 80 30
75 53 78 55
76 6 79 8
76 19 81 20
76 24 87 24
76 36 78 39
77 10 88 10
77 11 88 11
77 13 88 13
77 25 82 26
77 51 88 51
78 1 81 3
78 41 89 41
78 46 89 46
79 33 90 33
79 53 81 56
80 5 85 6
80 36 83 38
80 39 91 39
80 44 85 45
80 57 91 57
81 23 92 23
81 28 86 29
81 30 92 30
81 34 92 34
82 1 93 1
82 2 87 3
82 14 93 14
82 18 84 21
82 52 87 53
82 54 93 54
82 56 93 56
83 7 88 8
83 9 94 9
83 26 94 26
83 47 88 48
83 55 94 55
84 32 95 32
84 36 87 38
84 59 95 59
85 18 87 21
86 6 97 6
86 15 91 16
86 22 97 22
86 42 97 42
86 43 97 43
86 44 91 45
87 35 98 35
88 2 91 4
88 18 93 19
88 20 93 21
88 27 93 28
88 37 93 38
88 49 99 49
88 52 93 53
88 58 99 58
89 12 94 13
89 25 100 25
89 29 100 29
89 51 100 51
90 46 93 48
91 7 96 8
91 17 102 17
91 40 96 41
92 2 97 3
92 10 97 11
92 15 103 15
92 24 103 24
92 44 103 44
92 50 103 50
93 23 104 23
93 31 104 31
94 1 105 1
94 4 105 4
94 16 105 16
94 18 96 21
94 27 99 28
94 36 105 36
94 37 97 39
94 45 96 48
94 52 105 52
94 53 105 53
94 56 99 57
95 9 106 9
95 33 100 34
96 13 107 13
96 54 101 55
97 7 102 8
97 18 102 19
97 21 108 21
97 30 108 30
97 46 108 46
98 2 103 3
98 5 103 6
98 10 103 11
98 20 109 20
98 22 109 22
98 37 101 39
98 40 100 43
99 48 110 48
99 59 110 59
100 26 105 27
100 35 111 35
100 49 111 49
101 28 106 29
101 32 104 34
101 40 104 42
101 47 112 47
102 37 105 39
102 54 104 57
103 17 114 17
103 19 114 19
103 25 114 25
104 2 109 3
104 44 109 45
104 51 115 51
105 5 116 5
105 6 116 6
105 7 116 7
105 32 108 34
105 40 107 43
105 54 110 55
105 56 116 56
106 4 117 4
106 11 117 11
106 12 117 12
106 15 111 16
106 31 117 31
106 38 117 38
107 28 118 28
107 29 118 29
107 53 118 53
108 0 119 0
108 18 119 18
108 23 119 23
108 39 119 39
108 40 110 43
109 21 120 21
109 32 114 33
109 46 120 46
109 57 114 58
110 1 113 3
110 8 113 10
110 13 115 14
110 26 121 26
111 27 122 27
111 42 116 43
111 48 122 48
111 59 122 59
112 15 117 16
112 34 115 36
112 37 123 37
112 44 117 45
112 49 123 49
112 54 117 55
114 1 117 3
114 8 117 10
114 41 125 41
115 17 126 17
115 19 120 20
115 25 126 25
115 57 126 57
116 13 127 13
116 32 119 34
116 50 121 51
116 52 127 52
116 58 127 58
117 5 122 6
117 35 122 36
117 40 128 40
118 7 120 10
118 12 129 12
118 14 121 16
118 44 123 45
118 54 121 56
119 1 122 3
119 11 130 11
119 30 130 30
120 31 125 32
121 7 123 10
121 20 126 21
121 28 126 29
121 38 126 39
122 26 133 26
122 46 133 46
122 53 127 54
122 55 127 56
123 2 134 2
123 5 128 6
123 14 128 15
123 19 134 19
123 33 128 34
123 36 134 36
124 1 135 1
124 10 135 10
124 42 135 42
124 44 135 44
124 45 135 45
124 48 126 51
124 59 135 59
125 37 136 37
125 47 136 47
126 3 131 4
126 7 131 8
126 23 131 24
126 43 137 43
127 16 132 17
127 20 132 21
127 27 130 29
127 38 132 39
127 41 138 41
127 48 132 49
127 50 132 51
128 0 139 0
128 53 130 56
128 57 133 58
129 5 140 5
129 13 134 14
129 31 131 34
129 40 140 40
130 9 141 9
130 12 141 12
130 15 141 15
130 25 141 25
131 18 142 18
131 28 136 29
131 53 134 55
132 3 143 3
132 22 143 22
132 27 143 27
132 30 133 35
133 17 144 17
133 20 138 21
133 48 144 48
133 49 135 52
134 11 145 11
134 16 145 16
134 30 139 31
134 34 139 35
134 38 145 38
134 56 139 57
135 7 140 8
135 13 146 13
135 23 146 23
135 33 146 33
135 54 146 54
135 58 146 58
136 1 147 1
136 2 147 2
136 45 141 46
136 49 139 51
136 55 147 55
137 28 148 28
137 29 148 29
137 36 142 37
137 44 148 44
137 59 148 59
139 41 142 43
140 14 151 14
140 19 151 19
140 20 145 21
140 30 145 31
140 34 151 34
140 50 143 52
141 0 152 0
141 7 152 7
141 40 152 40
141 56 152 56
142 4 147 5
142 8 147 9
142 15 153 15
142 25 147 26
142 35 153 35
142 46 153 46
143 6 154 6
143 18 154 18
143 32 154 32
144 22 155 22
144 27 155 27
144 37 155 37
144 49 149 50
145 3 156 3
145 41 156 41
146 10 149 12
146 51 151 52
147 33 158 33
147 39 158 39
147 53 158 53
147 57 152 58
148 2 159 2
148 4 153 5
148 8 159 8
148 9 159 9
148 23 151 25
148 31 159 31
148 42 159 42
149 28 160 28
149 29 154 30
149 44 154 45
150 1 161 1
150 10 161 10
150 11 155 12
150 20 155 21
150 47 152 50
151 55 162 55
152 19 163 19
152 24 157 25
152 34 163 34
153 51 164 51
153 56 164 56
153 57 158 58
154 7 165 7
154 14 159 15
155 4 166 4
155 23 166 23
155 29 166 29
155 43 157 46
155 49 166 49
155 50 166 50
155 54 166 54
156 5 161 6
156 11 161 12
156 17 167 17
156 22 167 22
156 26 161 27
156 35 161 36
156 37 167 37
156 40 167 40
156 47 167 47
158 13 169 13
158 16 169 16
158 41 169 41
159 24 164 25
159 43 170 43
159 44 164 45
159 46 170 46
159 52 164 53
159 58 170 58
159 59 170 59
160 2 165 3
160 8 171 8
160 14 171 14
160 30 163 32
161 33 172 33
161 38 166 39
162 0 167 1
162 5 167 6
162 9 167 10
162 11 173 11
162 20 167 21
162 27 167 28
162 36 173 36
162 57 173 57
163 12 174 12
163 35 174 35
164 30 167 32
165 24 170 25
165 45 176 45
165 48 176 48
165 51 170 52
165 56 176 56
167 2 178 2
167 23 178 23
167 44 178 44
167 49 178 49
167 50 178 50
168 1 179 1
168 3 173 4
168 18 173 19
168 22 179 22
168 27 170 30
168 31 173 32
168 37 179 37
168 38 171 40
168 47 179 47
168 55 179 55
169 5 174 6
170 41 175 42
171 15 176 16
171 26 173 29
171 51 173 54
171 58 176 59
172 8 175 10
173 24 178 25
174 18 177 20
174 26 175 31
174 32 179 33
174 51 177 53
175 4 178 6
175 11 177 14
176 7 178 10
176 27 179 29
176 41 179 43
177 56 179 59
178 15 179 20
4 59 15 59
52 38 57 39
74 31 85 31
79 40 90 40
133 39 144 39
135 53 146 53
137 47 148 47
146 16 157 16
172 38 175 40
113 47 124 47
176 38 179 40
36 5 47 5
117 42 122 43
12 8 23 8
153 48 164 48
143 43 154 43
28 37 38 37
53 33 63 33
68 56 78 56
120 18 130 18
36 3 46 3
145 17 155 17
160 15 170 15
48 2 58 2
35 50 44 50
60 51 64 52
68 4 72 5
149 59 158 59
106 52 115 52
132 4 141 4
166 7 175 7
67 19 75 19
123 35 131 35
37 0 45 0
100 58 108 58
58 36 61 37
106 26 109 27
146 20 149 21
37 25 40 26
168 9 171 10
2 49 8 49
67 45 73 45
86 31 92 31
103 8 109 8
142 45 148 45
152 52 158 52
140 57 146 57
5 52 7 53
19 56 24 56
30 7 35 7
60 25 61 27
76 40 77 42
83 25 88 25
124 9 129 9
148 54 150 55
174 54 179 54
44 34 48 34
45 17 49 17
69 35 73 35
95 26 99 26
135 19 139 19
155 32 159 32
15 53 19 53
0 7 3 7
6 45 9 45
14 11 17 11
44 47 45 48
48 4 49 5
71 38 72 39
87 17 90 17
124 7 125 8
136 52 139 52
158 43 158 46
100 56 101 57
144 51 145 52
122 14 122 16
127 25 129 25
