768
0 1 1 6
0 8 11 8
0 9 5 10
0 11 1 16
0 17 2 20
0 21 11 21
0 22 2 25
0 26 5 27
0 28 1 33
0 34 2 37
0 38 1 43
0 44 11 44
0 45 1 50
0 51 3 53
0 54 1 59
2 1 3 6
2 11 13 11
2 12 4 15
2 28 13 28
2 38 7 39
2 40 4 43
2 45 5 47
2 57 13 57
2 58 7 59
3 16 14 16
3 17 5 20
3 22 6 24
3 31 4 36
3 37 14 37
3 48 14 48
3 54 14 54
4 0 5 5
4 7 15 7
4 50 6 53
5 13 16 13
5 31 6 36
5 40 10 41
6 0 17 0
6 1 11 2
6 9 17 9
6 10 17 10
6 12 17 12
6 18 11 19
6 25 9 27
6 29 17 29
6 42 11 43
6 46 11 47
7 5 18 5
7 22 10 24
7 32 10 34
7 51 18 51
7 55 18 55
8 31 19 31
8 35 13 36
8 38 19 38
8 52 19 52
8 58 19 58
9 49 14 50
10 25 13 27
10 45 21 45
11 22 16 23
11 32 22 32
11 33 22 33
11 40 22 40
12 4 23 4
12 17 17 18
12 19 23 19
12 21 23 21
12 30 23 30
12 34 23 34
12 41 17 42
12 44 23 44
12 47 23 47
13 6 24 6
14 1 19 2
14 20 25 20
14 28 25 28
14 36 25 36
14 46 25 46
14 57 25 57
15 25 26 25
15 54 26 54
16 37 27 37
17 14 20 16
17 24 28 24
17 49 22 50
18 0 29 0
18 7 29 7
18 10 29 10
18 11 21 13
18 17 23 18
18 23 29 23
18 35 29 35
18 41 29 41
19 9 30 9
19 55 30 55
19 59 30 59
20 2 25 3
20 39 31 39
20 43 31 43
20 48 31 48
20 52 25 53
21 15 32 15
22 11 33 11
22 22 33 22
23 12 28 13
23 42 34 42
23 49 26 51
24 8 35 8
24 18 35 18
24 19 35 19
24 26 35 26
25 21 36 21
25 33 36 33
25 56 36 56
26 1 27 6
26 20 37 20
26 29 31 30
26 36 37 36
26 52 31 53
27 16 32 17
27 38 38 38
27 49 30 51
27 54 38 54
28 1 33 2
28 3 39 3
28 5 33 6
28 28 39 28
28 32 39 32
28 57 39 57
29 24 40 24
29 27 40 27
29 47 40 47
29 58 40 58
30 12 35 13
30 40 35 41
31 23 42 23
31 49 34 51
31 55 42 55
32 14 43 14
32 43 43 43
32 48 43 48
33 4 44 4
33 17 44 17
33 52 38 53
34 5 39 6
34 9 37 11
34 29 45 29
34 34 39 35
35 1 46 1
35 2 46 2
35 16 46 16
36 12 41 13
36 18 41 19
36 30 47 30
36 41 47 41
36 45 47 45
36 49 47 49
37 7 48 7
37 33 48 33
37 44 48 44
37 46 48 46
38 8 41 10
38 15 49 15
38 20 43 21
38 40 49 40
39 37 42 39
39 52 42 54
40 34 43 36
41 24 43 27
41 57 44 59
43 19 54 19
43 31 54 31
43 32 54 32
43 38 48 39
43 50 45 53
43 54 54 54
44 8 47 10
44 11 46 14
44 20 55 20
44 21 49 22
44 23 45 28
45 4 56 4
45 35 56 35
45 42 56 42
45 55 56 55
45 57 56 57
46 0 57 0
46 23 48 26
46 27 49 29
46 36 51 37
46 47 51 48
46 50 48 53
47 3 58 3
48 1 59 1
48 8 51 10
48 16 51 18
49 5 54 6
49 23 52 25
49 26 60 26
49 33 54 34
49 41 60 41
49 44 54 45
49 46 60 46
49 49 51 52
50 21 55 22
50 28 55 29
51 13 56 14
51 38 56 39
52 7 53 12
52 15 54 18
52 36 57 37
52 43 63 43
52 47 63 47
52 48 53 53
53 24 64 24
54 8 59 9
54 10 65 10
54 11 59 12
54 49 56 52
55 5 60 6
55 16 57 19
55 30 60 31
55 32 66 32
55 34 66 34
55 40 66 40
55 45 66 45
56 20 58 23
56 27 67 27
56 56 67 56
57 28 62 29
57 35 68 35
57 42 68 42
57 44 68 44
57 48 59 51
57 54 62 55
58 13 59 18
58 38 63 39
59 2 70 2
59 3 70 3
59 19 64 20
59 52 64 53
60 0 71 0
60 1 71 1
60 8 71 8
60 11 61 16
60 17 71 17
60 21 65 22
60 50 65 51
60 59 71 59
61 4 66 5
61 31 72 31
61 41 72 41
62 11 73 11
62 13 67 14
62 37 73 37
62 46 73 46
62 57 67 58
63 7 74 7
63 25 68 26
63 28 66 30
63 54 74 54
63 55 74 55
64 6 75 6
64 33 75 33
64 36 75 36
64 43 75 43
65 9 76 9
65 20 76 20
65 38 70 39
65 48 76 48
66 10 77 10
66 49 77 49
66 50 77 50
66 51 71 52
67 4 72 5
67 15 72 16
67 21 78 21
67 28 72 29
68 12 71 14
68 40 79 40
68 57 79 57
69 18 80 18
69 22 71 25
69 34 80 34
71 2 76 3
71 26 82 26
71 47 82 47
72 0 83 0
72 12 75 14
72 22 83 22
72 23 83 23
72 25 83 25
72 32 83 32
72 44 83 44
72 51 77 52
72 59 83 59
73 4 78 5
73 15 78 16
73 27 78 28
73 29 78 30
73 41 78 42
74 35 85 35
75 11 86 11
75 17 86 17
75 45 86 45
75 46 86 46
75 53 78 55
76 6 79 8
76 12 81 13
76 14 87 14
76 19 87 19
76 24 87 24
76 36 78 39
76 43 87 43
78 1 81 3
78 9 83 10
78 48 80 51
79 27 81 30
79 33 90 33
79 53 84 54
79 56 90 56
80 5 85 6
80 36 85 37
80 39 91 39
80 40 83 42
80 57 91 57
81 16 92 16
81 34 92 34
81 38 92 38
81 50 84 52
82 1 93 1
82 2 87 3
82 27 84 30
83 7 88 8
83 13 94 13
83 21 94 21
83 26 94 26
83 47 88 48
83 55 94 55
84 9 95 9
84 15 95 15
84 23 95 23
84 32 95 32
84 40 89 41
84 59 95 59
85 27 88 29
85 30 96 30
85 51 96 51
85 53 90 54
86 6 97 6
86 22 97 22
86 42 97 42
87 10 90 12
87 35 98 35
87 46 98 46
88 2 99 2
88 18 93 19
88 43 91 45
88 49 99 49
88 58 99 58
89 3 94 4
89 25 100 25
89 27 92 29
90 52 101 52
91 7 96 8
91 14 102 14
91 17 102 17
91 40 96 41
91 47 96 48
91 53 96 54
92 10 103 10
92 11 103 11
92 24 103 24
92 44 103 44
92 50 103 50
92 56 97 57
93 28 104 28
93 31 104 31
93 36 96 38
94 1 105 1
94 16 105 16
94 18 97 20
94 29 105 29
95 4 106 4
95 21 106 21
95 33 100 34
96 9 107 9
96 13 107 13
96 23 107 23
97 7 102 8
97 30 108 30
97 36 102 37
97 39 102 40
97 53 100 55
98 5 103 6
98 18 109 18
98 19 103 20
98 22 109 22
98 51 109 51
99 41 110 41
99 43 110 43
99 46 110 46
99 48 110 48
99 59 110 59
100 2 111 2
100 26 105 27
100 35 111 35
100 38 111 38
100 49 111 49
101 32 112 32
101 33 112 33
101 47 112 47
101 53 104 55
102 34 113 34
102 52 113 52
102 56 113 56
102 57 113 57
103 17 114 17
103 25 114 25
104 20 115 20
104 44 109 45
105 3 116 3
105 5 116 5
105 6 116 6
105 7 116 7
105 42 116 42
105 54 110 55
106 11 117 11
106 12 117 12
106 15 111 16
106 26 108 29
106 31 117 31
107 4 118 4
107 21 118 21
107 53 118 53
108 0 119 0
108 23 119 23
108 39 119 39
109 29 120 29
110 8 113 10
110 13 115 14
110 18 121 18
110 26 121 26
110 28 121 28
110 51 121 51
111 19 122 19
111 27 122 27
111 44 114 46
111 48 122 48
111 59 122 59
112 1 117 2
112 15 117 16
112 35 114 38
112 49 123 49
112 54 117 55
113 43 124 43
114 8 117 10
114 41 125 41
114 56 117 58
115 17 126 17
115 25 126 25
115 33 120 34
115 37 120 38
115 44 117 47
116 13 127 13
116 52 127 52
117 5 128 5
117 6 128 6
117 32 128 32
117 35 122 36
117 40 128 40
118 7 120 10
118 12 129 12
118 14 121 16
118 20 129 20
118 44 120 47
118 54 120 57
119 1 122 3
119 11 130 11
119 30 130 30
119 50 130 50
120 21 131 21
120 31 131 31
121 7 132 7
121 8 124 10
121 38 126 39
121 44 132 44
121 53 123 56
121 57 126 58
122 26 133 26
122 28 133 28
122 45 127 46
123 2 134 2
123 14 128 15
123 19 134 19
123 29 134 29
123 33 128 34
123 36 134 36
124 1 135 1
124 42 135 42
124 48 135 48
124 53 129 54
124 59 135 59
125 37 136 37
125 47 136 47
125 56 136 56
126 3 131 4
126 23 131 24
126 43 137 43
127 8 130 10
127 16 132 17
127 38 132 39
127 41 138 41
128 0 139 0
128 45 139 45
128 46 139 46
128 51 133 52
128 57 133 58
129 5 140 5
129 13 134 14
129 34 134 35
129 40 140 40
130 12 141 12
130 15 141 15
130 20 141 20
130 25 141 25
130 54 141 54
131 8 134 10
131 18 142 18
132 3 143 3
132 21 143 21
132 22 143 22
132 27 143 27
132 30 137 31
133 17 144 17
133 50 144 50
134 11 145 11
134 16 145 16
134 28 145 28
134 38 145 38
134 53 145 53
135 6 137 9
135 13 146 13
135 23 146 23
135 33 146 33
135 34 138 36
135 57 140 58
136 1 147 1
136 2 147 2
136 29 147 29
136 48 147 48
136 55 147 55
137 44 148 44
137 59 148 59
138 6 141 8
138 9 143 10
138 30 143 31
139 34 142 36
139 41 142 43
140 14 151 14
140 19 151 19
140 45 151 45
141 0 152 0
141 37 152 37
141 40 152 40
141 56 152 56
142 4 147 5
142 6 147 7
142 15 153 15
142 25 147 26
142 46 153 46
143 18 154 18
143 32 154 32
143 34 148 35
144 20 147 22
144 27 155 27
144 31 155 31
145 3 156 3
145 9 156 9
145 41 156 41
146 10 149 12
146 49 149 51
146 52 151 53
147 8 158 8
147 33 158 33
147 39 158 39
147 57 152 58
148 2 159 2
148 4 153 5
148 21 153 22
148 23 151 25
148 42 159 42
149 6 154 7
149 28 160 28
149 29 154 30
149 34 152 36
150 1 161 1
150 10 155 11
150 20 161 20
150 47 152 50
151 55 162 55
152 19 163 19
152 24 157 25
152 44 157 45
152 51 154 54
153 34 164 34
153 56 158 57
153 58 164 58
154 14 159 15
154 37 165 37
155 4 166 4
155 23 166 23
155 29 166 29
155 49 160 50
155 51 166 51
155 53 160 54
156 5 159 7
156 10 159 12
156 17 167 17
156 22 167 22
156 26 161 27
156 30 161 31
156 35 161 36
156 40 167 40
156 47 167 47
158 13 169 13
158 16 169 16
158 41 169 41
159 8 170 8
159 24 164 25
159 43 170 43
159 44 164 45
159 46 170 46
159 59 170 59
160 2 165 3
160 5 171 5
160 9 163 11
160 12 171 12
160 14 171 14
160 52 171 52
161 33 172 33
161 38 166 39
161 48 166 49
161 54 172 54
162 0 167 1
162 20 167 21
162 27 167 28
162 30 167 31
162 36 173 36
162 57 173 57
163 35 174 35
163 50 174 50
164 9 167 11
165 6 170 7
165 24 168 26
165 45 176 45
165 56 176 56
165 58 176 58
167 2 172 3
167 23 178 23
167 37 178 37
167 44 178 44
167 48 172 49
168 1 179 1
168 18 173 19
168 22 179 22
168 27 170 30
168 31 173 32
168 38 171 40
168 47 179 47
168 55 179 55
170 41 175 42
171 7 173 10
171 15 176 16
171 26 173 29
172 4 177 5
172 11 175 13
172 52 177 53
173 24 178 25
173 48 178 49
174 7 179 8
174 18 177 20
174 26 175 31
174 32 179 33
176 10 178 13
176 27 179 29
176 41 179 43
177 14 179 17
177 56 179 59
3 56 14 56
27 25 38 25
30 0 41 0
41 5 46 6
74 31 85 31
133 39 144 39
137 47 148 47
138 51 143 52
146 16 157 16
167 51 178 51
172 38 175 40
7 53 18 53
77 20 88 20
124 55 135 55
156 32 167 32
176 38 179 40
141 57 146 58
12 8 23 8
102 58 113 58
146 43 157 43
47 2 58 2
21 14 31 14
28 37 38 37
68 56 78 56
8 59 18 59
65 19 75 19
145 17 155 17
160 15 170 15
35 42 44 42
53 25 62 25
95 3 104 3
149 59 158 59
160 6 164 7
65 53 74 53
132 4 141 4
15 56 24 56
95 26 99 27
71 38 75 39
60 18 68 18
55 33 63 33
122 18 130 18
168 9 170 11
178 18 179 21
44 43 51 43
58 36 61 37
67 45 74 45
153 47 154 50
98 56 101 57
134 51 137 52
2 49 8 49
86 31 92 31
103 8 109 8
173 54 179 54
30 7 36 7
40 3 46 3
117 42 123 42
122 51 127 51
123 35 128 35
148 54 150 55
50 27 55 27
125 8 126 10
155 48 160 48
44 34 48 34
69 35 73 35
135 19 139 19
155 52 159 52
2 55 6 55
0 7 3 7
6 45 9 45
14 11 17 11
39 25 40 26
42 0 45 0
44 47 45 48
87 17 90 17
158 43 158 46
144 51 145 52
122 14 122 16
127 25 129 25
