773
0 1 3 3
0 4 11 4
0 6 11 6
0 8 11 8
0 9 11 9
0 11 1 16
0 17 2 20
0 21 0 32
0 33 2 36
0 37 3 39
0 40 11 40
0 41 3 43
0 44 11 44
0 45 1 50
0 51 3 53
0 54 2 57
1 10 12 10
1 21 12 21
1 23 6 24
1 25 12 25
1 26 4 28
1 29 6 30
2 11 13 11
2 12 4 15
2 45 5 47
2 58 7 59
3 16 14 16
3 17 5 20
3 31 4 36
3 48 14 48
3 54 14 54
4 1 9 2
4 7 15 7
4 37 15 37
4 38 15 38
4 41 15 41
4 42 9 43
4 50 9 51
4 56 9 57
5 5 16 5
5 13 16 13
5 22 16 22
5 26 8 28
5 31 6 36
6 0 17 0
6 12 17 12
6 18 11 19
6 46 11 47
7 24 18 24
7 29 18 29
7 32 10 34
7 55 18 55
8 31 19 31
8 35 13 36
8 52 19 52
8 58 19 58
9 23 20 23
9 26 14 27
9 28 20 28
9 49 20 49
10 42 21 42
10 43 21 43
10 45 21 45
10 50 15 51
10 57 21 57
11 32 22 32
11 33 22 33
12 4 23 4
12 9 23 9
12 17 17 18
12 19 23 19
12 30 23 30
12 34 23 34
12 40 23 40
12 44 23 44
12 47 23 47
13 6 24 6
13 21 24 21
13 25 24 25
14 1 19 2
14 20 25 20
14 36 25 36
14 46 25 46
15 54 26 54
16 37 27 37
16 41 27 41
17 10 28 10
17 14 20 16
17 50 22 51
18 0 29 0
18 7 29 7
18 11 21 13
18 17 23 18
18 35 29 35
19 55 30 55
19 59 30 59
20 2 25 3
20 39 31 39
20 48 31 48
20 52 31 52
20 53 31 53
21 15 32 15
21 23 26 24
22 11 33 11
22 22 33 22
22 42 27 43
23 12 28 13
23 28 34 28
23 49 26 51
23 56 26 58
24 8 35 8
24 9 35 9
24 18 35 18
24 19 35 19
24 26 35 26
25 21 36 21
25 25 36 25
25 33 36 33
26 1 27 6
26 20 37 20
26 29 31 30
26 36 37 36
27 16 32 17
27 23 32 24
27 38 38 38
27 49 30 51
27 54 38 54
28 1 33 2
28 3 33 4
28 5 33 6
28 32 39 32
28 41 33 42
28 43 39 43
28 57 39 57
29 27 40 27
29 47 40 47
29 58 40 58
30 12 35 13
30 56 41 56
31 40 42 40
31 49 34 51
31 55 42 55
32 14 43 14
32 48 43 48
33 17 44 17
33 52 38 53
34 0 35 5
34 6 45 6
34 22 37 24
34 29 45 29
34 34 39 35
34 41 39 42
35 10 40 11
35 16 46 16
36 1 41 2
36 4 47 4
36 7 39 9
36 12 41 13
36 18 41 19
36 30 47 30
36 45 47 45
36 49 47 49
37 33 48 33
37 44 48 44
37 46 48 46
38 15 49 15
38 20 43 21
38 22 43 23
38 24 49 24
39 37 42 39
39 52 42 54
40 7 51 7
40 8 45 9
40 34 43 36
40 41 43 43
41 10 52 10
41 25 43 28
41 57 44 59
42 1 47 2
43 19 54 19
43 31 54 31
43 32 54 32
43 38 48 39
43 50 45 53
43 54 54 54
44 11 46 14
44 20 55 20
44 21 49 22
44 25 46 28
44 40 47 42
45 35 56 35
45 55 56 55
45 57 56 57
46 0 57 0
46 9 57 9
46 36 51 37
46 47 51 48
46 50 48 53
47 3 58 3
47 25 52 26
47 27 52 28
48 1 59 1
48 16 51 18
48 29 53 30
48 40 53 41
49 5 54 6
49 33 54 34
49 42 54 43
49 44 54 45
49 46 60 46
49 49 54 50
49 51 54 52
50 4 61 4
50 21 53 23
51 13 56 14
51 24 62 24
51 38 56 39
52 15 57 16
52 17 63 17
52 36 57 37
52 47 63 47
53 25 55 28
54 10 65 10
54 11 59 12
54 21 59 22
54 40 59 41
55 5 60 6
55 18 60 19
55 30 60 31
55 32 66 32
55 34 66 34
55 43 66 43
55 45 66 45
55 48 56 53
56 20 67 20
56 25 59 27
56 42 67 42
56 56 67 56
57 28 62 29
57 35 68 35
57 44 68 44
57 48 59 51
57 54 62 55
58 13 63 14
58 38 63 39
59 2 70 2
59 3 70 3
59 8 70 8
59 52 64 53
60 0 71 0
60 1 71 1
60 21 65 22
60 40 71 40
60 41 71 41
60 50 65 51
60 59 71 59
61 5 64 7
61 15 72 15
61 18 66 19
61 31 72 31
62 11 73 11
62 26 67 27
62 37 73 37
62 46 73 46
62 57 67 58
63 25 74 25
63 28 68 29
63 54 74 54
63 55 74 55
64 33 75 33
64 36 75 36
65 4 68 6
65 7 76 7
65 9 76 9
65 38 70 39
65 48 76 48
66 10 77 10
66 12 71 13
66 30 77 30
66 49 77 49
66 50 77 50
66 51 71 52
67 21 78 21
68 42 73 43
68 57 79 57
69 4 72 6
69 14 80 14
69 16 72 18
69 20 80 20
69 27 74 28
69 34 80 34
70 22 81 22
70 23 75 24
71 2 76 3
71 26 82 26
71 47 82 47
72 0 83 0
72 32 83 32
72 44 83 44
72 51 75 53
72 59 83 59
73 4 78 5
73 6 84 6
73 15 78 16
73 17 78 18
74 12 85 12
74 29 85 29
74 35 85 35
74 37 75 42
74 43 85 43
75 11 86 11
75 25 86 25
75 27 80 28
75 45 86 45
75 46 86 46
76 8 87 8
76 19 87 19
76 24 87 24
76 36 79 38
76 51 79 53
76 54 87 54
77 13 88 13
77 39 88 39
77 55 88 55
78 1 81 3
78 9 83 10
78 41 89 41
79 15 81 18
79 33 90 33
79 56 90 56
80 30 91 30
80 36 85 37
80 50 83 52
80 53 91 53
80 57 91 57
81 23 92 23
81 34 92 34
81 38 92 38
82 1 93 1
82 2 87 3
82 14 93 14
82 16 87 17
83 21 94 21
83 26 94 26
83 47 88 48
84 9 95 9
84 15 95 15
84 27 89 28
84 32 95 32
84 59 95 59
85 4 88 6
85 51 96 51
86 22 97 22
86 42 97 42
86 43 97 43
87 10 90 12
87 35 98 35
87 46 98 46
88 2 99 2
88 7 93 8
88 18 93 19
88 49 99 49
88 58 99 58
89 3 94 4
89 6 100 6
89 13 100 13
89 25 100 25
89 29 100 29
89 39 100 39
89 54 100 54
90 28 101 28
90 44 101 44
90 52 101 52
91 17 102 17
91 40 96 41
91 47 96 48
92 10 97 11
92 24 103 24
92 50 103 50
92 55 97 56
93 23 104 23
93 31 104 31
93 36 96 38
93 53 104 53
94 1 105 1
94 7 99 8
94 16 105 16
94 18 97 20
95 4 106 4
95 21 106 21
95 33 100 34
96 9 107 9
97 30 108 30
97 36 108 36
98 10 103 11
98 18 109 18
98 19 103 20
98 22 109 22
98 37 103 38
98 40 100 43
98 51 109 51
99 46 110 46
99 48 110 48
99 55 110 55
99 59 110 59
100 2 111 2
100 26 105 27
100 35 111 35
100 49 111 49
101 5 106 6
101 12 104 14
101 32 112 32
101 33 112 33
101 40 104 42
101 47 112 47
102 28 107 29
102 34 113 34
102 43 105 45
102 52 113 52
102 56 113 56
102 57 113 57
103 17 114 17
103 25 114 25
104 20 115 20
104 37 109 38
105 3 116 3
105 7 116 7
105 41 110 42
106 11 117 11
106 12 117 12
106 13 108 16
106 31 117 31
107 4 112 5
107 6 118 6
107 21 118 21
107 43 110 45
107 53 118 53
108 0 119 0
108 23 119 23
108 28 113 29
108 39 119 39
109 14 112 16
110 8 113 10
110 18 121 18
110 26 121 26
110 36 113 38
110 51 121 51
111 19 122 19
111 27 122 27
111 42 116 43
111 44 114 46
111 48 122 48
111 59 122 59
112 1 117 2
112 49 123 49
112 54 117 55
113 5 124 5
113 13 115 16
114 8 117 10
114 28 117 30
114 33 115 38
114 41 125 41
114 56 117 58
115 17 126 17
115 25 126 25
115 44 117 47
116 13 127 13
116 14 121 15
116 32 119 34
116 37 121 38
116 52 127 52
117 35 122 36
117 40 128 40
118 7 119 12
118 20 129 20
118 28 129 28
118 44 120 47
118 54 121 56
119 1 122 3
119 30 130 30
119 50 130 50
120 7 123 9
120 10 131 10
120 11 131 11
120 12 131 12
120 21 131 21
120 31 131 31
120 32 125 33
121 43 124 45
121 57 126 58
122 26 133 26
122 38 133 38
122 46 133 46
122 53 127 54
122 55 127 56
123 2 134 2
123 14 128 15
123 19 134 19
123 29 134 29
123 36 134 36
123 39 134 39
124 1 135 1
124 42 135 42
124 48 135 48
124 59 135 59
125 3 126 8
125 34 130 35
125 37 136 37
125 44 130 45
125 47 136 47
126 23 131 24
126 32 131 33
126 43 137 43
127 3 132 4
127 5 132 6
127 7 130 9
127 16 138 16
127 41 138 41
128 0 139 0
128 51 130 54
128 55 133 56
128 57 133 58
129 13 134 14
129 40 140 40
130 15 141 15
130 20 141 20
130 25 141 25
130 28 141 28
131 7 136 8
131 18 142 18
131 34 136 35
131 49 134 51
131 54 142 54
132 9 137 10
132 12 143 12
132 21 143 21
132 22 143 22
132 27 143 27
132 30 137 31
132 52 137 53
133 3 135 6
133 17 144 17
134 11 145 11
134 38 145 38
134 44 137 46
134 56 137 58
135 13 146 13
135 23 146 23
135 33 146 33
135 50 146 50
136 1 147 1
136 2 147 2
136 4 139 6
136 29 147 29
136 48 147 48
136 55 147 55
137 7 142 8
137 34 142 35
137 36 142 37
137 59 148 59
138 9 149 9
138 30 143 31
138 42 140 45
138 46 149 46
138 51 141 53
138 56 141 58
139 16 150 16
140 14 151 14
140 19 151 19
141 0 152 0
141 40 144 42
141 43 144 45
142 4 145 6
142 15 153 15
142 25 147 26
142 56 153 56
143 7 154 7
143 18 154 18
143 32 154 32
143 34 154 34
143 35 154 35
144 20 147 22
144 27 155 27
144 31 155 31
144 37 155 37
145 3 156 3
145 39 147 42
145 53 150 54
146 4 149 6
146 10 149 12
146 44 151 45
146 51 151 52
147 8 158 8
147 33 158 33
147 57 152 58
148 2 159 2
148 21 151 23
148 24 151 26
148 38 150 41
148 42 159 42
148 48 153 49
149 28 160 28
149 29 154 30
149 50 160 50
150 1 161 1
150 6 161 6
150 10 161 10
150 11 155 12
150 20 161 20
150 46 161 46
151 5 162 5
151 38 153 41
151 53 162 53
151 55 162 55
152 19 163 19
152 24 157 25
152 44 157 45
153 4 164 4
153 51 164 51
153 57 158 58
154 14 159 15
154 41 165 41
155 23 166 23
155 29 166 29
155 34 158 36
155 49 166 49
155 54 166 54
156 11 161 12
156 17 167 17
156 22 167 22
156 26 161 27
156 30 161 31
156 37 167 37
156 40 167 40
156 47 167 47
158 13 169 13
158 16 169 16
159 7 164 8
159 24 164 25
159 32 162 34
159 35 170 35
159 43 170 43
159 44 164 45
159 56 162 58
159 59 170 59
160 2 165 3
160 14 171 14
160 52 171 52
161 38 166 39
162 0 167 1
162 9 165 11
162 20 167 21
162 27 167 28
162 30 167 31
162 36 173 36
162 46 173 46
163 5 174 5
163 12 174 12
163 33 174 33
163 50 174 50
163 56 168 57
164 58 175 58
165 6 170 7
165 24 170 25
165 45 176 45
165 48 176 48
166 8 168 11
167 2 172 3
167 23 178 23
167 44 178 44
167 49 178 49
168 1 179 1
168 18 173 19
168 22 179 22
168 27 170 30
168 31 173 32
168 37 169 42
168 47 179 47
168 55 179 55
169 56 174 57
170 41 175 42
171 7 173 10
171 15 176 16
171 26 173 29
171 37 173 40
171 53 176 54
173 3 178 4
173 24 178 25
174 7 179 8
174 18 177 20
174 26 175 31
174 34 177 36
175 9 176 14
176 27 179 29
176 30 179 32
176 41 179 43
176 57 179 59
177 10 178 15
177 51 179 54
178 16 179 21
4 53 15 53
74 31 85 31
79 40 90 40
137 47 148 47
165 51 176 51
174 37 176 40
178 35 179 40
10 56 21 56
81 20 92 20
36 5 47 5
12 8 23 8
102 58 113 58
146 43 157 43
21 14 31 14
28 37 38 37
68 56 78 56
8 59 18 59
36 3 46 3
145 17 155 17
154 48 164 48
160 15 170 15
48 2 58 2
92 57 101 57
95 3 104 3
135 39 144 39
149 59 158 59
100 7 104 8
95 26 99 27
142 57 146 58
36 0 45 0
17 5 25 5
136 3 144 3
55 33 63 33
67 19 75 19
122 18 130 18
142 51 144 53
72 38 73 41
58 36 61 37
67 45 74 45
106 26 109 27
117 42 120 43
152 52 159 52
169 8 170 11
37 25 40 26
2 49 8 49
65 53 71 53
86 31 92 31
149 47 155 47
14 10 16 11
30 7 35 7
60 12 65 12
60 25 61 27
67 16 68 18
76 40 77 42
122 51 127 51
127 17 132 17
84 44 89 44
88 16 90 17
44 34 48 34
69 35 73 35
105 8 109 8
135 19 139 19
0 7 3 7
3 55 6 55
6 45 9 45
44 47 45 48
155 32 158 32
16 53 19 53
122 14 122 16
127 25 129 25
135 51 137 51
145 43 145 45
158 43 158 45
