763
0 57 3 59
0 53 5 54
0 50 3 52
0 48 11 48
0 44 11 44
0 42 11 42
0 40 11 40
0 38 5 39
0 36 11 36
0 35 11 35
0 29 1 34
0 27 11 27
0 25 11 25
0 24 11 24
0 22 5 23
0 21 11 21
0 19 5 20
0 17 11 17
0 15 5 16
0 13 5 14
0 11 11 11
0 9 11 9
0 8 11 8
0 6 11 6
0 4 11 4
0 1 3 3
1 41 12 41
1 10 12 10
2 45 5 47
2 37 13 37
2 32 5 34
2 28 13 28
3 18 14 18
4 57 15 57
4 51 15 51
4 50 15 50
4 7 15 7
4 2 9 3
5 5 16 5
6 58 17 58
6 54 11 55
6 47 17 47
6 38 17 38
6 34 17 34
6 33 17 33
6 32 17 32
6 29 17 29
6 22 17 22
6 19 17 19
6 13 17 13
6 12 17 12
6 0 17 0
7 45 12 46
7 15 12 16
7 1 18 1
8 52 19 52
8 31 19 31
9 49 20 49
9 26 20 26
9 23 20 23
10 43 21 43
12 55 23 55
12 54 23 54
12 44 23 44
12 42 23 42
12 40 23 40
12 36 23 36
12 30 23 30
12 25 23 25
12 21 23 21
12 9 23 9
12 4 23 4
13 45 24 45
13 6 24 6
14 46 25 46
14 28 25 28
14 20 25 20
14 14 17 16
14 2 25 2
15 17 20 18
16 57 27 57
16 41 27 41
16 37 27 37
17 50 22 51
17 24 28 24
17 10 28 10
18 58 29 58
18 35 29 35
18 34 29 34
18 19 29 19
18 15 29 15
18 12 21 14
18 7 29 7
18 0 29 0
19 59 30 59
19 11 30 11
19 1 30 1
20 53 31 53
20 52 31 52
20 48 31 48
20 39 31 39
21 18 32 18
22 43 33 43
22 22 27 23
23 49 26 51
23 12 28 13
24 54 29 55
24 42 35 42
24 36 35 36
24 26 35 26
24 25 35 25
24 9 35 9
24 8 35 8
24 3 27 5
25 56 36 56
25 33 36 33
25 21 36 21
26 30 31 31
26 20 37 20
27 50 38 50
27 38 38 38
27 16 32 17
28 57 39 57
28 32 39 32
28 28 39 28
28 23 39 23
28 22 39 22
28 5 33 6
28 3 39 3
29 47 40 47
29 41 40 41
29 27 40 27
29 24 40 24
30 55 41 55
30 54 41 54
30 19 41 19
30 14 35 15
30 12 35 13
31 58 36 59
31 40 42 40
31 29 42 29
31 10 36 11
31 0 36 1
32 51 37 52
32 48 43 48
33 18 44 18
33 17 44 17
33 4 44 4
34 43 39 44
34 35 45 35
34 6 45 6
35 34 46 34
35 16 46 16
35 2 46 2
36 53 47 53
36 49 47 49
36 45 47 45
36 30 47 30
36 14 41 15
36 12 41 13
36 7 39 9
37 46 48 46
37 33 48 33
37 0 42 1
38 20 49 20
39 37 42 39
39 10 50 10
40 56 42 59
40 44 51 44
40 23 51 23
40 21 45 22
40 8 45 9
40 7 51 7
41 26 52 26
41 24 52 24
42 15 53 15
42 14 53 14
43 58 54 58
43 55 46 57
43 54 54 54
43 52 54 52
43 40 45 43
43 39 54 39
43 36 46 38
43 32 54 32
43 31 54 31
43 28 48 29
43 19 54 19
44 25 55 25
44 11 55 11
45 51 56 51
45 13 56 13
45 4 56 4
46 50 57 50
46 47 51 48
46 42 57 42
46 40 51 41
46 9 57 9
46 0 57 0
47 57 58 57
47 55 58 55
47 37 52 38
47 35 52 36
47 3 58 3
48 17 53 18
48 1 59 1
49 46 60 46
49 34 60 34
49 29 54 30
49 21 54 22
49 16 60 16
49 5 54 6
51 20 62 20
51 10 62 10
52 47 63 47
52 45 63 45
52 43 63 43
52 40 57 41
53 37 64 37
53 35 58 36
53 27 58 28
53 24 64 24
54 17 59 18
54 12 65 12
55 32 66 32
55 31 66 31
55 5 66 5
56 56 67 56
57 51 68 51
57 44 68 44
57 29 62 30
58 54 69 54
58 50 69 50
58 42 69 42
58 41 69 41
58 40 69 40
58 38 63 39
58 21 61 23
58 14 69 14
59 52 64 53
59 28 70 28
59 19 70 19
59 13 70 13
59 11 70 11
59 8 70 8
59 6 64 7
59 3 70 3
59 2 70 2
60 59 71 59
60 55 71 55
60 35 71 35
60 17 71 17
60 1 71 1
60 0 71 0
61 15 72 15
62 57 67 58
62 46 73 46
62 26 67 27
62 21 65 23
63 33 68 34
63 29 68 30
63 25 74 25
63 9 68 10
64 43 75 43
64 36 75 36
64 20 75 20
65 48 76 48
65 38 70 39
65 37 76 37
65 7 76 7
66 49 77 49
67 52 78 52
67 21 78 21
67 4 72 5
68 57 79 57
69 34 80 34
69 32 74 33
69 29 74 30
69 18 80 18
69 9 74 10
70 53 75 54
70 50 81 50
70 41 81 41
70 40 81 40
70 24 81 24
70 22 81 22
70 14 81 14
71 51 82 51
71 47 82 47
71 26 82 26
71 23 82 23
71 12 76 13
71 2 76 3
72 59 83 59
72 55 83 55
72 44 83 44
72 6 83 6
72 0 77 1
73 27 78 28
73 16 78 17
73 15 84 15
73 4 84 4
74 35 85 35
75 46 86 46
75 45 86 45
75 32 80 33
75 29 80 30
75 25 86 25
75 11 86 11
76 54 87 54
76 43 87 43
76 19 87 19
76 10 87 10
76 9 87 9
76 8 87 8
77 39 88 39
77 37 88 37
77 13 88 13
78 2 83 3
79 56 90 56
79 16 84 17
80 57 91 57
80 53 91 53
81 38 92 38
81 34 92 34
81 30 92 30
81 29 92 29
81 1 92 1
82 52 93 52
82 41 87 42
82 14 93 14
83 47 88 48
83 26 94 26
83 23 94 23
83 21 94 21
84 59 95 59
84 55 95 55
84 32 89 33
84 27 89 28
84 6 95 6
84 2 95 2
85 51 96 51
85 17 90 18
86 22 97 22
86 15 91 16
86 3 91 4
87 46 98 46
87 35 98 35
88 58 99 58
88 49 99 49
88 43 99 43
88 42 99 42
88 10 93 11
88 7 93 8
89 54 100 54
89 40 94 41
89 39 100 39
89 25 100 25
89 13 100 13
90 44 95 45
90 28 101 28
91 47 96 48
91 31 96 32
91 19 96 20
91 17 102 17
92 56 97 57
92 50 103 50
92 24 103 24
92 15 103 15
92 3 103 3
93 53 104 53
93 36 96 38
93 1 104 1
94 52 105 52
94 29 105 29
94 16 105 16
94 11 105 11
94 10 105 10
94 9 105 9
94 7 99 8
94 4 105 4
95 41 106 41
95 40 106 40
95 34 106 34
95 23 106 23
95 21 106 21
96 5 101 6
97 44 108 44
97 36 108 36
97 33 108 33
97 30 108 30
97 19 102 20
97 18 108 18
98 51 109 51
98 37 103 38
98 31 103 32
98 22 109 22
99 59 110 59
99 55 110 55
99 48 110 48
99 46 110 46
99 2 110 2
100 49 111 49
100 35 111 35
100 26 105 27
101 47 112 47
101 42 106 43
101 13 106 14
102 57 113 57
102 56 113 56
102 6 113 6
103 25 114 25
103 19 114 19
103 17 114 17
104 38 109 39
104 20 115 20
105 7 116 7
105 5 116 5
105 3 116 3
106 31 117 31
106 29 117 29
106 28 117 28
106 15 111 16
106 12 117 12
106 11 117 11
106 8 111 9
106 4 117 4
107 53 118 53
107 41 118 41
107 21 118 21
108 42 119 42
108 23 119 23
108 0 119 0
109 44 114 45
109 32 114 33
109 18 120 18
110 51 121 51
110 39 121 39
110 37 115 38
110 26 121 26
110 14 121 14
111 59 122 59
111 48 122 48
111 27 122 27
112 54 117 55
112 49 123 49
112 46 123 46
112 34 115 36
112 15 123 15
112 9 123 9
112 1 117 2
113 43 124 43
113 16 124 16
113 8 124 8
114 57 125 57
114 6 125 6
115 44 120 45
115 25 126 25
115 19 126 19
115 17 126 17
115 10 126 10
116 58 127 58
116 52 127 52
116 38 127 38
116 34 119 36
116 13 127 13
117 40 128 40
117 33 128 33
117 32 128 32
117 5 128 5
118 55 123 56
118 37 129 37
118 28 129 28
118 20 129 20
118 12 129 12
119 50 130 50
119 30 130 30
119 11 130 11
119 1 122 3
120 54 131 54
120 36 131 36
120 31 131 31
120 21 131 21
121 44 132 44
121 7 132 7
122 26 133 26
123 45 134 45
123 39 134 39
123 29 134 29
123 2 134 2
124 59 135 59
124 48 135 48
124 42 135 42
124 41 135 41
124 15 135 15
124 1 135 1
125 56 136 56
125 47 136 47
125 34 130 35
125 14 136 14
126 46 137 46
126 43 137 43
126 23 131 24
126 4 137 4
127 19 138 19
127 16 138 16
127 9 132 10
128 57 133 58
128 51 133 52
128 38 139 38
128 0 139 0
129 40 140 40
129 5 140 5
130 37 141 37
130 28 141 28
130 25 141 25
130 20 141 20
130 13 141 13
130 12 141 12
130 3 141 3
131 34 136 35
131 18 142 18
132 54 143 54
132 30 137 31
132 27 143 27
132 22 143 22
132 21 143 21
133 50 144 50
133 17 144 17
133 9 136 11
134 53 145 53
135 58 146 58
135 45 146 45
135 33 146 33
135 23 146 23
135 7 140 8
136 55 147 55
136 48 147 48
136 29 147 29
136 2 147 2
136 1 147 1
137 59 148 59
137 44 148 44
137 41 148 41
137 34 142 35
137 9 142 10
138 56 143 57
138 46 149 46
138 31 149 31
139 42 144 43
139 16 150 16
140 19 151 19
140 14 151 14
141 40 152 40
141 15 152 15
141 7 146 8
141 0 152 0
142 37 147 38
142 25 147 26
142 11 147 12
142 4 147 5
143 35 154 35
143 34 154 34
143 32 154 32
143 18 154 18
143 9 154 9
143 6 154 6
144 56 155 56
144 27 155 27
144 22 155 22
145 3 156 3
146 52 151 53
146 50 151 51
147 57 152 58
147 39 158 39
147 33 158 33
147 8 158 8
148 48 153 49
148 42 159 42
148 24 151 26
148 5 159 5
148 2 159 2
149 44 154 45
149 41 160 41
149 30 160 30
149 28 160 28
149 10 160 10
150 46 161 46
150 20 161 20
150 11 155 12
150 1 161 1
151 55 162 55
152 51 154 54
152 37 163 37
152 31 163 31
152 25 157 26
152 19 163 19
153 58 164 58
153 15 156 17
153 4 164 4
154 57 165 57
154 29 165 29
154 23 159 24
154 7 165 7
155 54 166 54
155 51 166 51
155 50 166 50
155 49 166 49
155 34 158 36
156 53 167 53
156 47 167 47
156 45 167 45
156 40 167 40
156 27 167 27
156 22 167 22
156 14 167 14
156 11 161 12
157 17 168 17
158 16 169 16
158 13 169 13
159 59 170 59
159 43 170 43
159 35 170 35
159 34 170 34
159 25 164 26
159 8 170 8
160 52 171 52
160 5 171 5
160 2 165 3
161 39 172 39
161 33 172 33
162 46 173 46
162 36 173 36
162 23 173 23
162 20 167 21
162 11 173 11
162 9 173 9
162 1 173 1
163 41 174 41
163 38 174 38
163 12 174 12
164 31 169 32
165 58 176 58
165 56 176 56
165 48 176 48
165 25 170 26
166 28 171 29
167 50 178 50
167 49 178 49
167 44 178 44
167 37 178 37
167 2 172 3
168 55 179 55
168 47 179 47
168 27 179 27
168 22 179 22
168 19 173 20
169 14 174 15
170 31 175 32
171 53 176 54
172 29 177 30
172 16 177 17
172 5 177 6
173 24 178 25
173 7 178 8
173 3 178 4
174 35 179 36
174 18 177 20
174 1 179 2
175 11 178 13
176 41 179 43
177 56 179 59
177 51 179 54
178 16 179 21
3 56 14 56
4 59 15 59
41 27 52 27
49 33 60 33
56 25 61 26
70 31 81 31
137 47 148 47
138 51 143 52
173 39 178 40
174 9 179 10
6 53 17 53
34 5 45 5
76 20 87 20
113 47 124 47
124 55 135 55
135 39 146 39
144 20 149 21
103 58 114 58
155 44 166 44
161 10 172 10
12 8 23 8
71 38 76 39
146 43 157 43
157 15 168 15
47 2 58 2
28 37 38 37
68 56 78 56
64 45 74 45
138 30 148 30
154 48 164 48
149 59 158 59
172 51 176 52
57 4 66 4
82 24 91 24
100 7 104 8
106 52 115 52
120 34 124 35
121 18 130 18
15 56 24 56
36 25 40 26
95 26 99 27
125 8 134 8
0 49 8 49
0 26 8 26
60 18 68 18
107 13 115 13
156 56 164 56
26 2 34 2
27 49 35 49
82 31 90 31
155 32 163 32
13 10 16 11
120 41 123 42
106 26 109 27
145 17 152 17
172 28 179 28
98 56 101 57
134 51 137 52
82 40 88 40
40 3 46 3
149 47 155 47
0 55 5 55
0 45 1 47
12 35 17 35
30 7 35 7
46 5 48 6
55 38 57 39
81 32 83 33
122 51 127 51
127 17 132 17
148 54 150 55
0 12 5 12
43 0 45 1
46 43 51 43
84 44 89 44
107 43 112 43
71 19 75 19
137 11 141 11
155 52 159 52
168 40 172 40
59 36 63 36
0 7 3 7
44 47 45 48
77 38 80 38
138 4 141 4
144 51 145 52
100 58 102 58
122 14 124 14
127 25 129 25
