774
0 1 3 3
0 4 11 4
0 6 11 6
0 8 11 8
0 9 11 9
0 11 11 11
0 12 2 15
0 16 3 18
0 19 5 20
0 21 11 21
0 22 5 23
0 24 11 24
0 25 11 25
0 26 5 27
0 28 1 33
0 34 3 36
0 37 3 39
0 40 11 40
0 41 3 43
0 44 11 44
0 45 1 50
0 51 3 53
0 54 2 57
1 10 12 10
2 28 13 28
2 45 5 47
2 58 7 59
3 13 14 13
3 33 14 33
3 48 14 48
3 54 14 54
4 1 9 2
4 7 15 7
4 14 6 17
4 18 15 18
4 32 15 32
4 35 15 35
4 36 9 37
4 38 15 38
4 41 15 41
4 42 9 43
4 50 15 50
4 51 15 51
4 56 9 57
5 5 16 5
5 34 16 34
6 0 17 0
6 12 17 12
6 19 17 19
6 22 17 22
6 29 17 29
6 46 11 47
7 14 10 16
7 55 18 55
8 31 19 31
8 52 19 52
8 58 19 58
9 23 20 23
9 26 20 26
9 49 20 49
10 42 21 42
10 43 21 43
10 45 21 45
10 57 21 57
11 36 22 36
12 4 23 4
12 9 23 9
12 16 17 17
12 21 23 21
12 25 23 25
12 30 23 30
12 40 23 40
12 44 23 44
12 47 23 47
13 6 24 6
13 37 24 37
14 1 19 2
14 20 25 20
14 28 25 28
14 46 25 46
15 33 26 33
15 54 26 54
16 41 27 41
17 10 28 10
17 14 22 15
17 24 28 24
17 34 28 34
17 50 22 51
18 0 29 0
18 7 29 7
18 11 21 13
18 17 23 18
18 19 29 19
18 35 29 35
19 55 30 55
19 59 30 59
20 2 25 3
20 39 31 39
20 48 31 48
20 52 31 52
20 53 31 53
22 11 33 11
22 22 33 22
22 42 27 43
23 12 28 13
23 15 28 16
23 36 34 36
23 49 26 51
23 56 26 58
24 8 35 8
24 9 35 9
24 18 35 18
24 25 35 25
24 26 35 26
25 21 36 21
26 1 31 2
26 3 29 5
26 20 37 20
26 23 37 23
26 29 31 30
26 37 31 38
27 49 30 51
27 54 38 54
28 28 39 28
28 32 39 32
28 41 33 42
28 43 39 43
28 57 39 57
29 6 40 6
29 12 31 15
29 16 34 17
29 24 40 24
29 27 40 27
29 47 40 47
29 58 40 58
30 3 41 3
30 19 41 19
30 56 41 56
31 33 36 34
31 40 42 40
31 49 34 51
31 55 42 55
32 4 37 5
32 12 34 15
32 38 43 38
32 48 43 48
33 1 44 1
33 52 38 53
34 29 45 29
34 35 45 35
34 41 45 41
35 2 46 2
35 10 46 10
35 11 38 13
35 16 46 16
36 7 39 9
36 14 41 15
36 17 41 18
36 30 47 30
36 45 47 45
36 49 47 49
37 33 48 33
37 44 48 44
37 46 48 46
38 20 49 20
38 21 41 23
39 11 44 12
39 52 44 53
40 7 51 7
40 8 45 9
40 37 51 37
41 4 52 4
41 24 52 24
41 25 43 28
41 54 52 54
41 57 52 57
42 13 47 14
42 15 53 15
42 21 47 22
42 23 53 23
43 19 54 19
43 31 54 31
43 32 54 32
43 39 54 39
43 58 54 58
44 25 55 25
44 26 49 27
45 11 56 11
45 38 56 38
45 42 56 42
45 50 47 53
45 55 56 55
46 0 57 0
46 9 57 9
46 28 51 29
46 40 51 41
46 47 51 48
47 3 58 3
47 34 52 35
48 1 59 1
48 16 51 18
48 49 53 50
48 51 59 51
48 52 53 53
49 5 54 6
49 21 54 22
49 44 60 44
49 45 54 46
51 10 62 10
51 13 56 14
51 20 62 20
51 26 62 26
52 17 63 17
52 28 55 30
52 36 57 37
52 40 57 41
52 43 63 43
52 47 63 47
53 4 64 4
53 24 64 24
53 56 58 57
54 12 65 12
54 16 65 16
54 52 59 53
55 5 66 5
55 18 60 19
55 31 66 31
55 32 66 32
55 34 66 34
55 45 66 45
55 50 66 50
56 27 67 27
56 28 59 30
57 35 68 35
57 42 68 42
57 46 68 46
57 54 62 55
58 13 63 14
58 21 63 22
58 36 59 41
59 2 70 2
59 3 70 3
59 6 64 7
59 8 70 8
59 11 70 11
60 0 71 0
60 1 71 1
60 28 71 28
60 37 63 39
60 40 71 40
60 41 71 41
60 53 71 53
60 59 71 59
61 15 72 15
61 18 66 19
61 29 72 29
61 44 72 44
62 56 65 58
63 9 68 10
63 25 74 25
63 54 74 54
63 55 74 55
64 20 75 20
64 33 75 33
64 36 75 36
64 37 75 37
64 43 75 43
65 6 70 7
65 21 76 21
65 26 76 26
65 38 70 39
65 48 76 48
65 51 76 51
66 12 71 13
66 30 77 30
66 49 77 49
66 56 71 57
67 4 72 5
67 50 78 50
67 52 78 52
69 9 80 9
69 14 80 14
69 16 72 18
69 34 80 34
69 45 72 47
70 22 81 22
70 23 75 24
70 31 75 32
71 2 76 3
71 7 82 7
71 10 82 10
72 0 83 0
72 6 83 6
72 57 83 57
72 59 83 59
73 4 84 4
73 15 84 15
73 16 78 17
73 27 78 28
73 39 75 42
73 44 76 46
74 12 85 12
74 29 85 29
74 35 85 35
75 11 86 11
75 18 80 19
75 25 86 25
75 53 78 55
76 8 87 8
76 24 87 24
76 31 81 32
76 36 79 38
76 43 87 43
77 13 88 13
77 26 88 26
77 39 88 39
77 45 88 45
77 46 88 46
77 47 82 48
77 51 88 51
78 1 81 3
78 20 83 21
78 41 89 41
79 16 84 17
79 33 90 33
79 53 84 54
79 56 90 56
80 30 91 30
80 36 85 37
81 9 92 9
81 19 92 19
81 23 92 23
81 34 92 34
81 38 92 38
82 1 93 1
82 2 87 3
82 14 93 14
82 52 93 52
83 47 88 48
83 55 94 55
84 5 89 6
84 21 95 21
84 27 89 28
84 32 95 32
84 57 95 57
84 59 95 59
85 15 88 17
85 53 96 53
85 54 96 54
86 22 97 22
86 42 97 42
87 10 90 12
87 35 98 35
88 2 99 2
88 7 93 8
88 43 99 43
88 49 99 49
88 58 99 58
89 3 94 4
89 13 100 13
89 17 94 18
89 25 100 25
89 29 100 29
89 39 100 39
89 46 100 46
89 51 100 51
90 15 101 15
90 26 95 27
90 28 101 28
90 44 101 44
91 40 96 41
91 47 96 48
92 10 103 10
92 11 103 11
92 24 103 24
92 50 103 50
93 19 98 20
93 23 104 23
93 31 104 31
93 36 96 38
94 1 105 1
94 6 99 7
94 9 105 9
94 16 105 16
94 52 105 52
95 4 106 4
95 33 100 34
96 17 107 17
96 21 107 21
96 55 101 56
97 18 108 18
97 30 108 30
97 36 108 36
98 22 109 22
98 37 103 38
99 19 104 20
99 40 104 41
99 48 110 48
99 59 110 59
100 2 111 2
100 5 102 8
100 26 105 27
100 35 111 35
100 49 111 49
100 54 111 54
101 12 104 14
101 32 112 32
101 33 112 33
101 42 106 43
101 45 106 46
101 47 112 47
102 28 107 29
102 34 113 34
102 55 107 56
102 57 113 57
103 5 108 6
103 25 114 25
104 37 109 38
104 51 115 51
105 3 116 3
105 7 116 7
106 8 111 9
106 11 117 11
106 12 117 12
106 13 108 16
106 31 117 31
107 4 118 4
107 39 109 42
107 43 110 45
107 46 118 46
107 53 118 53
108 0 119 0
108 17 119 17
108 19 113 20
108 21 119 21
108 23 119 23
108 28 119 28
108 29 119 29
109 5 120 5
109 6 120 6
109 14 112 16
109 18 120 18
110 26 121 26
110 36 113 38
110 39 121 39
111 27 122 27
111 42 116 43
111 48 122 48
111 59 122 59
112 1 117 2
112 8 115 10
112 44 117 45
112 49 123 49
112 54 117 55
113 13 115 16
114 33 117 35
114 37 125 37
114 41 125 41
114 56 117 58
115 19 126 19
115 25 126 25
116 8 119 10
116 13 127 13
116 14 121 15
116 38 127 38
116 50 121 51
116 52 127 52
117 32 128 32
117 40 128 40
118 12 129 12
118 20 129 20
118 33 129 33
118 34 121 36
118 44 129 44
118 45 129 45
118 54 121 56
119 1 124 2
119 11 130 11
119 30 130 30
120 7 123 9
120 10 131 10
120 16 125 17
120 21 131 21
120 31 131 31
121 5 132 5
121 28 126 29
121 57 126 58
122 3 133 3
122 26 133 26
122 36 133 36
122 46 133 46
122 53 127 54
122 55 127 56
123 14 128 15
123 39 134 39
124 42 135 42
124 48 135 48
124 50 129 51
124 59 135 59
125 0 128 2
125 34 130 35
125 47 136 47
126 4 137 4
126 6 129 8
126 23 131 24
126 37 137 37
126 43 137 43
127 16 138 16
127 19 138 19
127 27 130 29
127 41 138 41
128 38 139 38
128 53 130 56
128 57 133 58
129 0 140 0
129 1 134 2
129 13 134 14
129 40 140 40
130 7 133 9
130 12 141 12
130 15 141 15
130 20 141 20
130 25 141 25
130 44 135 45
130 49 135 50
130 51 135 52
131 18 142 18
131 28 136 29
131 34 136 35
131 53 134 55
132 10 137 11
132 21 143 21
132 22 143 22
132 27 143 27
132 30 137 31
133 5 144 5
133 17 144 17
134 7 137 9
134 56 139 57
135 1 140 2
135 13 146 13
135 23 146 23
135 33 146 33
135 54 146 54
135 58 146 58
136 45 147 45
136 48 147 48
136 49 139 51
136 55 147 55
137 28 148 28
137 29 148 29
137 34 142 35
137 44 148 44
137 59 148 59
138 6 141 8
138 9 149 9
138 10 143 11
138 30 143 31
138 46 149 46
139 16 150 16
139 36 144 37
139 41 142 43
140 14 151 14
140 19 151 19
140 50 151 50
141 0 152 0
141 1 146 2
141 40 152 40
141 56 152 56
142 6 147 7
142 15 153 15
142 25 147 26
143 4 154 4
143 18 154 18
143 32 154 32
143 34 154 34
143 35 154 35
144 10 147 12
144 20 147 22
144 27 155 27
144 31 155 31
145 3 156 3
145 36 147 39
145 41 156 41
146 51 151 52
147 8 158 8
147 33 158 33
147 53 158 53
147 57 152 58
148 2 159 2
148 5 159 5
148 21 153 22
148 23 151 25
148 38 153 39
148 42 159 42
148 48 153 49
149 6 154 7
149 10 160 10
149 28 160 28
149 29 154 30
149 44 154 45
150 1 161 1
150 11 155 12
150 20 161 20
150 46 161 46
151 55 162 55
152 19 163 19
152 24 157 25
152 37 163 37
153 51 164 51
153 56 164 56
153 57 158 58
154 14 159 15
155 4 166 4
155 23 166 23
155 29 166 29
155 34 166 34
155 49 166 49
155 50 166 50
155 54 166 54
156 11 161 12
156 17 167 17
156 22 167 22
156 26 161 27
156 30 161 31
156 35 167 35
156 40 167 40
156 45 167 45
156 47 167 47
157 36 168 36
158 6 163 7
158 13 169 13
158 16 169 16
158 41 169 41
159 8 170 8
159 24 164 25
159 43 170 43
159 52 164 53
159 58 170 58
159 59 170 59
160 2 165 3
160 5 171 5
160 14 171 14
161 33 172 33
161 38 166 39
162 0 167 1
162 9 173 9
162 11 173 11
162 20 167 21
162 27 167 28
162 30 167 31
162 46 173 46
162 57 173 57
163 12 174 12
165 6 170 7
165 24 170 25
165 48 176 48
165 51 170 52
165 56 176 56
167 2 178 2
167 23 178 23
167 37 178 37
167 44 178 44
167 49 178 49
167 50 178 50
168 1 179 1
168 3 173 4
168 18 173 19
168 22 179 22
168 27 179 27
168 28 171 30
168 31 173 32
168 35 179 35
168 38 171 40
168 47 179 47
168 55 179 55
170 41 175 42
171 15 176 16
171 51 173 54
171 58 176 59
172 5 177 6
172 29 177 30
173 7 178 8
173 24 178 25
174 18 177 20
174 31 179 32
174 51 177 53
175 9 176 14
176 41 179 43
177 10 178 15
177 56 179 59
178 16 179 21
4 53 15 53
30 0 41 0
35 36 46 36
41 5 46 6
42 17 47 18
49 33 60 33
79 40 90 40
135 53 146 53
137 47 148 47
172 38 175 40
10 56 21 56
40 43 51 43
77 44 88 44
113 47 124 47
156 32 167 32
176 38 179 40
117 42 122 43
155 44 166 44
161 10 172 10
12 8 23 8
102 58 113 58
140 51 145 52
146 43 157 43
47 2 58 2
134 3 144 3
34 42 44 42
8 59 18 59
82 31 92 31
145 17 155 17
154 48 164 48
160 15 170 15
35 50 44 50
60 51 64 52
95 3 104 3
135 39 144 39
149 59 158 59
106 52 115 52
121 18 130 18
36 25 40 26
17 5 25 5
84 20 92 20
13 10 16 11
67 19 74 19
32 37 39 37
96 26 99 27
106 26 109 27
108 55 111 56
172 28 179 28
124 6 125 9
2 49 8 49
56 25 62 25
72 56 78 56
126 17 132 17
152 52 158 52
140 57 146 57
149 47 155 47
30 7 35 7
38 4 40 5
67 16 68 18
67 31 69 32
76 40 77 42
96 57 101 57
122 34 124 35
148 54 150 55
174 54 179 54
50 27 55 27
69 35 73 35
42 3 46 3
138 4 142 4
0 7 3 7
3 55 6 55
6 45 9 45
30 4 31 5
42 0 45 0
44 47 45 48
71 38 72 39
114 20 117 20
136 52 139 52
16 53 19 53
60 36 63 36
3 12 5 12
127 25 129 25
