845
179 55 179 58
179 32 179 40
179 25 179 30
178 43 178 53
178 37 178 42
178 20 179 21
178 2 178 7
177 54 177 58
177 17 177 22
177 10 177 15
176 49 177 52
176 40 176 44
176 37 177 39
176 28 176 32
176 16 176 23
176 4 176 11
175 54 176 58
175 47 175 53
175 41 175 45
175 35 175 38
175 25 175 32
175 13 175 24
174 35 174 46
174 20 174 28
174 9 174 18
174 6 175 7
173 51 174 52
173 19 173 30
173 9 173 12
173 1 176 1
172 48 173 50
172 39 172 44
172 14 172 19
171 46 171 51
171 32 171 41
171 5 172 10
171 3 173 4
170 46 170 56
170 39 170 45
170 28 172 29
170 8 170 18
169 52 169 58
169 48 169 51
169 41 169 46
169 31 170 36
169 13 169 24
169 5 169 10
168 34 168 40
168 26 168 33
168 15 168 22
168 8 168 12
167 52 168 55
167 40 167 45
167 35 167 37
167 25 167 34
167 20 167 23
167 2 168 7
166 49 166 54
166 38 166 44
166 23 166 32
166 12 167 15
166 3 166 7
165 55 165 59
165 37 165 44
165 29 165 33
165 11 165 15
164 56 164 58
164 7 165 10
163 50 164 54
163 33 163 38
163 29 163 32
163 25 164 28
163 15 164 16
163 6 163 14
163 2 165 5
163 0 167 1
162 48 162 57
162 22 162 32
162 4 162 12
161 51 161 59
161 43 161 47
160 52 160 59
160 34 161 36
160 26 160 33
160 19 163 21
160 13 160 17
160 8 160 11
160 1 162 2
159 48 159 56
159 44 159 47
159 24 159 29
159 16 159 22
159 7 159 14
158 49 158 59
158 45 158 48
158 42 159 43
158 40 162 41
158 25 158 35
158 15 158 18
157 54 157 59
157 51 157 53
157 31 157 34
157 11 157 17
157 5 161 6
156 45 156 51
156 32 156 41
156 8 158 9
155 52 155 55
155 47 155 50
155 37 155 46
155 32 155 34
155 26 156 31
155 17 155 24
154 50 154 57
154 42 154 47
154 25 154 32
154 10 155 14
153 50 153 59
153 42 153 48
153 18 154 20
153 4 154 9
152 51 152 56
152 41 152 48
152 37 153 39
152 20 152 28
152 15 153 17
152 1 153 2
151 44 151 55
151 25 151 35
151 17 151 22
150 54 150 57
150 43 150 47
150 34 150 40
150 27 150 30
150 3 150 12
149 52 149 57
149 40 149 47
149 25 149 34
149 20 149 22
149 7 149 17
149 0 149 5
148 45 148 50
148 31 148 35
148 25 148 30
148 15 148 20
148 3 148 13
147 56 147 59
147 27 147 33
147 17 147 20
147 2 147 11
146 52 146 57
146 45 146 51
146 41 147 43
146 33 146 39
146 27 146 30
146 16 146 23
146 12 146 14
146 1 146 11
145 56 145 58
145 51 145 53
145 44 145 47
145 38 145 43
145 17 145 25
145 3 145 14
144 52 144 54
144 47 144 51
144 37 144 39
144 21 144 31
144 0 144 3
143 48 143 55
143 32 145 33
143 24 143 28
143 20 143 22
143 4 143 9
142 57 142 59
142 46 142 53
142 40 143 43
142 26 142 30
142 4 142 9
141 52 141 57
141 44 141 48
141 39 141 43
141 27 141 37
141 22 142 25
141 13 141 19
141 3 141 11
140 26 140 30
140 4 140 11
140 0 142 2
139 47 139 58
139 30 139 36
139 21 139 29
139 17 139 20
139 4 139 14
138 52 138 59
138 44 138 50
138 18 138 28
138 15 138 17
138 6 138 12
137 52 137 57
137 40 138 42
137 12 137 20
137 4 137 11
136 55 136 59
136 46 137 51
136 19 136 25
135 41 136 44
135 35 137 36
135 29 135 31
135 9 135 13
135 1 136 5
134 55 135 58
134 52 136 54
134 39 134 50
134 20 134 29
133 37 133 42
133 26 133 35
133 16 133 18
133 8 133 12
133 2 134 5
131 48 132 51
131 44 131 47
131 21 131 31
131 15 132 18
131 9 131 14
131 4 132 8
131 1 132 3
130 57 133 59
130 43 130 50
130 28 130 30
130 15 130 25
129 48 129 56
129 38 129 47
129 35 131 37
129 28 129 32
129 21 129 26
129 14 129 19
128 56 128 59
128 47 128 54
128 42 128 46
128 33 128 40
128 17 128 25
128 8 129 12
128 0 134 0
127 35 127 37
127 21 127 25
127 14 127 18
127 9 127 12
127 4 128 6
126 55 127 59
126 51 127 54
126 23 126 30
125 43 125 45
125 40 126 42
125 31 125 35
125 18 126 20
125 8 126 9
124 47 124 51
124 35 124 41
124 26 124 34
124 14 124 25
124 6 125 7
124 0 127 1
123 57 125 59
123 52 123 55
123 47 123 51
123 39 123 42
123 36 123 38
123 14 123 20
123 10 126 11
122 50 122 59
122 45 122 48
122 32 123 35
122 20 122 30
122 15 122 19
122 3 123 7
121 51 121 55
121 44 121 50
121 38 121 43
121 11 121 17
120 51 120 58
120 42 120 47
120 27 120 38
120 7 121 10
119 49 119 55
119 23 120 26
119 13 120 18
119 1 119 8
118 49 118 53
118 43 118 46
118 39 119 42
118 33 119 35
118 23 118 26
118 16 118 21
117 31 117 37
117 22 117 29
117 11 118 12
117 5 117 8
116 44 116 48
116 18 117 20
116 13 118 14
116 5 116 9
115 52 115 58
115 20 115 26
115 13 115 17
115 1 116 4
114 47 114 56
114 39 115 44
114 34 115 38
114 19 114 29
114 11 115 12
114 4 114 8
113 53 113 59
113 31 113 38
113 19 113 29
112 55 112 59
112 48 113 52
112 37 112 47
112 32 112 34
112 16 114 17
112 9 112 15
111 55 111 58
111 46 111 53
111 42 111 44
111 35 111 41
111 22 111 27
111 0 114 2
110 52 110 57
110 44 110 48
110 27 110 34
110 6 112 8
110 2 110 5
109 48 109 55
109 42 109 47
109 25 109 27
109 20 110 24
108 50 108 59
108 26 108 33
108 13 108 20
108 0 109 4
107 41 108 43
107 33 107 38
107 8 109 11
106 23 106 26
106 15 107 17
106 6 107 7
105 56 107 58
105 50 106 54
105 44 105 46
105 36 105 38
105 22 105 29
105 3 106 4
104 48 104 58
104 42 104 46
104 7 105 10
103 51 103 58
103 26 103 35
103 6 103 11
102 57 102 59
102 28 102 36
102 24 104 25
102 19 105 21
102 13 102 18
102 3 104 4
101 56 101 58
101 52 101 54
101 41 101 49
101 34 101 36
101 27 101 32
101 18 101 22
101 10 101 13
101 3 101 7
100 57 100 59
100 52 100 56
100 30 100 40
100 27 100 29
100 8 100 18
99 54 99 58
99 38 99 49
99 26 99 37
99 16 99 20
99 2 99 9
98 33 98 41
98 23 98 29
97 56 98 59
97 46 98 51
97 40 97 44
97 30 97 39
97 21 100 22
97 6 98 9
97 0 101 1
96 44 96 51
96 25 96 34
96 17 96 23
96 13 98 16
96 3 96 11
95 31 95 40
95 20 95 28
95 13 95 17
94 49 95 53
94 43 94 46
94 34 94 42
94 21 94 30
94 10 94 16
93 56 94 59
93 46 93 52
93 38 93 45
93 23 93 31
93 16 93 22
93 8 95 9
93 1 94 3
92 47 92 53
92 41 92 43
92 34 92 39
92 24 92 31
92 14 92 22
92 6 92 10
91 54 91 59
91 18 91 24
91 10 91 14
90 39 91 41
90 30 90 32
90 25 90 28
90 17 90 24
90 1 92 3
89 55 90 59
89 43 89 53
89 31 89 38
89 19 89 29
89 15 89 17
89 8 90 12
89 0 89 3
88 36 88 44
88 25 88 34
88 8 88 17
87 55 88 56
87 47 87 54
87 28 87 38
87 14 87 25
87 8 87 10
86 54 86 57
86 20 86 24
86 5 86 16
85 43 86 46
85 37 85 41
85 29 85 33
85 21 85 26
85 6 85 16
85 1 88 3
84 52 85 57
84 39 84 47
84 31 84 37
83 47 83 53
83 32 83 41
83 25 83 30
83 20 85 20
82 51 82 59
82 39 82 47
82 30 82 33
82 19 82 25
82 10 82 17
82 0 82 9
81 38 81 46
81 28 81 35
81 14 81 24
80 44 80 53
80 35 80 38
80 17 80 23
79 46 79 56
79 39 79 45
79 30 79 38
79 11 79 19
79 2 79 10
78 50 78 59
78 43 78 48
78 33 78 40
78 28 78 31
78 20 78 26
78 13 78 16
77 53 77 57
77 45 77 49
77 40 77 43
77 30 77 37
77 22 77 28
77 11 77 19
76 51 76 56
76 41 76 49
76 8 76 12
76 1 78 2
75 55 75 59
75 47 75 52
75 37 76 39
75 23 75 34
75 17 75 21
75 0 75 4
74 52 74 57
74 38 74 45
74 28 74 35
74 18 74 24
74 11 74 17
74 4 74 9
73 39 73 45
73 31 73 35
73 15 73 20
73 11 73 14
72 43 72 54
72 35 72 42
72 2 73 4
71 53 71 59
71 46 71 50
71 39 71 45
71 25 72 30
71 17 71 24
71 1 71 7
70 36 71 38
70 29 70 34
70 25 70 28
70 9 70 20
69 35 69 43
69 31 69 33
69 14 69 18
69 4 69 12
69 2 70 3
68 39 68 45
68 22 68 31
68 19 68 21
68 14 68 18
67 57 67 59
67 54 69 56
67 51 67 53
67 42 67 49
67 12 67 18
67 1 67 8
67 0 74 0
66 42 66 52
66 34 66 40
66 28 66 33
66 10 66 19
66 0 66 6
65 54 65 58
65 50 65 53
65 41 65 45
65 37 65 40
65 6 65 12
64 26 64 29
64 21 65 25
64 6 64 17
64 4 65 5
63 52 64 55
63 45 63 50
63 35 65 36
63 11 63 21
62 54 62 59
62 37 62 46
62 32 63 33
62 19 62 25
62 11 62 16
61 43 61 52
61 37 61 42
61 35 62 36
61 23 61 26
61 12 61 18
60 36 60 44
60 25 60 29
59 29 59 38
59 9 60 12
59 5 63 6
58 55 60 57
58 47 59 51
58 37 58 43
58 25 58 34
58 21 60 24
58 17 59 19
58 4 58 13
57 45 57 49
57 33 57 41
57 20 57 31
57 10 57 18
57 2 58 3
56 52 56 57
56 43 56 51
56 35 56 41
56 32 56 34
56 27 56 31
56 9 56 19
55 53 55 59
55 35 55 41
55 27 55 32
55 16 55 26
55 1 60 1
54 32 54 39
54 21 54 31
54 2 56 5
53 53 54 58
53 24 53 31
53 16 54 19
53 10 55 13
53 2 53 6
52 50 52 54
52 44 53 47
52 29 52 37
52 17 52 27
52 9 52 14
51 27 51 33
51 1 52 5
50 52 51 55
50 43 50 46
50 33 50 42
50 25 50 32
50 21 50 24
50 15 51 19
50 4 50 10
49 49 49 58
49 40 49 47
49 34 49 38
49 20 49 31
49 10 49 17
49 2 49 5
48 46 48 52
48 41 48 44
48 29 48 40
48 16 48 24
48 2 48 11
48 0 55 0
47 43 47 46
47 34 47 39
47 30 47 33
47 20 47 26
47 8 47 17
47 1 47 5
46 50 46 57
46 42 46 47
46 33 46 39
46 21 46 30
46 14 46 17
46 3 46 13
45 50 45 59
45 44 45 48
45 29 45 36
45 5 45 10
44 47 44 53
44 36 44 42
44 25 45 26
44 0 45 1
43 49 43 58
43 21 45 23
43 14 44 17
43 7 44 12
43 0 43 5
42 53 42 57
42 45 42 48
42 40 43 43
42 27 42 36
42 20 42 25
42 7 42 17
41 29 41 37
41 16 41 18
41 8 41 15
40 53 41 57
40 47 41 49
40 36 40 42
40 24 40 27
40 12 40 21
40 5 40 8
39 44 39 47
39 35 39 41
39 27 39 32
39 23 39 26
39 8 39 19
39 3 42 4
37 49 38 52
37 38 38 43
37 32 37 37
37 25 38 28
37 18 38 23
37 6 37 12
37 1 38 5
36 50 36 55
36 22 36 33
36 12 36 21
36 3 36 8
36 0 38 0
35 52 35 54
35 33 35 43
35 26 35 32
35 12 35 22
35 2 35 10
34 36 34 42
34 13 34 18
33 55 34 57
33 50 34 54
33 20 33 24
33 8 34 10
33 2 34 7
32 53 32 59
32 48 35 49
32 40 32 42
32 14 32 19
31 55 31 58
31 46 31 52
31 39 31 43
31 29 31 31
31 17 31 25
31 7 31 14
31 4 32 5
30 49 30 57
30 38 30 48
30 36 33 37
30 19 30 27
30 5 30 14
29 51 29 58
29 26 29 37
29 14 29 24
29 7 29 9
29 0 31 2
28 55 28 58
28 15 28 24
27 41 28 43
27 26 27 37
27 15 27 22
27 5 28 8
26 48 28 49
26 35 26 41
26 23 26 25
25 56 27 59
25 53 28 54
25 33 25 43
25 20 26 22
25 5 26 9
25 2 27 4
24 11 24 19
24 0 24 10
23 49 25 52
23 37 24 39
23 30 23 34
23 24 24 28
23 12 23 21
23 4 23 11
22 56 24 57
22 50 22 54
22 7 22 15
21 55 21 58
21 50 21 54
21 20 21 30
21 7 21 12
21 2 22 5
20 44 22 47
20 35 20 40
20 18 20 23
20 8 20 17
20 0 21 1
19 52 19 59
19 42 19 45
19 31 19 36
19 25 19 30
19 9 19 19
18 53 18 59
18 31 18 34
18 13 18 21
18 5 18 11
17 44 18 49
17 35 17 42
17 19 17 29
17 14 17 18
17 9 17 13
17 4 17 8
17 1 19 1
16 56 17 59
16 53 17 55
16 40 16 47
16 29 16 35
16 16 16 22
16 6 16 11
15 45 15 56
15 29 15 33
14 46 14 57
14 36 14 42
14 28 14 33
14 11 14 18
13 35 13 46
12 55 13 59
12 48 12 52
12 8 12 17
11 49 11 56
11 43 12 44
11 24 14 25
11 21 11 23
10 56 10 59
10 43 10 51
10 36 12 38
10 33 10 35
10 26 11 28
10 21 10 23
10 7 11 9
10 0 17 0
9 51 9 58
9 43 9 49
9 16 11 19
9 3 9 12
8 53 8 59
8 48 8 50
8 37 8 47
8 26 8 30
8 19 8 24
8 11 8 17
7 46 7 53
7 34 7 45
7 12 7 16
7 7 8 10
7 1 9 2
6 55 6 59
6 46 6 54
6 34 6 45
5 53 5 58
5 41 5 43
5 13 5 24
5 8 6 12
5 4 7 5
4 50 4 58
4 36 4 47
4 33 5 35
4 16 4 23
4 4 4 12
3 54 3 57
3 48 3 51
3 25 4 29
3 12 3 23
3 3 3 8
2 49 2 56
2 45 2 48
2 40 3 44
2 38 3 39
2 28 2 35
2 16 2 25
2 6 2 14
1 30 1 40
1 25 1 29
1 6 1 10
0 56 1 59
0 46 1 51
0 42 0 45
0 23 0 27
0 16 1 19
0 10 0 13
0 3 0 9
