779
0 1 3 3
0 4 3 6
0 8 11 8
0 9 11 9
0 11 11 11
0 12 1 17
0 18 2 21
0 22 5 23
0 24 11 24
0 25 11 25
0 26 5 27
0 28 1 33
0 34 2 37
0 38 5 39
0 40 11 40
0 41 3 43
0 44 11 44
0 45 1 50
0 51 3 53
0 54 2 57
1 10 12 10
2 12 4 15
2 28 13 28
2 45 5 47
2 58 7 59
3 16 4 21
3 31 4 36
3 37 14 37
3 48 6 50
3 54 14 54
4 0 5 5
4 7 15 7
4 41 15 41
4 42 9 43
4 51 7 53
4 56 9 57
5 12 6 17
5 18 16 18
5 21 16 21
5 31 6 36
6 0 9 2
6 19 17 19
6 22 17 22
6 29 17 29
6 38 17 38
6 46 11 47
7 5 18 5
7 12 18 12
7 14 10 16
7 32 18 32
7 33 12 34
7 55 18 55
8 31 19 31
8 35 13 36
8 51 19 51
8 52 19 52
8 58 19 58
9 13 20 13
9 23 20 23
9 26 20 26
9 48 14 49
10 0 12 3
10 42 21 42
10 43 21 43
10 45 21 45
10 57 21 57
12 4 23 4
12 9 23 9
12 16 17 17
12 25 23 25
12 30 23 30
12 40 23 40
12 44 23 44
12 47 23 47
13 0 18 1
13 6 24 6
13 33 24 33
13 34 24 34
14 2 25 2
14 20 25 20
14 28 25 28
14 36 25 36
14 46 25 46
15 54 26 54
16 37 27 37
16 41 27 41
17 10 28 10
17 14 22 15
17 24 28 24
17 49 22 50
18 7 29 7
18 17 23 18
18 19 29 19
18 21 23 22
18 35 29 35
19 0 30 0
19 1 30 1
19 11 30 11
19 55 30 55
19 59 30 59
20 39 31 39
20 48 31 48
20 52 25 53
21 12 26 13
22 42 27 43
23 15 28 16
23 49 26 51
23 56 26 58
24 3 27 5
24 8 35 8
24 9 35 9
24 18 35 18
24 25 29 26
25 21 36 21
25 33 36 33
26 20 37 20
26 23 37 23
26 29 31 30
26 36 37 36
26 52 31 53
27 12 30 14
27 38 38 38
27 49 30 51
27 54 38 54
28 2 30 5
28 22 39 22
28 28 39 28
28 32 39 32
28 41 33 42
28 43 39 43
28 57 39 57
29 6 40 6
29 16 34 17
29 24 40 24
29 27 40 27
29 47 40 47
29 58 40 58
30 19 41 19
30 25 35 26
30 56 41 56
31 0 33 3
31 10 36 11
31 12 33 15
31 40 42 40
31 49 34 51
31 55 42 55
32 4 37 5
32 48 43 48
33 52 38 53
34 12 36 15
34 29 45 29
34 34 39 35
34 41 39 42
35 1 46 1
35 2 46 2
35 16 46 16
36 7 39 9
36 17 41 18
36 30 47 30
36 45 47 45
36 49 39 51
37 10 39 13
37 14 42 15
37 33 48 33
37 44 48 44
37 46 48 46
38 20 43 21
38 23 49 23
39 37 42 39
39 52 42 54
40 7 42 10
40 34 43 36
40 41 43 43
40 49 51 49
41 4 46 5
41 24 43 27
41 57 52 57
43 6 45 9
43 13 48 14
43 15 54 15
43 19 54 19
43 31 54 31
43 32 54 32
43 38 48 39
43 50 45 53
43 54 54 54
43 58 54 58
44 10 49 11
44 20 55 20
44 21 49 22
44 24 46 27
44 40 47 42
45 35 56 35
45 55 56 55
46 0 57 0
46 9 57 9
46 28 51 29
46 36 51 37
46 47 51 48
46 50 48 53
47 3 58 3
47 5 50 7
47 25 52 26
48 1 59 1
48 16 51 18
48 24 59 24
48 40 53 41
49 33 54 34
49 42 54 43
49 44 54 45
49 46 60 46
49 50 54 51
49 52 54 53
50 4 61 4
50 10 53 12
50 21 53 23
51 5 56 6
51 13 56 14
51 38 56 39
52 17 63 17
52 28 55 30
52 36 57 37
52 47 63 47
53 56 58 57
54 10 65 10
54 11 59 12
54 16 65 16
54 21 59 22
54 25 59 26
54 40 59 41
55 18 60 19
55 31 66 31
55 32 66 32
55 34 66 34
55 43 60 44
55 45 66 45
55 48 56 53
56 20 67 20
56 27 67 27
56 28 59 30
56 42 67 42
57 5 59 8
57 35 68 35
57 48 59 51
57 54 62 55
58 13 63 14
58 38 63 39
59 2 70 2
59 3 70 3
59 52 64 53
60 0 71 0
60 1 71 1
60 8 71 8
60 21 65 22
60 23 65 24
60 28 71 28
60 40 71 40
60 41 71 41
60 50 65 51
60 59 71 59
61 5 64 7
61 15 72 15
61 18 66 19
61 29 72 29
61 44 72 44
62 11 73 11
62 37 73 37
62 43 73 43
62 46 73 46
62 56 65 58
63 25 74 25
63 54 74 54
63 55 74 55
64 33 75 33
64 36 75 36
65 4 68 6
65 7 76 7
65 9 76 9
65 26 76 26
65 38 70 39
65 48 76 48
66 10 77 10
66 12 71 13
66 30 77 30
66 49 69 51
66 56 71 57
67 21 78 21
67 52 72 53
69 4 72 6
69 14 80 14
69 16 71 19
69 20 80 20
69 34 80 34
70 22 81 22
70 23 75 24
70 31 75 32
70 50 81 50
71 2 76 3
71 47 82 47
71 51 82 51
72 0 83 0
72 16 75 18
72 57 75 59
73 4 78 5
73 6 84 6
73 15 84 15
73 27 78 28
73 39 75 42
74 12 85 12
74 29 85 29
74 35 85 35
74 43 85 43
74 44 77 46
75 11 86 11
75 25 86 25
75 52 78 54
76 8 87 8
76 16 81 17
76 19 87 19
76 24 87 24
76 31 81 32
76 36 79 38
77 13 88 13
77 26 88 26
77 39 88 39
77 48 82 49
77 55 88 55
78 1 81 3
78 9 83 10
78 41 89 41
78 46 89 46
78 56 80 59
79 33 90 33
79 53 84 54
80 30 91 30
80 36 83 38
80 44 85 45
81 23 92 23
81 34 92 34
81 57 92 57
81 59 92 59
82 1 93 1
82 2 87 3
82 14 93 14
82 16 87 17
82 52 93 52
82 56 93 56
83 21 94 21
83 47 88 48
84 9 95 9
84 27 89 28
84 32 95 32
84 36 87 38
85 4 88 6
85 51 96 51
85 53 90 54
86 22 97 22
86 42 97 42
86 43 97 43
86 44 91 45
87 10 90 12
87 35 98 35
88 2 99 2
88 7 93 8
88 18 93 19
88 37 93 38
88 49 99 49
88 58 99 58
89 3 94 4
89 6 100 6
89 13 100 13
89 25 100 25
89 29 100 29
89 39 94 40
90 15 101 15
90 26 95 27
90 28 101 28
90 46 93 48
91 17 102 17
91 53 96 54
92 10 103 10
92 11 103 11
92 24 103 24
92 44 103 44
92 50 103 50
93 23 104 23
93 31 104 31
93 41 104 41
94 1 105 1
94 7 99 8
94 16 105 16
94 18 97 20
94 36 105 36
94 45 99 46
94 52 105 52
94 56 99 57
95 4 106 4
95 21 106 21
95 33 100 34
95 40 106 40
96 9 107 9
97 30 108 30
97 53 100 55
98 18 109 18
98 19 103 20
98 22 109 22
98 37 101 39
98 51 109 51
99 43 110 43
99 48 110 48
99 59 110 59
100 2 111 2
100 26 105 27
100 35 111 35
100 45 105 46
100 49 111 49
101 5 106 6
101 12 104 14
101 32 104 34
101 47 112 47
101 53 106 54
102 28 107 29
102 37 105 39
102 55 107 56
102 57 113 57
103 17 114 17
103 25 114 25
104 20 115 20
105 3 116 3
105 7 116 7
105 32 108 34
105 41 110 42
106 11 117 11
106 12 117 12
106 13 108 16
106 31 117 31
106 38 117 38
107 4 112 5
107 6 118 6
107 21 118 21
107 46 118 46
107 53 118 53
108 0 119 0
108 23 119 23
108 28 113 29
108 39 119 39
109 14 112 16
109 32 114 33
109 44 114 45
110 8 113 10
110 18 121 18
110 26 121 26
110 50 113 52
111 19 122 19
111 27 122 27
111 42 116 43
111 48 122 48
111 59 122 59
112 1 117 2
112 34 115 36
112 37 123 37
112 49 123 49
112 54 117 55
113 5 124 5
113 13 115 16
114 8 117 10
114 28 119 29
114 41 125 41
114 51 119 52
114 56 117 58
115 17 126 17
115 25 126 25
115 44 120 45
116 13 127 13
116 14 121 15
116 32 119 34
117 35 122 36
117 40 128 40
118 7 119 12
118 20 129 20
118 54 121 56
119 1 122 3
119 30 130 30
119 50 130 50
120 7 123 9
120 10 131 10
120 11 131 11
120 12 131 12
120 21 131 21
120 31 125 32
120 52 131 52
121 28 126 29
121 38 126 39
121 43 124 45
121 57 126 58
122 26 133 26
122 46 127 47
122 53 127 54
122 55 127 56
123 2 134 2
123 14 128 15
123 19 134 19
123 33 128 34
123 36 134 36
124 1 135 1
124 42 135 42
124 48 135 48
124 59 135 59
125 3 126 8
125 37 136 37
125 44 130 45
126 23 131 24
126 43 137 43
127 3 132 4
127 5 132 6
127 7 130 9
127 16 132 17
127 27 130 29
127 38 138 38
127 41 138 41
128 0 139 0
128 46 139 46
128 53 130 56
128 57 133 58
129 13 134 14
129 31 131 34
129 39 134 40
129 47 140 47
130 15 141 15
130 20 141 20
130 25 141 25
131 7 134 9
131 18 142 18
131 28 136 29
131 49 134 51
131 53 134 55
132 10 135 12
132 21 143 21
132 22 143 22
132 27 143 27
132 30 137 31
132 33 135 35
133 3 135 6
133 17 144 17
134 16 145 16
134 56 137 58
135 7 140 8
135 13 146 13
135 23 146 23
135 40 146 40
135 44 140 45
135 49 136 54
136 1 147 1
136 2 147 2
136 4 139 6
136 9 139 11
136 12 147 12
136 34 141 35
136 48 147 48
136 55 147 55
137 28 142 29
137 36 142 37
137 49 140 51
137 52 140 54
137 59 148 59
138 30 143 31
138 56 141 58
139 41 142 43
140 9 151 9
140 14 151 14
140 19 151 19
140 32 145 33
141 0 152 0
141 7 152 7
141 44 152 44
141 49 142 54
142 4 147 5
142 11 153 11
142 15 153 15
142 25 147 26
142 34 153 34
142 35 153 35
142 46 153 46
142 56 153 56
143 6 154 6
143 18 154 18
143 28 148 29
143 36 146 38
143 49 148 50
144 20 147 22
144 27 155 27
144 31 155 31
145 3 156 3
145 41 156 41
145 53 150 54
146 51 151 52
147 8 158 8
147 33 158 33
147 38 150 40
147 57 152 58
148 2 159 2
148 4 153 5
148 21 153 22
148 23 151 25
148 42 159 42
149 10 160 10
149 28 160 28
149 29 154 30
149 47 151 50
150 1 161 1
150 20 161 20
151 36 153 39
151 53 162 53
151 55 162 55
152 19 163 19
152 24 157 25
153 45 164 45
153 51 164 51
153 57 158 58
154 7 165 7
154 11 159 12
154 14 159 15
154 34 159 35
154 37 165 37
155 4 166 4
155 23 166 23
155 29 166 29
155 49 166 49
155 50 166 50
155 54 166 54
156 5 161 6
156 17 167 17
156 22 167 22
156 26 161 27
156 30 161 31
156 40 167 40
156 47 167 47
157 36 168 36
158 13 169 13
158 16 169 16
158 41 169 41
159 8 170 8
159 24 164 25
159 43 170 43
159 46 170 46
159 56 162 58
159 59 170 59
160 2 165 3
160 11 165 12
160 14 171 14
160 34 171 34
160 35 171 35
160 52 171 52
161 33 172 33
161 38 166 39
162 0 167 1
162 5 167 6
162 9 173 9
162 20 167 21
162 27 167 28
162 30 167 31
163 56 168 57
164 58 175 58
165 24 170 25
165 45 176 45
165 48 176 48
166 11 171 12
167 2 172 3
167 23 178 23
167 37 178 37
167 44 178 44
167 49 178 49
167 50 178 50
168 1 179 1
168 18 173 19
168 22 179 22
168 27 170 30
168 31 173 32
168 38 171 40
168 47 179 47
168 55 179 55
169 4 172 6
169 56 174 57
170 41 175 42
171 15 176 16
171 26 173 29
171 53 176 54
172 10 174 13
172 34 175 36
173 2 174 7
173 24 178 25
174 18 177 20
174 26 175 31
174 32 179 33
175 2 176 7
175 8 176 13
176 27 179 29
176 41 179 43
176 57 179 59
177 2 178 7
177 10 178 15
177 51 179 54
178 16 179 21
42 17 47 18
108 54 111 56
141 45 152 45
146 16 157 16
146 32 157 32
153 43 158 44
165 51 176 51
172 38 175 40
8 53 19 53
10 56 21 56
76 40 87 40
81 20 92 20
135 39 146 39
152 47 154 50
176 38 179 40
34 0 45 0
34 3 45 3
12 8 23 8
102 58 113 58
47 2 58 2
28 37 38 37
8 59 18 59
82 31 92 31
120 51 130 51
145 17 155 17
160 15 170 15
161 10 171 10
95 3 104 3
149 59 158 59
100 7 104 8
143 42 147 43
158 32 167 32
36 25 40 26
142 57 146 58
155 48 164 48
113 47 121 47
136 3 144 3
55 33 63 33
122 18 130 18
123 35 131 35
47 27 55 27
13 10 16 11
76 56 77 59
131 44 134 45
141 47 148 47
58 36 61 37
67 16 68 19
96 26 99 27
106 26 109 27
117 42 120 43
152 52 159 52
143 51 144 54
159 44 166 44
67 45 73 45
30 7 35 7
38 4 40 5
60 12 65 12
60 25 62 26
67 31 69 32
93 59 98 59
7 48 8 50
88 15 89 17
100 56 101 58
44 34 48 34
69 35 73 35
105 8 109 8
135 19 139 19
148 43 152 43
0 7 3 7
3 55 6 55
6 45 9 45
44 47 45 48
71 38 72 39
72 19 75 19
122 14 122 16
127 25 129 25
