782
0 1 2 4
0 6 11 6
0 8 11 8
0 9 11 9
0 11 11 11
0 12 2 15
0 16 1 21
0 22 0 33
0 34 2 37
0 38 5 39
0 40 11 40
0 41 3 43
0 44 11 44
0 45 1 50
0 51 1 56
0 57 3 59
1 10 12 10
1 23 6 24
1 25 12 25
1 26 4 28
1 29 4 31
2 16 3 21
2 45 5 47
2 50 4 53
3 1 5 4
3 13 14 13
3 32 6 34
3 35 6 37
3 48 14 48
3 54 14 54
4 7 15 7
4 14 6 17
4 18 15 18
4 21 15 21
4 41 15 41
4 42 9 43
4 56 9 57
5 5 16 5
5 22 16 22
5 26 8 28
5 49 8 51
6 0 9 2
6 12 17 12
6 19 17 19
6 29 17 29
6 38 17 38
6 46 11 47
6 58 17 58
7 14 10 16
7 24 18 24
7 32 10 34
7 36 12 37
7 55 18 55
8 31 19 31
8 52 13 53
9 23 20 23
9 26 14 27
9 28 20 28
9 49 20 49
9 51 20 51
10 0 12 3
10 42 21 42
10 43 21 43
10 45 21 45
10 57 21 57
11 32 14 34
12 4 23 4
12 9 23 9
12 16 17 17
12 30 23 30
12 40 23 40
12 44 23 44
12 47 23 47
13 0 18 1
13 6 24 6
13 25 24 25
13 36 24 36
13 37 24 37
14 2 25 2
14 20 25 20
14 46 25 46
15 32 20 33
15 34 26 34
15 52 18 54
16 41 27 41
17 10 28 10
17 14 22 15
18 7 29 7
18 11 21 13
18 17 23 18
18 19 29 19
18 21 23 22
18 35 29 35
18 58 29 58
19 0 30 0
19 1 30 1
19 52 30 52
19 54 24 55
19 59 30 59
20 39 31 39
20 48 31 48
20 53 31 53
21 23 26 24
21 50 26 51
22 11 33 11
22 42 27 43
23 12 28 13
23 15 28 16
23 28 34 28
24 3 27 5
24 8 35 8
24 9 35 9
24 18 35 18
24 26 35 26
25 21 36 21
25 25 36 25
25 33 36 33
25 36 36 36
25 54 28 56
26 20 37 20
26 29 31 30
26 37 31 38
27 23 32 24
27 49 30 51
28 2 31 4
28 5 33 6
28 22 39 22
28 32 39 32
28 41 33 42
28 43 39 43
28 57 39 57
29 12 31 15
29 16 34 17
29 27 40 27
29 47 40 47
29 54 32 56
30 19 41 19
31 0 36 1
31 40 42 40
31 49 34 51
31 52 42 52
31 58 36 59
32 12 34 15
32 38 43 38
32 48 43 48
33 4 44 4
33 55 38 56
34 5 39 6
34 29 45 29
34 34 39 35
34 41 39 42
35 2 46 2
35 10 46 10
35 11 37 14
35 16 46 16
35 23 40 24
35 54 46 54
36 7 39 9
36 17 41 18
36 30 47 30
36 45 47 45
36 49 39 51
36 53 47 53
37 0 42 1
37 33 48 33
37 44 48 44
37 46 48 46
38 11 43 12
38 13 41 15
38 20 49 20
40 7 51 7
40 8 45 9
40 21 45 22
40 34 43 36
40 37 51 37
40 41 43 43
40 49 51 49
40 55 42 58
41 23 52 23
41 24 52 24
41 25 43 28
42 13 47 14
42 15 53 15
43 19 54 19
43 31 54 31
43 32 54 32
43 39 54 39
43 52 54 52
43 55 46 57
43 58 54 58
44 11 55 11
44 25 46 28
44 40 47 42
45 4 56 4
45 35 56 35
45 38 56 38
45 51 56 51
46 0 57 0
46 9 57 9
46 47 51 48
46 50 57 50
47 3 58 3
47 25 52 26
47 27 52 28
47 54 52 55
47 57 58 57
48 1 59 1
48 16 51 18
48 29 53 30
48 40 53 41
49 5 54 6
49 21 54 22
49 33 54 34
49 42 54 43
49 44 60 44
49 45 54 46
51 10 62 10
51 13 56 14
51 20 62 20
52 17 63 17
52 36 57 37
52 47 63 47
53 24 64 24
53 25 55 28
53 53 58 54
54 12 65 12
54 16 65 16
54 40 59 41
55 5 60 6
55 18 60 19
55 30 60 31
55 32 66 32
55 34 66 34
55 43 66 43
55 45 66 45
55 55 60 56
56 25 59 27
56 42 67 42
57 28 62 29
57 35 68 35
57 46 68 46
57 51 68 51
58 13 63 14
58 21 63 22
58 38 63 39
58 50 69 50
59 2 70 2
59 3 70 3
59 8 70 8
59 11 70 11
59 52 64 53
59 54 70 54
60 0 71 0
60 1 71 1
60 40 71 40
60 41 71 41
60 59 71 59
61 4 66 5
61 15 72 15
61 18 66 19
61 31 72 31
61 44 72 44
61 55 66 56
62 26 67 27
62 37 73 37
62 57 67 58
63 7 74 7
63 9 68 10
63 25 74 25
63 28 66 30
64 6 75 6
64 20 75 20
64 33 75 33
64 36 75 36
65 21 68 23
65 38 70 39
65 48 76 48
66 12 71 13
66 49 77 49
67 4 72 5
67 28 72 29
67 52 78 52
67 55 72 56
68 42 73 43
68 57 79 57
69 9 74 10
69 14 80 14
69 16 71 19
69 34 80 34
69 45 72 47
70 22 81 22
70 23 75 24
70 50 81 50
71 2 76 3
71 26 82 26
71 51 82 51
72 0 83 0
72 16 75 18
72 32 83 32
72 59 83 59
73 4 78 5
73 15 84 15
73 27 78 28
73 29 78 30
73 44 76 46
73 53 78 54
73 55 84 55
74 12 85 12
74 21 85 21
74 35 85 35
74 37 75 42
74 43 85 43
75 7 78 9
75 10 80 11
75 25 86 25
76 16 81 17
76 18 79 20
76 24 87 24
76 36 79 38
77 13 88 13
77 39 88 39
77 45 80 47
78 1 81 3
78 41 89 41
79 5 84 6
79 27 81 30
79 33 90 33
79 53 84 54
79 56 90 56
80 19 91 19
80 36 85 37
80 57 91 57
81 8 83 11
81 23 92 23
81 34 92 34
81 38 92 38
81 44 82 49
82 1 93 1
82 2 87 3
82 14 93 14
82 16 87 17
82 27 84 30
82 52 93 52
83 26 94 26
83 44 84 49
84 7 87 9
84 32 95 32
84 59 95 59
85 4 88 6
85 27 88 29
85 30 90 31
85 44 88 46
85 47 96 47
85 51 96 51
85 53 90 54
85 55 96 55
86 10 91 11
86 22 97 22
86 42 97 42
86 43 97 43
87 35 92 36
88 2 99 2
88 7 93 8
88 20 93 21
88 49 99 49
88 58 99 58
89 3 94 4
89 6 100 6
89 12 94 13
89 17 94 18
89 25 100 25
89 27 92 29
89 39 100 39
89 46 100 46
90 15 101 15
90 44 95 45
91 40 96 41
91 53 96 54
92 10 97 11
92 24 103 24
92 50 103 50
92 56 97 57
93 23 104 23
93 28 96 30
93 31 104 31
93 33 96 35
93 36 96 38
94 1 105 1
94 7 97 9
94 16 105 16
94 19 97 21
94 52 105 52
95 4 106 4
96 13 107 13
96 17 107 17
97 18 108 18
97 29 108 29
97 30 108 30
97 33 98 38
97 44 108 44
97 53 100 55
98 7 103 8
98 9 100 12
98 19 103 20
98 22 109 22
98 40 100 43
98 51 109 51
99 32 101 35
99 36 104 37
99 48 110 48
99 59 110 59
100 2 111 2
100 26 105 27
100 38 111 38
100 49 111 49
101 5 106 6
101 9 103 12
101 21 112 21
101 40 104 42
101 45 106 46
101 47 112 47
101 53 106 54
102 32 113 32
102 33 113 33
102 34 113 34
102 55 107 56
102 57 113 57
103 25 114 25
103 35 114 35
104 7 105 12
104 20 115 20
105 3 116 3
105 40 107 43
106 7 108 10
106 11 117 11
106 12 117 12
106 15 111 16
106 28 117 28
106 31 117 31
107 4 118 4
107 5 112 6
107 46 118 46
107 53 118 53
108 0 119 0
108 17 119 17
108 23 119 23
108 39 119 39
108 40 110 43
109 7 120 7
109 18 120 18
109 29 120 29
109 44 114 45
110 8 113 10
110 13 115 14
110 26 121 26
110 50 113 52
111 19 122 19
111 27 122 27
111 42 116 43
111 48 122 48
111 59 122 59
112 1 117 2
112 15 117 16
112 36 115 38
112 49 123 49
112 54 117 55
113 5 124 5
113 6 124 6
113 21 118 22
114 8 117 10
114 41 125 41
114 51 119 52
114 56 117 58
115 25 126 25
115 33 118 35
115 44 120 45
116 13 127 13
116 37 121 38
117 32 128 32
117 40 128 40
118 8 121 10
118 12 129 12
118 14 121 16
118 20 129 20
118 28 129 28
118 36 129 36
118 54 121 56
119 1 122 3
119 11 130 11
119 30 130 30
119 33 122 35
119 50 130 50
120 21 131 21
120 31 131 31
120 52 125 53
121 7 132 7
121 17 126 18
121 43 124 45
121 57 126 58
122 8 125 10
122 26 133 26
122 38 133 38
122 46 127 47
122 54 133 54
122 55 127 56
123 2 134 2
123 14 128 15
123 19 134 19
123 29 134 29
123 33 128 34
123 39 134 39
124 1 135 1
124 42 135 42
124 48 135 48
124 59 135 59
125 4 128 6
125 37 136 37
125 44 130 45
126 23 131 24
126 43 137 43
126 51 129 53
127 8 130 10
127 16 138 16
127 41 138 41
128 0 139 0
128 46 139 46
128 55 133 56
128 57 133 58
129 3 132 5
129 13 134 14
129 34 134 35
129 40 140 40
129 47 140 47
130 12 141 12
130 15 141 15
130 20 141 20
130 25 141 25
130 28 141 28
130 51 135 52
131 8 134 10
131 18 142 18
132 21 143 21
132 22 143 22
132 27 143 27
132 30 135 32
133 3 136 5
133 17 144 17
133 50 144 50
134 11 145 11
134 38 145 38
134 53 145 53
134 56 137 58
135 6 137 9
135 13 146 13
135 23 146 23
135 33 137 36
135 44 140 45
135 54 146 54
136 1 147 1
136 2 147 2
136 29 147 29
136 48 147 48
136 55 147 55
137 3 140 5
137 30 142 31
137 59 148 59
138 6 141 8
138 9 143 10
138 34 141 36
138 56 143 57
138 58 149 58
139 16 150 16
139 41 142 43
140 14 151 14
140 19 151 19
140 32 145 33
141 0 152 0
141 37 152 37
141 40 152 40
141 44 152 44
142 4 144 7
142 15 153 15
142 25 147 26
142 34 153 34
142 35 153 35
142 46 153 46
143 18 154 18
143 31 154 31
144 20 147 22
144 27 155 27
144 56 155 56
145 3 146 8
145 9 156 9
145 41 156 41
146 10 149 12
146 49 149 51
146 52 151 53
147 3 152 4
147 5 152 6
147 8 158 8
147 33 158 33
147 39 158 39
148 2 159 2
148 21 153 22
148 23 151 25
148 42 159 42
149 28 160 28
149 29 154 30
150 1 161 1
150 10 155 11
150 20 161 20
150 47 152 50
150 57 161 57
151 55 162 55
152 19 163 19
152 24 157 25
152 51 154 54
152 58 157 59
153 4 164 4
153 5 164 5
153 6 164 6
153 45 164 45
154 7 165 7
154 14 159 15
154 34 159 35
154 37 165 37
155 23 166 23
155 29 158 31
155 49 160 50
155 51 166 51
155 53 160 54
156 10 159 12
156 17 167 17
156 22 167 22
156 26 161 27
156 40 167 40
156 47 167 47
157 36 168 36
158 13 169 13
158 16 169 16
158 41 169 41
158 58 169 58
159 8 170 8
159 24 164 25
159 29 170 29
159 31 164 32
159 43 170 43
159 46 170 46
159 59 170 59
160 2 165 3
160 9 165 10
160 11 171 11
160 12 171 12
160 14 171 14
160 34 171 34
160 35 171 35
160 52 171 52
161 33 172 33
161 38 166 39
161 48 166 49
161 54 172 54
162 0 167 1
162 20 167 21
162 27 167 28
162 57 173 57
163 50 174 50
165 4 170 5
165 24 168 26
165 30 170 31
165 45 176 45
165 56 176 56
167 2 172 3
167 23 178 23
167 37 178 37
167 44 178 44
167 48 172 49
168 1 179 1
168 18 173 19
168 22 179 22
168 27 179 27
168 38 171 40
168 47 179 47
168 55 179 55
170 41 175 42
171 4 173 7
171 15 176 16
171 29 173 32
171 58 176 59
172 8 175 10
172 11 174 14
172 34 175 36
172 52 177 53
173 24 178 25
173 48 178 49
174 3 176 6
174 18 177 20
174 28 175 33
175 11 178 13
176 7 178 10
176 28 177 33
176 41 179 43
177 14 179 17
177 56 179 59
179 28 179 39
4 59 15 59
12 56 23 56
41 5 46 6
42 17 47 18
79 40 90 40
108 54 111 56
138 51 143 52
141 45 152 45
146 32 157 32
153 43 158 44
167 51 178 51
172 38 175 40
32 3 43 3
73 31 84 31
135 39 146 39
166 9 171 10
12 8 23 8
102 58 113 58
47 2 58 2
7 35 17 35
145 17 155 17
160 15 170 15
95 3 104 3
143 42 147 43
95 26 99 27
97 28 105 28
113 47 121 47
156 56 164 56
55 33 63 33
141 47 149 47
176 38 178 40
13 10 16 11
65 53 72 53
72 38 73 41
131 44 134 45
178 18 179 21
32 37 39 37
44 36 51 36
58 36 61 37
67 16 68 19
80 20 87 20
106 26 109 27
117 42 120 43
153 47 154 50
37 25 40 26
98 56 101 57
127 17 130 18
159 44 166 44
173 54 179 54
5 52 7 53
21 49 26 49
30 7 35 7
60 25 61 27
73 56 78 56
76 40 77 42
123 35 128 35
148 54 150 55
43 0 45 1
120 51 125 51
144 57 149 57
155 48 160 48
168 28 173 28
44 34 48 34
69 35 73 35
135 19 139 19
148 43 152 43
155 52 159 52
2 55 6 55
0 7 3 7
6 45 9 45
44 47 45 48
72 19 75 19
141 3 144 3
136 51 137 52
144 51 145 52
3 12 5 12
122 14 122 16
127 25 129 25
