786
0 1 3 3
0 4 11 4
0 6 11 6
0 8 11 8
0 9 5 10
0 11 11 11
0 12 2 15
0 16 1 21
0 22 0 33
0 34 2 37
0 38 11 38
0 39 5 40
0 41 3 43
0 44 11 44
0 45 1 50
0 51 1 56
0 57 3 59
1 23 6 24
1 25 12 25
1 26 4 28
1 29 4 31
2 16 3 21
2 45 5 47
2 50 7 51
2 52 7 53
3 13 14 13
3 32 5 35
3 36 8 37
3 48 14 48
3 54 14 54
4 1 9 2
4 7 15 7
4 14 6 17
4 18 15 18
4 21 15 21
4 41 15 41
4 42 9 43
4 56 9 57
5 5 16 5
5 22 16 22
5 26 8 28
6 0 17 0
6 9 17 9
6 10 17 10
6 12 17 12
6 19 17 19
6 29 17 29
6 32 17 32
6 33 17 33
6 34 17 34
6 46 11 47
6 58 17 58
7 14 10 16
7 24 18 24
7 55 18 55
8 31 19 31
8 51 19 51
8 52 19 52
9 23 20 23
9 26 20 26
9 27 14 28
9 35 12 37
9 49 14 50
10 42 21 42
10 43 21 43
10 45 21 45
10 57 21 57
11 40 22 40
12 4 23 4
12 16 17 17
12 30 23 30
12 44 23 44
12 47 23 47
13 6 24 6
13 25 24 25
13 36 16 38
14 1 19 2
14 20 25 20
14 46 25 46
15 54 26 54
16 28 27 28
16 41 27 41
17 14 22 15
17 37 28 37
17 49 22 50
18 0 29 0
18 7 29 7
18 10 29 10
18 11 21 13
18 17 23 18
18 19 29 19
18 21 23 22
18 32 21 34
18 35 29 35
18 58 29 58
19 9 30 9
19 36 30 36
19 55 30 55
19 59 30 59
20 2 25 3
20 39 31 39
20 48 31 48
20 52 25 53
21 23 26 24
22 11 33 11
22 42 27 43
23 12 28 13
23 15 28 16
23 31 25 34
23 49 26 51
24 8 35 8
24 18 35 18
24 26 35 26
25 21 36 21
25 25 36 25
25 56 36 56
26 1 27 6
26 20 37 20
26 29 31 30
26 52 31 53
27 23 32 24
27 38 38 38
27 49 30 51
27 54 38 54
28 1 33 2
28 3 39 3
28 5 33 6
28 22 39 22
28 28 39 28
28 32 39 32
28 41 33 42
28 43 39 43
28 57 39 57
29 12 31 15
29 16 34 17
29 27 40 27
29 47 40 47
30 19 41 19
31 33 36 34
31 40 42 40
31 49 34 51
31 55 42 55
31 58 36 59
32 12 34 15
32 48 43 48
33 4 44 4
33 35 36 37
33 52 38 53
34 5 39 6
34 9 37 11
34 29 45 29
34 41 45 41
35 1 46 1
35 2 46 2
35 12 38 14
35 16 46 16
35 23 40 24
36 17 41 18
36 30 47 30
36 45 47 45
36 49 47 49
37 7 48 7
37 33 48 33
37 34 42 35
37 44 48 44
37 46 48 46
38 8 41 10
38 15 49 15
38 20 49 20
39 11 44 12
39 13 44 14
39 37 42 39
39 52 44 53
40 21 45 22
40 56 42 59
41 23 52 23
41 24 43 27
41 54 52 54
43 19 54 19
43 31 54 31
43 32 54 32
43 34 45 37
43 38 48 39
43 55 46 57
43 58 54 58
44 8 47 10
44 24 46 27
45 4 56 4
45 11 56 11
45 13 56 13
45 42 56 42
45 50 47 53
46 0 57 0
46 28 51 29
46 36 51 37
46 40 51 41
46 47 51 48
47 3 58 3
47 25 52 26
47 34 52 35
47 55 58 55
47 57 58 57
48 1 59 1
48 8 51 10
48 16 51 18
48 24 59 24
48 49 53 50
48 51 53 52
49 5 54 6
49 21 54 22
49 44 54 45
49 46 60 46
51 20 62 20
51 38 56 39
52 8 57 9
52 10 63 10
52 15 54 18
52 28 55 30
52 36 57 37
52 40 57 41
52 43 63 43
52 47 63 47
53 53 58 54
54 12 65 12
54 25 59 26
54 49 56 52
55 5 66 5
55 16 58 18
55 31 66 31
55 32 66 32
55 34 66 34
55 45 66 45
56 27 58 30
56 56 67 56
57 35 68 35
57 42 68 42
57 44 68 44
57 48 59 51
58 13 63 14
58 21 61 23
58 36 59 41
59 2 70 2
59 3 70 3
59 6 64 7
59 8 70 8
59 11 70 11
59 16 62 18
59 19 70 19
59 27 62 29
59 52 64 53
59 54 70 54
60 0 71 0
60 1 71 1
60 24 71 24
60 37 63 39
60 40 71 40
60 41 71 41
60 50 65 51
60 55 71 55
60 59 71 59
61 15 72 15
62 21 65 23
62 46 73 46
62 57 67 58
63 25 65 28
63 29 68 30
64 9 69 10
64 20 75 20
64 33 75 33
64 36 75 36
64 37 75 37
64 43 75 43
65 6 70 7
65 16 68 18
65 38 70 39
65 48 76 48
66 12 71 13
66 25 77 25
66 26 69 28
66 49 77 49
66 50 77 50
66 51 71 52
67 4 72 5
67 21 78 21
68 57 79 57
69 14 80 14
69 16 72 18
69 29 74 30
69 34 80 34
70 9 75 10
70 22 81 22
70 26 73 28
70 31 75 32
71 2 76 3
71 7 82 7
71 23 82 23
71 47 82 47
72 0 77 1
72 6 83 6
72 44 83 44
72 51 74 54
72 55 83 55
72 59 83 59
73 4 84 4
73 15 78 16
73 17 78 18
73 39 75 42
74 12 85 12
74 26 79 27
74 35 85 35
75 11 86 11
75 28 86 28
75 29 80 30
75 45 86 45
75 46 86 46
75 51 86 51
75 52 78 54
76 8 87 8
76 9 87 9
76 10 87 10
76 19 87 19
76 24 87 24
76 31 81 32
76 36 79 38
76 43 87 43
77 13 88 13
77 39 88 39
78 0 81 2
78 41 89 41
79 15 81 18
79 33 90 33
79 53 84 54
79 56 90 56
80 3 91 3
80 25 85 26
80 36 83 38
80 57 91 57
81 29 92 29
81 30 92 30
81 34 92 34
82 0 85 2
82 14 93 14
82 16 87 17
82 52 93 52
83 21 86 23
83 47 88 48
84 5 89 6
84 15 95 15
84 32 95 32
84 36 87 38
84 55 95 55
84 59 95 59
85 53 90 54
86 0 91 1
86 26 97 26
86 42 97 42
87 23 98 23
87 35 98 35
87 46 98 46
87 50 92 51
88 2 99 2
88 7 90 10
88 17 89 22
88 27 93 28
88 37 93 38
88 43 99 43
88 49 99 49
88 58 99 58
89 12 94 13
89 25 100 25
89 39 94 40
90 16 92 19
90 21 101 21
90 44 95 45
91 7 96 8
91 47 96 48
91 53 96 54
92 3 103 3
92 10 103 10
92 11 103 11
92 24 103 24
92 56 97 57
93 0 98 1
93 16 95 19
93 31 104 31
93 41 104 41
93 50 98 51
94 4 105 4
94 9 105 9
94 27 99 28
94 29 105 29
94 36 105 36
94 52 105 52
95 33 100 34
95 40 106 40
96 5 101 6
96 12 97 17
96 18 99 20
97 7 102 8
97 30 108 30
97 44 108 44
97 53 100 55
98 12 99 17
98 22 109 22
98 37 103 38
99 46 110 46
99 48 110 48
99 50 110 50
99 51 110 51
99 59 110 59
100 2 111 2
100 12 103 14
100 15 101 20
100 26 105 27
100 35 111 35
100 49 111 49
101 32 112 32
101 33 112 33
101 42 106 43
101 47 112 47
101 53 106 54
102 5 107 6
102 16 103 21
102 34 113 34
102 55 107 56
102 57 113 57
103 25 114 25
104 1 115 1
104 13 115 13
104 15 107 17
104 20 109 21
104 23 109 24
104 37 109 38
105 3 116 3
105 7 116 7
106 4 117 4
106 8 111 9
106 11 117 11
106 12 117 12
106 26 108 29
106 31 117 31
107 39 109 42
107 53 118 53
108 0 119 0
108 5 119 5
108 6 119 6
108 15 113 16
108 17 119 17
108 18 119 18
109 29 120 29
109 44 114 45
110 14 121 14
110 20 115 21
110 23 121 23
110 26 121 26
110 28 121 28
110 36 113 38
110 39 121 39
111 19 122 19
111 27 122 27
111 42 116 43
111 48 122 48
111 50 114 52
111 59 122 59
112 8 115 10
112 46 123 46
112 49 123 49
112 54 117 55
114 16 125 16
114 33 117 35
114 37 125 37
114 41 125 41
114 56 117 58
115 25 126 25
115 44 120 45
115 51 120 52
116 1 127 1
116 8 119 10
116 13 127 13
116 20 121 21
116 38 127 38
117 32 128 32
117 40 128 40
118 12 129 12
118 15 129 15
118 33 129 33
118 34 121 36
118 54 120 57
119 11 130 11
119 30 130 30
119 50 130 50
120 2 122 5
120 7 123 9
120 10 131 10
120 17 125 18
120 31 131 31
121 43 124 45
121 51 122 56
121 57 126 58
122 20 133 20
122 21 133 21
122 26 133 26
122 28 133 28
122 36 133 36
123 2 134 2
123 5 134 5
123 19 134 19
123 29 134 29
123 39 134 39
123 52 126 54
124 42 135 42
124 48 135 48
124 59 135 59
125 14 136 14
125 34 130 35
125 44 130 45
125 47 136 47
125 56 136 56
126 3 131 4
126 6 129 8
126 23 131 24
126 37 137 37
126 43 137 43
126 46 137 46
127 16 138 16
127 41 138 41
127 51 132 52
127 53 130 55
128 0 133 1
128 38 139 38
128 57 133 58
129 40 140 40
130 7 133 9
130 12 141 12
130 13 141 13
130 15 141 15
130 25 141 25
131 18 142 18
131 34 136 35
131 53 134 55
132 3 143 3
132 10 137 11
132 22 143 22
132 27 143 27
132 30 135 32
133 17 144 17
133 49 136 51
134 0 139 1
134 7 137 9
134 28 145 28
135 4 138 6
135 20 146 20
135 23 146 23
135 33 146 33
135 44 140 45
135 52 140 53
135 54 146 54
135 57 140 58
136 2 147 2
136 29 147 29
136 48 147 48
136 55 147 55
137 30 142 31
137 34 142 35
137 49 140 51
137 59 148 59
138 7 143 8
138 9 143 10
138 46 149 46
139 16 150 16
139 36 144 37
139 41 142 43
140 14 151 14
140 19 151 19
140 21 151 21
141 0 146 1
141 40 152 40
141 44 152 44
141 50 143 53
141 56 144 58
142 4 147 5
142 11 147 12
142 15 153 15
142 25 147 26
143 6 154 6
143 18 154 18
143 30 146 32
143 34 148 35
144 7 155 7
144 22 155 22
144 27 155 27
144 49 149 50
145 3 156 3
145 9 156 9
145 36 147 39
145 41 156 41
145 56 156 56
146 51 151 52
147 8 158 8
147 31 150 33
147 53 158 53
147 57 152 58
148 2 159 2
148 4 153 5
148 23 151 25
148 38 153 39
148 42 159 42
149 10 160 10
149 28 160 28
149 29 154 30
149 34 152 36
150 1 161 1
150 11 155 12
150 20 161 20
150 45 151 50
151 33 162 33
151 55 162 55
152 19 163 19
152 24 157 25
152 31 163 31
152 37 163 37
152 46 157 47
153 34 158 35
153 45 164 45
153 51 164 51
153 57 158 58
154 14 159 15
155 4 166 4
155 23 166 23
155 29 166 29
155 49 166 49
155 50 166 50
155 54 166 54
156 5 159 7
156 11 161 12
156 17 167 17
156 22 167 22
156 26 161 27
156 40 167 40
157 36 168 36
158 13 169 13
158 16 169 16
158 41 169 41
158 47 169 47
159 8 170 8
159 24 164 25
159 34 170 34
159 35 170 35
159 43 170 43
159 46 170 46
159 52 164 53
159 56 162 58
159 59 170 59
160 2 165 3
160 5 171 5
160 14 171 14
161 38 166 39
162 0 167 1
162 9 167 10
162 11 167 12
162 20 167 21
162 27 167 28
163 33 174 33
163 56 168 57
164 30 167 32
164 58 175 58
165 6 170 7
165 24 168 26
165 45 176 45
165 48 176 48
165 51 170 52
167 2 178 2
167 23 178 23
167 37 178 37
167 44 178 44
167 49 178 49
167 50 178 50
168 1 179 1
168 3 173 4
168 18 173 19
168 22 179 22
168 27 170 30
168 31 173 32
168 38 171 40
168 55 179 55
169 10 172 12
169 56 174 57
170 41 175 42
171 15 176 16
171 26 173 29
171 35 176 36
171 51 173 54
172 5 177 6
172 8 177 9
173 11 175 14
173 24 178 25
173 46 178 47
174 18 177 20
174 26 175 31
174 51 177 53
176 10 179 12
176 27 179 29
176 30 179 32
176 41 179 43
176 57 179 59
177 14 179 17
4 59 15 59
12 56 23 56
30 0 41 0
41 5 46 6
42 17 47 18
49 33 60 33
108 54 111 56
137 47 148 47
153 43 158 44
172 38 175 40
8 53 19 53
40 43 51 43
76 20 87 20
76 40 87 40
113 47 124 47
176 38 179 40
151 32 162 32
12 8 23 8
102 58 113 58
152 48 163 48
47 2 58 2
34 42 44 42
68 56 78 56
82 31 92 31
145 17 155 17
160 15 170 15
35 50 44 50
135 39 144 39
149 59 158 59
160 6 164 7
57 4 66 4
143 42 147 43
126 17 130 18
17 5 25 5
139 4 141 6
141 45 149 45
171 7 179 7
47 27 55 27
90 22 97 22
131 44 134 45
178 18 179 21
67 45 74 45
117 42 120 43
37 25 40 26
98 56 101 57
124 6 125 9
159 44 166 44
2 49 8 49
65 53 71 53
152 52 158 52
30 7 36 7
40 3 46 3
12 11 17 11
60 25 62 26
67 31 69 32
90 20 95 20
100 28 105 28
122 34 124 35
148 54 150 55
174 54 179 54
84 44 89 44
144 51 145 53
13 35 17 35
69 35 73 35
71 19 75 19
135 19 139 19
148 43 152 43
2 55 6 55
0 7 3 7
6 45 9 45
42 0 45 0
44 47 45 48
71 38 72 39
123 51 126 51
145 57 146 58
60 36 63 36
3 12 5 12
122 14 124 14
127 25 129 25
147 20 149 20
