784
0 1 3 3
0 4 3 6
0 8 11 8
0 9 11 9
0 11 11 11
0 12 2 15
0 16 1 21
0 22 0 33
0 34 3 36
0 37 3 39
0 40 11 40
0 41 3 43
0 44 11 44
0 45 1 50
0 51 3 53
0 54 1 59
1 10 12 10
1 23 6 24
1 25 12 25
1 26 4 28
1 29 6 30
2 16 3 21
2 45 5 47
2 57 13 57
2 58 7 59
3 13 14 13
3 33 14 33
3 48 14 48
3 54 14 54
4 0 5 5
4 7 15 7
4 14 6 17
4 18 15 18
4 21 15 21
4 32 15 32
4 35 9 36
4 37 15 37
4 38 15 38
4 41 15 41
4 42 9 43
4 50 6 53
5 22 16 22
5 26 8 28
5 34 16 34
6 0 9 2
6 12 17 12
6 19 17 19
6 46 11 47
7 5 18 5
7 14 10 16
7 24 18 24
7 29 18 29
7 51 18 51
7 55 18 55
8 31 19 31
8 52 19 52
8 58 19 58
9 23 20 23
9 26 20 26
9 27 14 28
9 49 20 49
10 0 12 3
10 42 21 42
10 43 21 43
10 45 21 45
11 35 16 36
12 4 23 4
12 9 23 9
12 16 17 17
12 30 23 30
12 40 23 40
12 44 23 44
12 47 23 47
13 0 24 0
13 6 24 6
13 25 24 25
14 1 19 2
14 20 25 20
14 46 25 46
14 57 25 57
15 33 26 33
15 54 26 54
16 28 27 28
16 37 27 37
16 41 27 41
17 10 28 10
17 14 22 15
17 34 28 34
18 7 29 7
18 11 21 13
18 17 23 18
18 19 29 19
18 21 23 22
18 35 29 35
19 36 30 36
19 50 24 51
19 55 30 55
19 59 30 59
20 2 25 3
20 39 31 39
20 48 31 48
20 52 31 52
20 53 31 53
21 23 26 24
22 11 33 11
22 42 27 43
23 12 28 13
23 15 28 16
24 8 35 8
24 9 35 9
24 18 35 18
24 26 35 26
25 0 36 0
25 21 36 21
25 25 36 25
25 49 30 50
25 56 36 56
26 1 27 6
26 20 37 20
26 29 31 30
27 23 32 24
27 38 38 38
27 54 38 54
28 1 33 2
28 3 33 4
28 5 33 6
28 22 39 22
28 28 39 28
28 32 39 32
28 41 33 42
28 43 39 43
28 57 39 57
29 12 31 15
29 16 34 17
29 27 40 27
29 47 40 47
29 58 40 58
30 19 41 19
31 33 36 34
31 40 42 40
31 49 34 51
31 55 42 55
32 12 34 15
32 48 43 48
33 35 36 37
33 52 38 53
34 1 35 6
34 29 45 29
34 41 45 41
35 10 36 15
35 16 46 16
35 23 40 24
36 1 41 2
36 4 47 4
36 6 38 9
36 17 41 18
36 30 47 30
36 45 47 45
36 49 39 51
37 10 39 13
37 14 42 15
37 33 48 33
37 34 42 35
37 44 48 44
37 46 48 46
38 20 43 21
39 6 50 6
39 7 50 7
39 37 42 39
39 52 44 53
40 8 41 13
40 49 51 49
41 22 42 27
41 54 52 54
41 57 52 57
42 1 47 2
43 13 48 14
43 15 54 15
43 19 54 19
43 23 48 24
43 26 54 26
43 31 54 31
43 32 54 32
43 34 45 37
43 38 48 39
43 58 54 58
44 8 47 10
44 11 55 11
44 20 55 20
44 21 49 22
44 25 55 25
45 42 56 42
45 50 47 53
45 55 56 55
46 0 57 0
46 27 49 29
46 36 51 37
46 40 51 41
46 47 51 48
47 3 58 3
47 34 52 35
48 1 59 1
48 8 51 10
48 16 51 18
48 50 51 52
49 23 54 24
49 44 54 45
49 46 60 46
50 4 61 4
50 5 61 5
50 21 55 22
50 28 55 29
51 13 56 14
51 38 56 39
52 6 63 6
52 8 57 9
52 10 63 10
52 17 63 17
52 36 57 37
52 40 57 41
52 43 63 43
52 47 63 47
52 48 53 53
53 56 58 57
54 12 65 12
54 16 65 16
54 49 56 52
55 18 60 19
55 30 60 31
55 32 66 32
55 34 66 34
55 45 66 45
56 20 58 23
56 24 57 29
57 35 68 35
57 42 68 42
57 44 68 44
57 48 59 51
57 54 62 55
58 13 63 14
58 24 59 29
58 36 59 41
59 2 70 2
59 3 70 3
59 8 70 8
59 11 70 11
59 52 64 53
60 0 71 0
60 1 71 1
60 20 63 22
60 23 65 24
60 26 62 29
60 37 62 40
60 41 71 41
60 50 65 51
60 59 71 59
61 15 72 15
61 18 66 19
61 31 72 31
62 4 67 5
62 46 73 46
62 56 65 58
63 7 74 7
63 25 68 26
63 28 66 30
63 37 68 38
63 40 74 40
63 54 74 54
63 55 74 55
64 6 75 6
64 9 69 10
64 20 75 20
64 33 75 33
64 36 75 36
64 43 75 43
65 21 76 21
65 48 76 48
66 12 71 13
66 49 69 51
66 56 71 57
67 27 70 29
67 52 78 52
69 14 80 14
69 16 72 18
69 22 71 25
69 34 80 34
69 37 74 38
70 9 75 10
70 50 81 50
71 2 76 3
71 26 82 26
71 28 74 30
71 47 82 47
71 51 82 51
72 0 77 1
72 22 83 22
72 23 83 23
72 25 83 25
72 32 83 32
72 44 83 44
72 57 75 59
73 4 78 5
73 15 84 15
73 16 78 17
73 41 78 42
74 12 85 12
74 35 85 35
75 11 86 11
75 18 80 19
75 27 80 28
75 29 80 30
75 45 86 45
75 46 86 46
75 53 78 55
76 6 78 9
76 10 87 10
76 24 87 24
76 36 79 38
76 43 87 43
77 13 88 13
77 39 88 39
77 48 82 49
78 0 80 3
78 20 83 21
78 56 80 59
79 5 84 6
79 16 84 17
79 33 90 33
79 53 82 55
80 36 83 38
80 40 83 42
81 1 92 1
81 2 92 2
81 3 92 3
81 9 92 9
81 19 92 19
81 28 86 29
81 30 92 30
81 34 92 34
81 57 92 57
81 59 92 59
82 14 93 14
82 52 93 52
82 56 93 56
83 7 88 8
83 26 94 26
83 47 88 48
83 53 88 54
83 55 94 55
84 21 95 21
84 23 95 23
84 32 95 32
84 36 89 37
84 40 89 41
85 4 88 6
85 15 88 17
85 51 96 51
86 22 97 22
86 42 97 42
87 35 98 35
87 46 98 46
88 10 93 11
88 27 93 28
88 43 99 43
88 49 99 49
88 58 99 58
89 6 100 6
89 12 94 13
89 17 94 18
89 25 100 25
89 29 100 29
89 39 100 39
89 53 94 54
90 15 101 15
90 37 95 38
90 44 95 45
91 7 96 8
91 40 96 41
91 47 96 48
92 24 103 24
92 50 103 50
93 0 94 5
93 19 98 20
93 31 104 31
94 9 99 10
94 11 105 11
94 16 105 16
94 27 99 28
94 36 105 36
94 52 105 52
94 56 99 57
95 0 97 3
95 4 106 4
95 33 100 34
95 53 106 53
96 13 107 13
96 17 107 17
96 21 107 21
96 23 107 23
96 54 101 55
97 7 102 8
97 18 108 18
97 30 108 30
97 44 108 44
98 0 101 2
98 22 109 22
98 37 103 38
98 51 109 51
99 19 104 20
99 40 104 41
99 46 110 46
99 48 110 48
99 59 110 59
100 9 105 10
100 26 105 27
100 35 111 35
100 49 111 49
101 5 106 6
101 28 106 29
101 32 112 32
101 33 112 33
101 42 106 43
101 47 112 47
102 1 105 3
102 34 113 34
102 54 104 57
103 25 114 25
104 37 109 38
105 7 116 7
105 54 107 57
106 1 111 2
106 8 111 9
106 11 117 11
106 12 117 12
106 15 111 16
106 31 117 31
107 4 118 4
107 5 112 6
107 28 118 28
107 29 118 29
107 39 109 42
107 53 118 53
108 0 119 0
108 17 119 17
108 19 113 20
108 21 119 21
108 23 119 23
108 54 110 57
109 18 120 18
109 44 114 45
110 13 115 14
110 26 121 26
110 36 113 38
110 39 121 39
110 50 113 52
111 27 122 27
111 42 116 43
111 48 122 48
111 57 116 58
111 59 122 59
112 1 117 2
112 8 115 10
112 15 117 16
112 46 123 46
112 49 123 49
112 54 117 55
113 5 124 5
113 6 124 6
114 33 115 38
114 41 125 41
114 51 119 52
115 19 126 19
115 25 126 25
115 44 120 45
116 8 119 10
116 13 127 13
116 32 119 34
116 37 121 38
117 35 122 36
117 40 128 40
117 56 120 58
118 12 129 12
118 14 121 16
118 20 129 20
119 1 122 3
119 11 130 11
119 30 130 30
119 50 130 50
119 53 122 55
120 7 123 9
120 10 131 10
120 21 131 21
120 31 125 32
120 52 131 52
121 17 126 18
121 28 126 29
121 43 124 45
121 57 126 58
122 26 133 26
122 38 133 38
123 2 134 2
123 14 128 15
123 33 128 34
123 36 134 36
123 39 134 39
123 54 126 56
124 1 135 1
124 42 135 42
124 48 135 48
124 59 135 59
125 3 126 8
125 37 136 37
125 44 130 45
125 47 136 47
126 23 131 24
126 43 137 43
126 46 137 46
127 3 128 8
127 16 132 17
127 19 138 19
127 27 130 29
127 41 138 41
127 53 130 55
127 56 138 56
128 0 139 0
128 57 133 58
129 3 132 5
129 7 134 8
129 13 134 14
129 31 131 34
129 40 140 40
130 9 141 9
130 12 141 12
130 15 141 15
130 20 141 20
130 25 141 25
131 18 142 18
131 28 136 29
131 49 134 51
131 53 134 55
132 10 137 11
132 21 143 21
132 22 143 22
132 27 143 27
132 30 137 31
132 33 135 35
133 3 135 6
133 17 144 17
134 16 145 16
134 38 145 38
135 7 140 8
135 13 146 13
135 23 146 23
135 44 140 45
135 49 136 54
135 57 140 58
136 1 147 1
136 2 147 2
136 4 139 6
136 34 141 35
136 48 147 48
136 55 147 55
137 28 148 28
137 29 148 29
137 36 142 37
137 49 140 51
137 52 140 54
137 59 148 59
138 10 143 11
138 30 143 31
138 46 149 46
139 41 142 43
140 14 151 14
140 19 151 19
140 32 145 33
141 0 152 0
141 7 152 7
141 40 152 40
141 44 152 44
141 49 142 54
141 56 152 56
142 4 145 6
142 8 147 9
142 15 153 15
142 25 147 26
142 34 153 34
142 35 153 35
143 18 154 18
143 49 148 50
144 10 147 12
144 20 147 22
144 27 155 27
144 31 155 31
144 37 155 37
145 3 156 3
145 41 156 41
145 53 150 54
146 4 149 6
146 51 151 52
147 33 158 33
147 39 158 39
147 57 152 58
148 2 159 2
148 8 149 13
148 21 151 23
148 24 151 26
148 42 159 42
149 28 160 28
149 29 154 30
149 47 151 50
150 1 161 1
150 6 161 6
150 8 161 8
150 10 155 11
150 20 161 20
150 46 161 46
151 5 162 5
151 53 162 53
151 55 162 55
152 19 163 19
152 24 157 25
153 4 164 4
153 45 164 45
153 51 164 51
153 56 164 56
153 57 158 58
154 7 165 7
154 14 159 15
154 34 165 34
155 23 166 23
155 29 166 29
155 49 160 50
155 54 166 54
156 9 158 12
156 17 167 17
156 22 167 22
156 26 161 27
156 30 161 31
156 35 161 36
156 37 167 37
156 40 167 40
156 47 167 47
158 13 169 13
158 16 169 16
158 41 169 41
159 9 162 11
159 12 170 12
159 24 164 25
159 43 170 43
159 58 170 58
159 59 170 59
160 2 165 3
160 14 171 14
160 52 171 52
161 33 172 33
161 38 166 39
161 48 166 49
162 0 167 1
162 20 167 21
162 27 167 28
162 30 167 31
162 36 173 36
162 46 173 46
162 57 173 57
163 5 174 5
163 8 165 11
163 35 174 35
163 50 174 50
165 24 168 26
165 45 176 45
165 56 176 56
166 6 169 8
167 2 178 2
167 23 178 23
167 44 178 44
167 48 178 48
167 49 178 49
168 1 179 1
168 3 173 4
168 18 173 19
168 22 179 22
168 27 170 30
168 31 173 32
168 37 179 37
168 38 171 40
168 47 179 47
168 55 179 55
170 7 173 9
170 41 175 42
171 10 173 13
171 15 176 16
171 26 173 29
171 53 176 54
171 58 176 59
173 24 178 25
174 7 179 8
174 9 175 14
174 18 177 20
174 26 175 31
174 32 179 33
175 4 178 6
176 10 179 12
176 27 179 29
176 41 179 43
177 14 179 17
177 51 179 54
177 56 179 59
3 56 14 56
42 17 47 18
49 33 60 33
63 39 74 39
74 31 85 31
137 47 148 47
141 45 152 45
146 16 157 16
146 32 157 32
153 43 158 44
165 51 176 51
166 9 169 11
172 38 175 40
7 53 18 53
40 43 51 43
113 47 124 47
135 39 146 39
152 47 154 50
176 38 179 40
36 5 47 5
141 57 146 58
12 8 23 8
34 42 44 42
8 59 18 59
36 3 46 3
120 51 130 51
145 17 155 17
160 15 170 15
100 58 110 58
48 2 58 2
68 4 72 5
149 59 158 59
65 53 74 53
143 42 147 43
158 32 167 32
15 56 24 56
136 3 144 3
84 20 92 20
123 35 131 35
37 0 45 0
13 10 16 11
67 19 74 19
76 56 77 59
131 44 134 45
178 18 179 21
67 45 74 45
106 26 109 27
117 42 120 43
152 52 159 52
37 25 40 26
143 51 144 54
159 44 166 44
2 49 8 49
86 31 92 31
30 7 35 7
67 16 68 18
93 59 98 59
124 9 129 9
50 27 55 27
84 44 89 44
155 48 160 48
69 35 73 35
75 40 79 40
95 26 99 26
148 43 152 43
2 55 6 55
0 7 3 7
6 45 9 45
44 47 45 48
48 4 49 5
114 20 117 20
127 18 130 18
60 36 63 36
100 56 101 57
3 12 5 12
122 14 122 16
127 25 129 25
