781
0 1 2 4
0 6 11 6
0 8 11 8
0 9 11 9
0 11 11 11
0 12 2 15
0 16 1 21
0 22 5 23
0 24 11 24
0 25 11 25
0 26 5 27
0 28 1 33
0 34 2 37
0 38 11 38
0 39 5 40
0 41 3 43
0 44 11 44
0 45 1 50
0 51 1 56
0 57 3 59
1 10 12 10
2 16 3 21
2 28 13 28
2 45 5 47
2 50 7 51
2 52 7 53
3 1 5 4
3 13 14 13
3 31 4 36
3 37 14 37
3 48 14 48
3 54 14 54
4 7 15 7
4 14 6 17
4 18 15 18
4 21 15 21
4 41 15 41
4 42 9 43
4 56 9 57
5 5 16 5
5 31 6 36
6 0 9 2
6 12 17 12
6 19 17 19
6 22 17 22
6 29 17 29
6 46 11 47
6 58 17 58
7 14 10 16
7 32 18 32
7 33 12 34
7 55 18 55
8 31 19 31
8 35 13 36
8 51 19 51
8 52 13 53
9 23 20 23
9 26 14 27
9 49 20 49
10 0 12 3
10 42 21 42
10 43 21 43
10 45 21 45
10 57 21 57
11 40 22 40
12 4 23 4
12 9 23 9
12 16 17 17
12 25 23 25
12 30 23 30
12 44 23 44
12 47 23 47
13 0 24 0
13 6 24 6
13 33 24 33
13 34 24 34
14 1 19 2
14 20 25 20
14 28 25 28
14 36 25 36
14 46 25 46
15 52 18 54
16 37 27 37
16 41 27 41
17 10 28 10
17 14 22 15
17 24 28 24
18 7 29 7
18 11 21 13
18 17 23 18
18 19 29 19
18 21 23 22
18 35 29 35
18 58 29 58
19 52 24 53
19 54 30 54
19 55 30 55
19 59 30 59
20 2 25 3
20 39 31 39
20 48 31 48
20 50 25 51
22 11 33 11
22 42 27 43
23 12 28 13
23 15 28 16
24 8 35 8
24 9 35 9
24 18 35 18
24 25 29 26
25 0 36 0
25 21 36 21
25 33 36 33
25 56 36 56
26 1 27 6
26 20 37 20
26 23 37 23
26 29 31 30
26 36 37 36
26 49 29 51
26 52 31 53
27 38 38 38
28 1 33 2
28 3 33 4
28 5 33 6
28 22 39 22
28 28 39 28
28 32 39 32
28 41 33 42
28 43 39 43
28 57 39 57
29 12 31 15
29 16 34 17
29 24 40 24
29 27 40 27
29 47 40 47
30 19 41 19
30 25 35 26
30 50 41 50
31 40 42 40
31 55 42 55
31 58 36 59
32 12 34 15
32 48 43 48
32 51 34 54
34 1 35 6
34 29 45 29
34 34 39 35
34 41 45 41
35 10 40 11
35 12 37 15
35 16 46 16
35 51 38 53
35 54 46 54
36 1 41 2
36 4 47 4
36 6 38 9
36 17 41 18
36 30 47 30
36 45 47 45
36 49 47 49
37 33 48 33
37 44 48 44
37 46 48 46
38 12 41 14
38 15 49 15
38 20 43 21
38 23 49 23
39 6 50 6
39 7 50 7
39 37 42 39
39 52 44 53
40 8 45 9
40 34 43 36
40 56 42 59
41 10 52 10
41 24 52 24
41 25 43 28
42 1 47 2
42 13 47 14
43 19 54 19
43 31 54 31
43 32 54 32
43 38 48 39
43 55 45 58
44 11 55 11
44 20 55 20
44 21 49 22
44 25 46 28
45 35 48 37
45 42 56 42
45 50 47 53
46 0 57 0
46 9 57 9
46 40 51 41
46 47 51 48
46 57 57 57
47 3 58 3
47 25 52 26
47 27 52 28
47 54 58 54
47 55 58 55
48 1 59 1
48 16 51 18
48 29 53 30
48 49 53 50
48 51 59 51
48 52 53 53
49 33 54 34
49 35 51 38
49 44 60 44
49 45 54 46
50 4 61 4
50 5 61 5
50 21 55 22
51 13 56 14
52 6 63 6
52 15 54 18
52 35 54 38
52 40 57 41
52 43 63 43
52 47 63 47
53 24 64 24
53 25 55 28
54 10 65 10
54 12 65 12
54 52 59 53
55 16 58 18
55 30 60 31
55 32 66 32
55 34 66 34
55 35 58 37
55 45 66 45
55 50 66 50
56 19 61 20
56 25 59 27
56 56 67 56
57 28 62 29
57 42 68 42
57 46 68 46
58 13 63 14
58 21 61 23
58 38 60 41
59 2 70 2
59 3 70 3
59 8 70 8
59 11 70 11
59 16 64 17
59 54 64 55
60 0 71 0
60 1 71 1
60 35 71 35
60 53 71 53
60 59 71 59
61 15 72 15
61 31 72 31
61 38 72 38
61 39 64 41
61 44 72 44
62 4 67 5
62 18 65 20
62 21 65 23
62 26 67 27
62 37 73 37
62 57 67 58
63 7 74 7
63 25 74 25
63 28 66 30
64 6 75 6
64 33 75 33
64 36 75 36
64 43 75 43
65 9 76 9
65 39 70 40
65 41 76 41
65 48 76 48
65 51 76 51
65 55 76 55
66 10 77 10
66 12 71 13
66 20 68 23
66 49 77 49
66 54 77 54
67 28 72 29
67 50 78 50
67 52 78 52
68 57 79 57
69 14 80 14
69 16 72 18
69 20 80 20
69 34 80 34
69 45 72 47
70 22 81 22
70 23 75 24
71 2 76 3
71 26 82 26
71 40 82 40
72 0 83 0
72 32 83 32
72 59 83 59
73 4 78 5
73 15 78 16
73 17 78 18
73 27 78 28
73 29 78 30
73 44 76 46
74 12 85 12
74 21 85 21
74 35 85 35
75 11 86 11
75 25 86 25
76 6 81 7
76 8 87 8
76 19 87 19
76 24 87 24
76 36 78 39
76 43 87 43
77 13 88 13
77 45 80 47
77 51 88 51
77 55 88 55
78 1 81 3
78 9 83 10
78 41 89 41
78 53 83 54
79 15 81 18
79 27 81 30
79 33 90 33
79 56 90 56
80 36 83 38
80 39 91 39
80 57 91 57
81 23 92 23
81 34 92 34
81 44 84 46
81 47 84 49
82 1 93 1
82 2 87 3
82 6 87 7
82 14 93 14
82 16 87 17
82 27 84 30
82 52 93 52
83 26 94 26
84 9 95 9
84 15 95 15
84 32 95 32
84 36 87 38
84 53 89 54
84 59 95 59
85 27 88 29
85 30 96 30
85 44 88 46
85 47 96 47
86 22 97 22
86 42 97 42
87 10 90 12
87 35 98 35
88 2 99 2
88 3 89 8
88 18 93 19
88 20 93 21
88 37 93 38
88 43 99 43
88 49 99 49
88 58 99 58
89 13 100 13
89 25 100 25
89 27 100 27
89 28 94 29
89 46 100 46
89 51 100 51
90 44 95 45
90 53 95 54
91 3 96 4
91 7 96 8
91 17 102 17
91 40 96 41
92 10 103 10
92 11 103 11
92 24 103 24
92 50 103 50
92 55 97 56
93 23 104 23
93 31 104 31
94 1 105 1
94 16 105 16
94 18 97 20
94 36 105 36
94 37 97 39
94 52 105 52
95 21 106 21
95 29 106 29
95 33 100 34
96 5 101 6
96 9 107 9
96 28 107 28
97 7 102 8
97 30 108 30
97 44 108 44
98 3 103 4
98 18 109 18
98 19 103 20
98 22 109 22
98 37 103 38
98 39 100 42
99 48 110 48
99 55 110 55
99 59 110 59
100 2 111 2
100 35 111 35
100 49 111 49
100 54 111 54
101 12 103 15
101 25 104 27
101 32 112 32
101 33 112 33
101 40 104 42
101 45 106 46
101 47 112 47
102 5 107 6
102 34 113 34
102 56 113 56
102 57 113 57
103 17 114 17
104 13 115 13
104 20 115 20
104 37 109 38
104 51 115 51
105 3 116 3
105 7 116 7
105 23 107 26
105 40 107 43
106 4 117 4
106 11 117 11
106 12 117 12
106 15 111 16
106 31 117 31
107 21 118 21
107 29 118 29
107 46 118 46
107 53 118 53
108 0 119 0
108 5 119 5
108 6 119 6
108 23 119 23
108 24 113 25
108 28 119 28
108 39 119 39
108 40 110 43
109 44 114 45
110 8 113 10
110 14 121 14
110 18 121 18
110 26 121 26
110 36 113 38
111 19 122 19
111 27 122 27
111 42 116 43
111 48 122 48
111 59 122 59
112 1 117 2
112 15 117 16
112 49 123 49
112 54 117 55
114 8 117 10
114 25 125 25
114 33 115 38
114 41 125 41
114 56 117 58
115 17 126 17
115 44 120 45
116 13 127 13
116 32 118 35
116 37 121 38
116 50 121 51
116 52 127 52
117 40 128 40
118 7 120 10
118 12 129 12
118 15 129 15
118 20 129 20
118 36 129 36
118 54 120 57
119 1 122 3
119 11 130 11
119 30 130 30
119 33 124 34
120 21 131 21
120 31 131 31
121 5 122 10
121 28 126 29
121 43 124 45
121 53 123 56
121 57 126 58
122 26 133 26
122 38 133 38
122 46 133 46
123 2 134 2
123 3 124 8
123 19 134 19
123 32 134 32
123 39 134 39
124 1 135 1
124 10 135 10
124 42 135 42
124 48 126 51
124 53 129 54
124 59 135 59
125 3 126 8
125 14 136 14
125 33 128 35
125 37 136 37
125 44 130 45
125 47 136 47
125 56 136 56
126 23 131 24
126 43 137 43
127 3 132 4
127 5 132 6
127 7 130 9
127 16 138 16
127 27 130 29
127 41 138 41
127 48 132 49
127 50 138 50
128 0 139 0
128 51 133 52
128 57 133 58
129 34 134 35
129 40 140 40
130 12 141 12
130 13 141 13
130 15 141 15
130 20 141 20
130 25 141 25
130 54 141 54
131 7 134 9
131 18 142 18
131 28 136 29
132 21 143 21
132 22 143 22
132 27 143 27
132 30 137 31
133 3 135 6
133 17 144 17
133 48 144 48
134 11 145 11
134 38 145 38
134 44 137 46
134 53 145 53
135 7 140 8
135 23 146 23
135 33 146 33
135 34 138 36
135 57 140 58
136 1 147 1
136 2 147 2
136 4 139 6
136 9 147 9
136 55 147 55
137 28 142 29
137 59 148 59
138 30 143 31
138 42 140 45
138 46 149 46
139 16 150 16
139 34 142 36
139 50 144 51
140 14 151 14
140 19 151 19
141 0 152 0
141 7 146 8
141 37 152 37
141 40 152 40
141 41 146 42
141 43 144 45
141 56 152 56
142 4 145 6
142 15 153 15
142 25 147 26
143 12 148 13
143 18 154 18
143 28 148 29
143 32 154 32
143 34 154 34
143 35 154 35
144 20 147 22
144 27 155 27
144 31 155 31
145 3 156 3
145 48 147 51
146 4 149 6
146 44 151 45
146 52 149 54
147 8 158 8
147 33 158 33
147 39 158 39
147 41 158 41
147 57 152 58
148 2 159 2
148 9 159 9
148 21 151 23
148 24 151 26
148 42 159 42
148 48 153 49
148 50 153 51
149 10 160 10
149 28 160 28
149 29 154 30
150 1 161 1
150 6 161 6
150 11 155 12
150 20 161 20
150 46 161 46
150 53 155 54
151 5 162 5
151 55 162 55
152 19 163 19
152 24 157 25
152 44 157 45
153 4 164 4
153 56 164 56
153 57 158 58
154 7 165 7
154 14 159 15
154 37 165 37
154 51 165 51
155 23 166 23
155 29 166 29
155 34 158 36
155 49 166 49
155 50 166 50
156 11 161 12
156 17 167 17
156 22 167 22
156 26 161 27
156 30 161 31
156 40 167 40
156 47 167 47
156 53 167 53
156 54 167 54
158 13 169 13
158 16 169 16
159 8 170 8
159 24 164 25
159 32 161 35
159 41 170 41
159 43 170 43
159 44 164 45
159 58 170 58
159 59 170 59
160 2 165 3
160 14 171 14
160 52 171 52
161 38 166 39
162 0 167 1
162 9 173 9
162 11 167 12
162 20 167 21
162 27 167 28
162 30 167 31
162 32 164 35
162 36 173 36
162 46 173 46
162 57 173 57
163 5 174 5
165 24 170 25
165 45 176 45
165 48 176 48
165 56 176 56
166 33 171 34
167 2 178 2
167 23 178 23
167 37 178 37
167 44 178 44
167 49 178 49
167 50 178 50
168 1 179 1
168 3 173 4
168 18 173 19
168 22 179 22
168 27 179 27
168 28 171 30
168 31 173 32
168 35 179 35
168 38 171 40
168 47 179 47
168 55 179 55
169 10 172 12
171 15 176 16
171 53 176 54
171 58 176 59
172 29 177 30
172 38 174 41
173 7 178 8
173 11 175 14
173 24 178 25
174 18 177 20
174 31 179 32
175 4 178 6
176 10 179 12
176 41 179 43
177 14 179 17
177 51 179 54
177 56 179 59
4 59 15 59
12 56 23 56
42 17 47 18
74 31 85 31
137 47 148 47
40 43 51 43
66 16 68 19
113 47 124 47
124 55 135 55
135 39 146 39
175 38 178 40
36 5 47 5
141 57 146 58
12 8 23 8
102 58 113 58
146 43 157 43
134 52 145 52
28 37 38 37
34 42 44 42
68 56 78 56
166 51 176 51
36 3 46 3
145 17 155 17
154 48 164 48
160 15 170 15
48 2 58 2
60 51 64 52
68 4 72 5
92 57 101 57
149 59 158 59
106 52 115 52
150 52 159 52
36 25 40 26
17 5 25 5
136 3 144 3
55 33 63 33
122 18 130 18
37 0 45 0
13 10 16 11
83 40 90 40
178 18 179 21
117 42 120 43
161 10 168 10
172 28 179 28
2 49 8 49
69 19 75 19
86 31 92 31
103 8 109 8
81 20 87 20
149 47 155 47
30 7 35 7
30 49 35 49
55 38 57 39
59 36 61 37
60 25 61 27
73 38 75 39
95 26 100 26
119 35 124 35
127 17 132 17
88 16 90 17
44 34 48 34
134 51 138 51
135 19 139 19
2 55 6 55
0 7 3 7
6 45 9 45
44 47 45 48
48 4 49 5
108 26 109 27
126 25 129 25
155 32 158 32
3 12 5 12
122 14 124 14
145 43 145 45
158 43 158 45
