779
0 1 2 4
0 6 11 6
0 8 11 8
0 9 11 9
0 11 11 11
0 12 2 15
0 16 1 21
0 22 0 33
0 34 3 36
0 37 1 42
0 43 5 44
0 45 1 50
0 51 1 56
0 57 3 59
1 10 12 10
1 23 6 24
1 25 12 25
1 26 4 28
1 29 6 30
2 16 3 21
2 37 5 39
2 41 13 41
2 45 5 47
2 50 7 51
2 52 7 53
3 1 5 4
3 13 14 13
3 33 14 33
3 48 14 48
3 54 14 54
4 7 15 7
4 14 6 17
4 18 15 18
4 21 15 21
4 32 15 32
4 35 15 35
4 56 9 57
5 5 16 5
5 22 16 22
5 26 8 28
5 34 16 34
5 36 16 36
6 0 9 2
6 12 17 12
6 19 17 19
6 37 11 38
6 42 11 43
6 46 11 47
6 58 17 58
7 14 10 16
7 24 18 24
7 29 18 29
7 44 12 45
7 55 18 55
8 31 19 31
8 51 19 51
8 52 13 53
9 23 20 23
9 26 20 26
9 27 14 28
9 49 14 50
10 0 12 3
10 57 21 57
11 40 22 40
12 4 23 4
12 9 23 9
12 16 17 17
12 30 23 30
12 37 17 38
12 42 23 42
12 47 23 47
13 0 24 0
13 6 24 6
13 25 24 25
13 43 15 46
14 1 19 2
14 20 25 20
15 33 26 33
15 52 18 54
16 28 27 28
16 41 27 41
16 43 18 46
17 10 28 10
17 14 22 15
17 34 28 34
17 49 22 50
18 7 29 7
18 11 21 13
18 17 23 18
18 19 29 19
18 21 23 22
18 35 29 35
18 36 23 37
18 58 29 58
19 43 22 45
19 52 24 53
19 54 24 55
19 59 30 59
20 2 25 3
20 39 31 39
20 48 31 48
21 23 26 24
22 11 33 11
23 12 28 13
23 15 28 16
23 43 34 43
23 49 26 51
24 8 35 8
24 9 35 9
24 18 35 18
24 26 35 26
24 36 29 37
24 42 35 42
25 0 36 0
25 21 36 21
25 25 36 25
25 52 27 55
25 56 36 56
26 1 31 2
26 3 28 6
26 20 37 20
26 29 31 30
27 23 32 24
27 38 38 38
27 49 30 51
28 22 39 22
28 28 39 28
28 32 39 32
28 52 31 54
28 57 39 57
29 3 34 4
29 6 40 6
29 12 31 15
29 16 34 17
29 27 40 27
29 40 34 41
29 47 40 47
30 19 41 19
30 35 33 37
30 55 41 55
31 33 36 34
31 49 34 51
31 58 36 59
32 12 34 15
32 48 43 48
33 1 44 1
33 52 38 53
34 29 45 29
34 35 45 35
35 2 46 2
35 10 36 15
35 16 46 16
35 23 40 24
35 41 46 41
35 43 40 44
35 54 46 54
36 4 47 4
36 7 39 9
36 17 41 18
36 30 47 30
36 45 47 45
36 49 47 49
37 10 39 13
37 14 42 15
37 33 48 33
37 46 48 46
38 20 49 20
38 40 49 40
39 37 42 39
39 52 44 53
40 7 42 10
40 21 45 22
40 56 42 59
41 23 42 28
41 42 44 44
43 5 44 10
43 13 48 14
43 15 54 15
43 19 54 19
43 23 48 24
43 26 54 26
43 31 54 31
43 32 54 32
43 36 48 37
43 38 48 39
43 55 46 57
43 58 54 58
44 11 55 11
44 25 55 25
45 6 48 8
45 9 56 9
45 42 56 42
45 50 47 53
46 0 57 0
46 27 49 29
46 44 57 44
46 47 51 48
47 3 58 3
47 34 52 35
47 54 52 55
47 57 58 57
48 1 59 1
48 16 51 18
48 49 53 50
48 51 59 51
48 52 53 53
49 5 54 6
49 21 51 24
49 36 51 39
49 41 60 41
49 45 54 46
50 4 61 4
50 28 55 29
51 10 62 10
51 13 56 14
51 20 62 20
52 17 63 17
52 21 54 24
52 36 57 37
52 43 63 43
52 47 63 47
53 38 56 40
53 54 58 55
54 12 65 12
54 16 65 16
54 52 59 53
55 5 66 5
55 18 60 19
55 30 60 31
55 32 66 32
55 34 66 34
55 45 66 45
55 50 66 50
56 23 61 24
56 25 59 27
56 56 67 56
57 6 59 9
57 28 62 29
57 35 68 35
57 40 68 40
57 42 68 42
57 46 68 46
58 13 63 14
58 21 63 22
58 38 63 39
58 44 69 44
59 2 70 2
59 3 70 3
59 11 70 11
59 54 70 54
60 0 71 0
60 1 71 1
60 8 71 8
60 53 71 53
60 55 71 55
60 59 71 59
61 15 72 15
61 18 66 19
61 31 72 31
61 41 72 41
62 23 64 26
62 37 73 37
62 57 67 58
63 7 74 7
63 9 68 10
63 28 68 29
64 6 75 6
64 20 75 20
64 33 75 33
64 36 75 36
64 43 75 43
65 21 68 23
65 25 76 25
65 26 76 26
65 38 70 39
65 48 76 48
65 51 76 51
66 12 71 13
66 30 77 30
66 49 77 49
67 4 72 5
67 50 78 50
67 52 78 52
68 57 79 57
69 9 80 9
69 14 80 14
69 16 72 18
69 27 72 29
69 34 80 34
69 40 80 40
69 45 72 47
70 22 81 22
70 23 75 24
71 2 76 3
71 10 76 11
72 0 83 0
72 32 83 32
72 44 83 44
72 53 74 56
72 59 83 59
73 4 78 5
73 15 78 16
73 17 78 18
73 27 78 28
73 41 78 42
73 45 76 47
74 12 85 12
74 21 85 21
74 29 85 29
74 35 85 35
75 53 78 55
76 6 81 7
76 8 87 8
76 19 87 19
76 24 87 24
76 36 78 39
76 43 87 43
77 10 88 10
77 11 88 11
77 13 88 13
77 25 82 26
77 45 80 47
77 51 88 51
78 1 81 3
79 15 81 18
79 33 90 33
79 53 82 55
79 56 90 56
80 30 91 30
80 36 83 38
80 39 91 39
80 41 85 42
80 57 91 57
81 9 92 9
81 23 92 23
81 34 92 34
81 45 86 46
81 47 84 49
82 1 93 1
82 2 87 3
82 6 87 7
82 14 93 14
82 16 87 17
82 52 93 52
83 26 94 26
83 53 94 53
83 54 94 54
83 55 94 55
84 15 95 15
84 27 89 28
84 32 95 32
84 36 89 37
84 59 95 59
85 47 96 47
86 22 97 22
86 40 91 41
86 42 97 42
87 35 98 35
87 46 98 46
88 2 99 2
88 3 89 8
88 18 93 19
88 20 93 21
88 43 99 43
88 49 99 49
88 58 99 58
89 12 94 13
89 25 100 25
89 29 100 29
89 51 100 51
90 28 101 28
90 37 95 38
90 44 101 44
91 3 96 4
91 7 96 8
91 17 102 17
92 10 103 10
92 11 103 11
92 24 103 24
92 39 95 41
92 50 103 50
92 56 97 57
93 23 104 23
93 31 104 31
94 1 105 1
94 9 105 9
94 16 105 16
94 18 96 21
94 36 105 36
94 52 105 52
95 33 100 34
95 53 106 53
96 5 101 6
96 13 107 13
96 37 98 40
96 41 107 41
96 54 101 55
97 7 102 8
97 18 108 18
97 19 102 20
97 21 108 21
97 30 108 30
98 3 103 4
98 22 109 22
99 37 102 39
99 46 110 46
99 48 110 48
99 59 110 59
100 2 111 2
100 26 105 27
100 35 111 35
100 49 111 49
101 32 112 32
101 33 112 33
101 42 106 43
101 47 112 47
102 5 107 6
102 28 107 29
102 34 113 34
102 44 107 45
102 54 104 57
103 17 114 17
103 19 114 19
103 25 114 25
103 37 106 39
104 20 115 20
104 51 115 51
105 3 116 3
105 7 116 7
105 54 107 57
106 4 117 4
106 8 111 9
106 11 117 11
106 12 117 12
106 15 111 16
106 31 117 31
107 38 118 38
107 53 118 53
108 0 119 0
108 5 119 5
108 6 119 6
108 23 119 23
108 28 113 29
108 39 119 39
108 40 110 43
108 54 110 57
109 18 120 18
109 21 120 21
109 44 114 45
110 13 115 14
110 26 121 26
111 27 122 27
111 42 116 43
111 48 122 48
111 57 116 58
111 59 122 59
112 1 117 2
112 8 115 10
112 15 123 15
112 37 123 37
112 46 123 46
112 49 123 49
112 54 117 55
113 16 124 16
114 28 119 29
114 33 117 35
114 41 125 41
115 17 126 17
115 19 126 19
115 25 126 25
115 44 120 45
116 8 119 10
116 13 127 13
116 50 121 51
116 52 127 52
117 32 128 32
117 40 128 40
117 56 120 58
118 12 129 12
118 20 129 20
118 33 129 33
118 34 121 36
119 1 124 2
119 11 130 11
119 30 130 30
119 53 122 55
120 5 121 10
120 31 131 31
121 21 132 21
121 28 126 29
121 38 126 39
121 43 124 45
121 57 126 58
122 3 133 3
122 5 133 5
122 6 124 9
122 26 133 26
122 36 133 36
123 54 126 56
124 10 135 10
124 15 135 15
124 42 135 42
124 46 125 51
124 59 135 59
125 0 128 2
125 14 136 14
125 34 130 35
125 37 136 37
125 44 130 45
126 4 137 4
126 6 129 8
126 23 131 24
126 43 137 43
126 46 137 46
126 47 137 47
126 48 131 49
126 50 131 51
127 16 138 16
127 19 138 19
127 27 130 29
127 38 138 38
127 41 138 41
127 53 130 55
127 56 138 56
128 57 133 58
129 0 132 2
129 39 134 40
130 7 133 9
130 12 135 13
130 20 141 20
130 25 141 25
131 18 142 18
131 28 136 29
131 34 136 35
131 53 134 55
132 22 143 22
132 27 143 27
132 30 135 32
132 48 143 48
132 49 134 52
133 0 138 1
133 2 144 2
133 17 144 17
134 5 139 6
134 7 137 9
134 11 145 11
135 23 146 23
135 33 146 33
135 40 146 40
135 44 140 45
135 49 136 54
135 57 140 58
136 12 141 13
136 55 147 55
137 28 142 29
137 30 142 31
137 34 142 35
137 36 142 37
137 49 140 51
137 52 140 54
137 59 148 59
138 7 149 7
138 8 141 10
138 46 149 46
139 0 144 1
139 16 150 16
139 41 142 43
140 14 151 14
140 19 151 19
140 21 151 21
141 15 152 15
141 44 152 44
141 49 142 54
141 56 152 56
142 4 145 6
142 8 145 10
142 25 147 26
143 12 148 13
143 18 154 18
143 28 148 29
143 30 146 32
143 34 144 39
143 49 148 50
144 22 155 22
144 27 155 27
145 0 148 2
145 3 156 3
145 34 148 36
145 37 148 39
145 41 156 41
145 53 150 54
146 4 149 6
146 8 148 11
146 51 151 52
147 31 150 33
147 57 152 58
148 23 151 25
148 42 159 42
149 10 160 10
149 28 160 28
149 29 154 30
149 34 152 36
149 37 151 40
149 47 151 50
150 1 161 1
150 6 161 6
150 8 161 8
150 11 155 12
150 20 161 20
150 46 161 46
151 5 162 5
151 33 162 33
151 53 162 53
151 55 162 55
152 19 163 19
152 24 157 25
152 31 163 31
152 37 154 40
153 4 164 4
153 15 164 15
153 34 164 34
153 45 164 45
153 51 164 51
153 56 158 57
153 58 164 58
154 2 165 2
154 7 165 7
155 23 166 23
155 29 166 29
155 37 166 37
155 49 160 50
155 54 166 54
156 11 161 12
156 13 161 14
156 17 167 17
156 22 167 22
156 26 161 27
156 35 161 36
156 40 167 40
156 47 167 47
158 16 169 16
158 41 169 41
159 24 164 25
159 43 170 43
159 59 170 59
160 52 171 52
161 38 166 39
161 48 166 49
162 0 167 1
162 9 163 14
162 20 167 21
162 27 167 28
162 36 173 36
162 46 173 46
162 57 173 57
163 5 174 5
163 33 174 33
163 35 174 35
163 50 174 50
164 8 165 13
164 30 167 32
165 24 168 26
165 45 176 45
165 56 176 56
165 58 176 58
166 6 168 9
166 11 171 12
167 2 178 2
167 13 172 14
167 23 178 23
167 37 178 37
167 44 178 44
167 48 178 48
167 49 178 49
168 1 179 1
168 3 173 4
168 18 173 19
168 22 179 22
168 27 170 30
168 31 173 32
168 38 171 40
168 47 179 47
168 55 179 55
169 6 171 9
170 41 175 42
171 15 176 16
171 26 173 29
171 53 176 54
172 7 173 12
173 24 178 25
174 7 179 8
174 9 175 14
174 18 177 20
174 26 175 31
175 4 178 6
175 32 177 35
176 10 179 12
176 27 179 29
176 41 179 43
177 14 179 17
177 51 179 54
177 56 179 59
4 59 15 59
12 56 23 56
29 5 40 5
42 17 47 18
49 33 60 33
74 31 85 31
141 45 152 45
153 43 158 44
165 51 176 51
172 38 175 40
76 20 87 20
152 47 154 50
176 38 179 40
141 57 146 58
151 32 162 32
12 8 23 8
35 3 46 3
47 2 58 2
134 3 144 3
113 47 123 47
138 47 148 47
145 17 155 17
100 58 110 58
34 36 38 37
35 50 44 50
60 51 64 52
149 59 158 59
106 52 115 52
121 18 130 18
143 42 147 43
95 26 99 27
71 38 75 39
17 5 25 5
67 19 75 19
37 0 45 0
116 14 124 14
13 10 16 11
131 44 134 45
178 18 179 21
179 30 179 37
58 36 61 37
106 26 109 27
117 42 120 43
142 20 149 20
152 52 159 52
37 25 40 26
98 56 101 57
143 51 144 54
159 44 166 44
2 49 8 49
86 31 92 31
45 43 51 43
30 7 35 7
45 10 50 10
60 25 61 27
67 16 68 18
83 25 88 25
122 34 124 35
127 17 132 17
50 27 55 27
84 44 89 44
88 16 90 17
155 48 160 48
165 15 170 15
166 10 171 10
69 35 73 35
125 9 129 9
148 43 152 43
149 2 153 2
2 55 6 55
0 7 3 7
44 47 45 48
45 5 48 5
75 56 78 56
138 4 141 4
3 12 5 12
127 25 129 25
