810
21 0 21 2
36 0 38 0
43 0 45 0
17 0 18 1
57 0 57 3
66 0 67 1
74 0 75 1
89 0 89 3
114 0 115 1
131 0 131 3
144 0 144 3
173 0 174 1
33 0 33 4
69 0 69 4
71 0 71 4
124 0 128 0
140 0 140 4
142 0 142 4
166 0 166 4
31 0 31 5
46 0 48 1
49 0 49 5
51 0 51 5
54 0 55 2
110 0 110 5
122 0 122 5
134 0 136 1
149 0 149 5
151 0 152 2
162 0 162 5
167 0 168 2
16 0 16 6
25 0 25 6
39 0 39 6
40 0 40 6
53 0 53 6
59 0 59 6
64 0 64 6
65 0 65 6
99 0 99 6
101 0 101 6
116 0 116 6
163 0 163 6
0 0 0 7
7 0 7 7
8 0 9 3
22 0 22 7
30 0 30 7
34 0 35 3
42 0 42 7
93 0 94 3
96 0 96 7
103 0 103 7
106 0 106 7
119 0 119 7
132 0 133 3
145 0 145 7
178 0 178 7
3 0 3 8
27 0 27 8
29 0 29 8
76 0 78 2
80 0 82 2
85 0 85 8
97 0 97 8
105 0 105 8
107 0 107 8
117 0 117 8
10 0 10 9
19 0 19 9
50 0 50 9
56 0 56 9
70 0 70 9
72 0 73 4
87 0 87 9
92 0 92 9
108 0 109 4
143 0 143 9
171 0 171 9
176 0 176 9
1 0 1 10
20 0 20 10
24 0 24 10
79 0 79 10
104 0 104 10
154 0 154 10
160 0 160 10
164 0 164 10
169 0 169 10
2 0 2 11
4 0 5 5
23 0 23 11
52 0 52 11
58 0 58 11
121 0 121 11
137 0 137 11
141 0 141 11
146 0 146 11
147 0 147 11
157 0 157 11
159 0 159 11
165 0 165 11
36 1 37 3
127 1 127 6
43 1 43 7
45 1 45 7
124 1 124 7
125 1 125 9
91 1 91 12
138 1 138 12
150 1 150 12
74 2 74 7
17 2 17 8
47 2 47 8
114 2 114 8
174 2 174 9
66 2 66 10
135 2 135 10
18 2 18 11
48 2 48 11
173 2 173 11
67 2 67 12
46 2 46 13
61 2 61 13
102 2 102 13
112 2 112 13
115 2 115 13
148 2 148 13
175 2 175 13
168 3 168 10
82 3 82 11
21 3 21 12
76 3 76 12
11 3 12 8
32 3 32 14
78 3 78 14
123 3 123 14
129 3 129 14
139 3 139 14
37 4 38 6
131 4 131 9
36 4 36 12
133 4 133 12
8 4 8 13
57 4 57 13
28 4 28 15
41 4 41 15
89 4 89 15
93 4 93 15
95 4 95 15
120 4 120 15
158 4 158 15
172 4 172 15
177 4 177 15
33 5 33 10
73 5 73 12
69 5 69 14
166 5 166 15
9 5 9 16
34 5 34 16
55 5 55 16
62 5 62 16
86 5 86 16
94 5 94 16
118 5 118 16
5 6 5 13
31 6 31 14
109 6 111 8
4 6 4 16
122 6 122 16
49 6 49 17
68 6 68 17
88 6 88 17
108 6 108 17
149 6 149 17
155 6 155 17
101 7 101 11
99 7 100 9
127 7 127 12
40 7 40 14
116 7 116 14
163 7 163 15
15 7 16 11
59 7 59 17
13 7 14 12
37 7 37 18
64 7 65 12
71 7 71 18
128 7 128 18
170 7 170 18
0 8 0 12
74 8 74 12
7 8 7 15
96 8 96 15
43 8 43 17
124 8 124 17
119 8 119 18
39 8 39 19
75 8 75 19
77 8 77 19
145 8 145 19
153 8 153 19
17 9 17 13
114 9 114 16
29 9 30 14
35 9 35 20
42 9 42 20
47 9 47 20
90 9 90 20
117 9 117 20
151 9 151 20
152 9 152 20
167 9 167 20
131 10 131 15
50 10 50 19
99 10 99 20
174 10 174 20
11 10 11 21
54 10 54 21
63 10 63 21
85 10 85 21
92 10 92 21
144 10 144 21
160 11 160 14
168 11 169 14
20 11 20 19
24 11 24 19
79 11 79 19
27 11 27 22
80 11 80 22
134 11 134 22
143 11 143 22
162 11 162 22
176 11 176 22
146 12 146 14
159 12 159 17
2 12 2 19
58 12 58 19
141 12 141 19
164 12 165 15
101 12 101 20
137 12 137 20
147 12 147 20
18 12 18 21
23 12 23 21
52 12 52 21
16 12 16 22
3 12 3 23
10 12 10 23
26 12 26 23
82 12 82 23
98 12 98 23
106 12 106 23
138 13 138 17
72 13 73 15
127 13 127 18
133 13 133 18
0 13 0 19
74 13 74 19
91 13 91 19
36 13 36 22
33 13 33 24
48 13 48 24
66 13 67 18
81 13 81 24
46 14 46 17
112 14 112 17
17 14 17 18
115 14 115 20
148 14 148 20
8 14 8 21
102 14 102 21
61 14 61 24
44 14 44 25
64 14 64 25
70 14 70 25
87 14 87 25
109 14 109 25
130 14 130 25
136 14 136 25
154 14 154 25
175 14 175 25
178 14 178 25
179 14 179 25
139 15 139 20
78 15 78 21
129 15 129 21
31 15 32 18
168 15 168 22
146 15 146 23
29 15 29 26
40 15 40 26
56 15 57 20
125 15 126 20
142 15 142 26
160 15 160 26
41 16 41 18
89 16 89 19
157 16 158 17
95 16 96 18
93 16 93 22
177 16 177 22
163 16 163 25
30 16 30 27
53 16 53 27
60 16 60 27
97 16 97 27
100 16 100 27
110 16 110 27
111 16 111 27
131 16 132 21
166 16 166 27
118 17 118 23
86 17 86 24
121 17 122 20
62 17 62 25
55 17 55 27
1 17 1 28
14 17 14 28
19 17 19 28
105 17 105 28
68 18 68 20
149 18 149 22
155 18 155 26
159 18 159 27
108 18 108 28
138 18 138 28
45 18 45 29
51 18 51 29
83 18 83 29
113 18 113 29
114 18 114 29
124 18 124 29
140 18 140 29
127 19 127 25
71 19 71 26
37 19 37 28
66 19 66 28
95 19 95 28
17 19 17 29
21 19 21 30
31 19 31 30
46 19 46 30
94 19 94 30
96 19 96 30
135 19 135 30
150 19 150 30
165 19 165 30
173 19 173 30
50 20 50 24
58 20 58 25
39 20 39 26
0 20 0 27
77 20 77 28
24 20 25 24
74 20 74 29
49 20 49 31
75 20 76 25
89 20 89 31
170 20 170 31
167 21 167 25
90 21 90 26
42 21 42 27
115 21 117 23
139 21 139 29
47 21 47 30
68 21 68 30
101 21 101 30
126 21 126 30
148 21 148 30
151 21 151 30
35 21 35 31
56 21 56 31
69 21 69 32
119 21 120 26
122 21 122 32
156 21 156 32
171 21 171 32
11 22 11 24
92 22 92 25
8 22 8 28
102 22 102 28
129 22 129 28
85 22 85 29
23 22 23 30
78 22 78 30
54 22 54 32
15 22 15 33
57 22 57 33
79 22 79 33
112 22 112 33
128 22 128 33
147 22 147 33
143 23 143 28
176 23 176 29
93 23 93 31
168 23 168 33
2 23 2 34
4 23 4 34
18 23 18 34
27 23 28 28
88 23 88 34
149 23 149 34
157 23 157 34
146 24 146 30
9 24 10 27
82 24 82 31
98 24 99 27
118 24 118 33
117 24 117 34
13 24 13 35
16 24 16 35
26 24 26 35
59 24 59 35
63 24 63 35
73 24 73 35
103 24 103 35
125 24 125 35
133 24 133 35
158 24 158 35
169 24 169 35
174 24 174 35
50 25 50 32
81 25 81 35
52 25 52 36
61 25 61 36
80 25 80 36
64 26 64 29
70 26 70 29
130 26 130 30
163 26 163 31
179 26 179 32
92 26 92 35
167 26 167 35
175 26 175 35
44 26 44 36
34 26 34 37
41 26 41 37
58 26 58 37
62 26 62 37
75 26 75 37
84 26 84 37
123 26 123 37
127 26 127 37
141 26 141 37
90 27 90 31
39 27 39 32
155 27 155 34
160 27 160 34
40 27 40 37
65 27 65 38
87 27 87 38
107 27 107 38
120 27 120 38
144 27 144 38
153 27 154 32
100 28 100 30
10 28 10 35
55 28 55 35
98 28 98 35
60 28 60 38
72 28 72 39
97 28 97 39
134 28 134 39
145 28 145 39
152 28 152 39
166 28 166 39
1 29 1 34
19 29 19 34
66 29 66 34
129 29 129 35
14 29 14 36
37 29 37 37
77 29 77 37
105 29 105 37
8 29 8 38
142 29 143 33
20 29 20 40
42 29 42 40
48 29 48 40
95 29 95 40
137 29 137 40
172 29 172 40
70 30 70 36
139 30 139 36
85 30 85 37
124 30 124 37
113 30 113 38
114 30 114 39
83 30 83 40
176 30 176 40
5 30 5 41
32 30 32 41
99 30 99 41
111 30 111 41
47 31 47 34
101 31 101 35
148 31 148 35
23 31 23 37
78 31 78 38
46 31 46 39
146 31 146 39
31 31 31 40
135 31 135 40
150 31 150 40
17 31 17 42
94 31 94 42
178 31 178 42
35 32 35 34
56 32 56 34
162 32 163 33
49 32 49 38
82 32 82 41
90 32 90 41
25 32 25 43
27 32 27 43
89 32 89 43
121 32 121 43
165 32 165 43
69 33 69 36
50 33 51 36
39 33 39 41
0 33 0 44
29 33 30 38
45 33 45 44
71 33 71 44
74 33 74 44
93 33 93 44
104 33 104 44
110 33 110 44
138 33 138 44
151 33 151 44
159 33 159 44
161 33 161 44
79 34 79 40
168 34 168 40
118 34 118 42
128 34 128 42
142 34 142 42
112 34 112 43
6 34 6 45
7 34 7 45
57 34 57 45
68 34 68 45
131 34 131 45
153 34 153 45
156 34 156 45
170 34 170 45
2 35 2 39
4 35 4 41
56 35 56 41
66 35 66 42
47 35 47 43
19 35 19 44
88 35 88 44
122 35 122 46
155 35 155 46
171 35 171 46
167 36 167 40
174 36 175 38
92 36 92 42
101 36 101 42
133 36 133 42
169 36 169 42
10 36 10 43
54 36 55 39
125 36 125 43
129 36 129 43
158 36 158 43
73 36 73 45
63 36 63 46
81 36 81 46
16 36 16 47
109 36 109 47
115 36 117 39
149 36 149 47
154 36 154 47
162 36 163 41
12 37 14 38
61 37 61 42
50 37 50 44
44 37 44 47
52 37 52 47
3 37 3 48
26 37 26 48
76 37 76 48
143 37 143 48
123 38 123 40
77 38 77 43
85 38 85 43
141 38 141 43
105 38 105 45
58 38 58 47
84 38 84 47
40 38 40 48
75 38 75 48
124 38 124 48
9 38 9 49
11 38 11 49
36 38 38 41
43 38 43 49
67 38 67 49
64 39 65 41
78 39 78 44
175 39 175 45
49 39 49 47
120 39 120 47
106 39 107 43
8 39 8 49
30 39 30 49
22 39 22 50
108 39 108 50
130 39 130 50
144 39 144 50
148 39 148 50
97 40 97 44
1 40 2 42
145 40 145 45
146 40 146 45
46 40 46 47
72 40 72 48
116 40 116 48
152 40 152 48
12 40 12 51
33 40 33 51
96 40 96 51
126 40 126 51
136 40 136 51
48 41 48 44
42 41 42 46
150 41 150 47
31 41 31 48
123 41 123 48
176 41 176 49
166 41 167 45
172 41 172 50
13 41 14 46
35 41 35 52
79 41 80 46
83 41 83 52
114 41 114 52
134 41 134 52
137 41 137 52
157 41 157 52
173 41 173 52
111 42 111 44
39 42 39 47
65 42 65 50
56 42 56 51
4 42 5 47
18 42 18 53
32 42 32 53
86 42 87 47
94 43 94 46
118 43 118 46
128 43 128 47
2 43 2 48
60 43 61 46
92 43 92 50
169 43 169 50
101 43 101 53
142 43 142 53
178 43 178 53
21 43 21 54
53 43 53 54
99 43 99 54
115 43 115 54
177 43 177 54
158 44 158 47
141 44 141 48
77 44 77 49
112 44 112 49
121 44 121 50
129 44 129 52
25 44 25 54
28 44 28 55
36 44 36 55
82 44 82 55
89 44 89 55
103 44 103 55
113 44 113 55
119 44 119 55
160 44 160 55
71 45 71 47
0 45 1 46
47 45 48 46
93 45 93 48
159 45 159 48
45 45 45 50
104 45 104 51
110 45 110 52
138 45 138 52
19 45 19 53
74 45 74 53
111 45 111 53
50 45 50 54
10 45 10 56
15 45 15 56
62 45 62 56
78 45 78 56
97 45 97 56
100 45 100 56
161 45 162 50
164 45 164 56
131 46 131 49
145 46 145 52
146 46 146 52
6 46 7 49
175 46 175 53
105 46 105 54
166 46 166 54
170 46 170 56
102 46 102 57
153 46 153 57
155 47 155 50
118 47 118 53
42 47 42 54
122 47 122 57
0 47 0 58
29 47 29 58
37 47 38 52
63 47 64 52
91 47 91 58
139 47 139 58
179 47 179 58
52 48 52 54
71 48 71 55
87 48 87 55
109 48 109 55
16 48 16 56
128 48 128 56
158 48 158 56
46 48 46 57
48 48 49 52
58 48 58 57
86 48 86 57
149 48 149 57
150 48 150 57
154 48 154 57
4 48 4 58
5 48 5 58
120 48 120 58
55 48 55 59
79 48 80 53
94 48 94 59
147 48 147 59
165 48 165 59
123 49 123 53
2 49 3 51
76 49 76 54
31 49 31 56
152 49 152 56
75 49 75 57
141 49 141 57
67 50 67 53
6 50 6 55
8 50 9 52
77 50 77 57
112 50 112 59
167 50 168 55
144 51 144 53
65 51 65 54
121 51 121 55
155 51 155 55
22 51 22 56
169 51 169 56
161 51 161 59
92 51 93 56
136 52 136 56
3 52 3 57
56 52 56 57
11 52 12 55
126 52 126 59
1 52 2 56
33 52 34 56
13 52 14 57
40 52 41 57
84 52 85 57
145 53 145 57
134 53 134 58
157 53 157 58
8 53 8 59
137 53 138 57
43 53 44 58
101 54 101 57
67 54 67 58
111 54 111 58
123 54 123 59
142 54 142 59
175 54 176 58
17 54 18 59
72 54 74 57
107 54 108 59
129 54 130 59
21 55 21 58
64 55 65 58
23 55 25 57
98 55 99 59
104 55 106 58
27 56 28 58
113 56 115 59
100 57 100 59
9 57 10 59
30 57 32 58
162 57 164 58
101 58 103 58
157 59 160 59
71 59 78 59
19 59 27 59
82 59 91 59
