782
0 1 1 6
0 8 11 8
0 9 5 10
0 11 1 16
0 17 2 20
0 21 11 21
0 22 0 33
0 34 3 36
0 37 3 39
0 40 11 40
0 41 3 43
0 44 11 44
0 45 1 50
0 51 1 56
0 57 3 59
1 23 6 24
1 25 12 25
1 26 4 28
1 29 4 31
2 1 4 4
2 11 13 11
2 12 4 15
2 45 5 47
2 50 4 53
3 5 8 6
3 16 14 16
3 17 6 19
3 33 14 33
3 48 14 48
3 54 14 54
4 7 15 7
4 32 15 32
4 35 6 38
4 41 15 41
4 42 9 43
4 56 9 57
5 1 10 2
5 13 16 13
5 22 16 22
5 26 8 28
5 34 16 34
5 49 8 51
6 0 17 0
6 9 17 9
6 10 17 10
6 12 17 12
6 29 17 29
6 46 11 47
6 58 17 58
7 17 12 18
7 19 18 19
7 24 18 24
7 36 12 37
7 38 18 38
7 55 18 55
8 31 19 31
8 52 19 52
9 23 20 23
9 26 14 27
9 28 20 28
9 49 14 50
9 51 20 51
10 42 21 42
10 43 21 43
10 45 21 45
10 57 21 57
11 5 22 5
12 4 23 4
12 21 23 21
12 30 23 30
12 40 23 40
12 44 23 44
12 47 23 47
13 6 24 6
13 25 24 25
13 36 24 36
13 37 24 37
14 1 19 2
14 20 25 20
14 46 25 46
15 14 17 17
15 33 26 33
15 54 26 54
16 41 27 41
17 34 28 34
17 49 22 50
18 0 29 0
18 7 29 7
18 10 29 10
18 11 20 14
18 15 29 15
18 17 23 18
18 35 29 35
18 58 29 58
19 9 30 9
19 55 30 55
19 59 30 59
20 2 25 3
20 19 31 19
20 39 31 39
20 48 31 48
20 52 31 52
20 53 31 53
21 11 32 11
21 12 24 14
21 23 26 24
22 22 33 22
22 42 27 43
23 28 34 28
23 49 26 51
24 8 35 8
24 18 35 18
24 26 35 26
25 21 36 21
25 25 36 25
25 36 30 37
25 56 36 56
26 1 27 6
26 13 31 14
26 20 37 20
26 29 31 30
27 16 32 17
27 23 32 24
27 38 38 38
27 49 30 51
27 54 38 54
28 1 33 2
28 3 33 4
28 5 33 6
28 32 39 32
28 41 33 42
28 43 39 43
28 57 39 57
29 27 40 27
29 47 40 47
31 33 36 34
31 40 42 40
31 49 34 51
31 55 42 55
31 58 36 59
32 12 34 15
32 48 43 48
33 9 36 11
33 17 44 17
33 35 36 37
33 52 38 53
34 0 35 5
34 6 39 7
34 22 37 24
34 29 45 29
34 41 45 41
35 12 37 15
35 16 46 16
36 1 41 2
36 4 47 4
36 18 41 19
36 30 47 30
36 45 47 45
36 49 47 49
37 8 40 10
37 33 48 33
37 34 42 35
37 44 48 44
37 46 48 46
38 11 43 12
38 13 41 15
38 20 43 21
38 22 43 23
38 24 49 24
39 37 42 39
39 52 44 53
40 7 51 7
40 56 42 59
41 8 52 8
41 10 52 10
41 25 43 28
41 54 52 54
42 1 47 2
42 13 47 14
42 15 53 15
43 19 54 19
43 31 54 31
43 32 54 32
43 34 45 37
43 38 48 39
43 55 46 57
43 58 54 58
44 11 55 11
44 20 46 23
44 25 55 25
44 26 49 27
45 9 56 9
45 42 56 42
45 50 47 53
46 0 57 0
46 28 51 29
46 36 51 37
46 40 51 41
46 47 51 48
47 3 58 3
47 20 50 22
47 34 52 35
47 55 58 55
47 57 58 57
48 1 59 1
48 16 51 18
48 49 53 50
48 51 53 52
49 5 54 6
49 44 60 44
49 45 54 46
50 4 61 4
50 23 55 24
51 13 56 14
51 20 56 21
51 26 62 26
51 38 56 39
52 17 63 17
52 28 55 30
52 36 57 37
52 40 57 41
52 43 63 43
52 47 63 47
53 53 58 54
54 10 65 10
54 12 65 12
54 16 65 16
54 49 56 52
55 5 66 5
55 18 60 19
55 31 66 31
55 32 66 32
55 34 66 34
55 45 66 45
56 23 61 24
56 27 58 30
56 56 67 56
57 6 59 9
57 20 60 22
57 35 68 35
57 42 68 42
57 46 68 46
57 48 59 51
58 13 63 14
58 36 59 41
59 2 70 2
59 3 70 3
59 11 70 11
59 27 61 30
59 52 64 53
59 54 70 54
60 0 71 0
60 1 71 1
60 8 71 8
60 37 62 40
60 41 71 41
60 50 65 51
60 55 71 55
60 59 71 59
61 15 72 15
61 18 66 19
61 21 66 22
61 44 72 44
62 28 67 29
62 57 67 58
63 7 74 7
63 24 65 27
63 37 68 38
63 40 74 40
64 6 75 6
64 20 75 20
64 33 75 33
64 36 75 36
64 43 75 43
65 9 76 9
65 48 76 48
66 10 77 10
66 12 71 13
66 24 71 25
66 26 71 27
66 30 77 30
66 49 77 49
66 50 77 50
66 51 71 52
67 4 72 5
67 21 78 21
68 28 73 29
68 57 79 57
69 14 80 14
69 16 72 18
69 34 80 34
69 37 74 38
69 45 72 47
70 22 81 22
70 31 75 32
71 2 76 3
71 23 82 23
72 0 83 0
72 25 83 25
72 51 77 52
72 53 74 56
72 59 83 59
73 4 78 5
73 15 78 16
73 17 78 18
73 41 78 42
73 44 76 46
74 12 85 12
74 26 79 27
74 29 85 29
74 35 85 35
75 11 86 11
75 28 86 28
75 53 78 55
76 6 79 8
76 19 81 20
76 24 87 24
76 31 81 32
76 36 78 39
76 43 87 43
77 13 88 13
77 45 88 45
77 46 80 48
78 1 81 3
78 9 83 10
78 50 83 51
79 15 81 18
79 33 90 33
79 53 82 55
79 56 90 56
80 5 85 6
80 30 91 30
80 36 85 37
80 39 91 39
80 40 83 42
80 57 91 57
81 34 92 34
81 38 92 38
81 46 83 49
82 1 93 1
82 2 87 3
82 14 93 14
82 15 83 20
82 52 93 52
83 7 88 8
83 21 86 23
83 26 94 26
83 53 88 54
83 55 94 55
84 9 95 9
84 15 85 20
84 32 95 32
84 40 89 41
84 46 89 47
84 59 95 59
85 51 96 51
86 6 97 6
86 15 91 16
86 17 89 19
86 42 97 42
87 10 90 12
87 23 98 23
87 35 92 36
88 2 91 4
88 20 93 21
88 27 93 28
88 43 99 43
88 49 99 49
88 58 99 58
89 13 100 13
89 25 100 25
89 29 100 29
89 53 94 54
90 17 95 18
90 44 101 44
90 45 93 47
91 7 96 8
91 40 96 41
92 2 103 2
92 3 103 3
92 10 97 11
92 15 103 15
92 24 103 24
92 50 103 50
92 56 97 57
93 31 104 31
93 33 96 35
93 36 95 39
94 1 105 1
94 4 105 4
94 16 105 16
94 19 97 21
94 27 99 28
94 45 99 46
94 52 105 52
95 53 106 53
96 9 107 9
96 17 107 17
96 36 107 36
96 54 101 55
97 7 102 8
97 18 108 18
97 30 108 30
97 33 108 33
97 34 102 35
97 39 102 40
98 5 103 6
98 10 103 11
98 19 101 21
98 22 109 22
98 37 103 38
98 51 109 51
99 41 110 41
99 48 110 48
99 59 110 59
100 26 105 27
100 45 105 46
100 49 111 49
101 12 104 14
101 28 106 29
101 32 112 32
101 42 106 43
101 47 112 47
102 19 105 21
102 54 104 57
103 25 114 25
103 35 114 35
104 2 109 3
104 23 109 24
104 37 109 38
105 5 116 5
105 6 116 6
105 7 116 7
105 54 110 55
105 56 116 56
106 4 117 4
106 11 117 11
106 12 117 12
106 13 108 16
106 20 111 21
106 31 117 31
107 28 118 28
107 29 118 29
107 42 109 45
107 46 118 46
107 53 118 53
108 0 119 0
108 17 119 17
108 39 119 39
109 14 112 16
109 18 120 18
109 57 114 58
110 1 113 3
110 8 113 10
110 23 121 23
110 26 121 26
110 36 113 38
110 50 113 52
111 19 122 19
111 27 122 27
111 33 116 34
111 42 116 43
111 48 122 48
111 59 122 59
112 44 117 45
112 49 123 49
112 54 117 55
113 13 115 16
113 20 116 22
114 1 117 3
114 8 117 10
114 37 125 37
114 41 125 41
114 51 119 52
115 25 126 25
115 57 126 57
116 13 127 13
116 14 121 15
116 38 127 38
116 58 127 58
117 5 122 6
117 20 120 22
117 32 120 34
117 35 122 36
117 40 128 40
118 7 119 12
118 44 123 45
118 54 121 56
119 1 124 2
119 30 130 30
119 50 130 50
120 7 122 10
120 11 131 11
120 12 131 12
120 16 125 17
120 31 131 31
120 52 125 53
121 20 126 21
121 28 126 29
121 32 126 33
122 3 133 3
122 26 133 26
122 46 127 47
122 54 133 54
122 55 127 56
123 4 124 9
123 14 128 15
123 19 134 19
123 36 134 36
123 39 134 39
124 10 135 10
124 42 135 42
124 44 129 45
124 48 135 48
124 59 135 59
125 0 128 2
125 4 128 6
125 34 130 35
126 7 131 8
126 23 131 24
126 37 137 37
126 43 137 43
126 51 131 52
127 16 132 17
127 20 132 21
127 27 130 29
127 32 132 33
127 41 138 41
128 38 139 38
128 46 139 46
128 55 133 56
128 57 133 58
129 0 132 2
129 4 134 5
129 13 134 14
129 40 140 40
129 47 140 47
130 9 141 9
130 15 141 15
130 25 141 25
130 44 135 45
131 18 142 18
131 28 136 29
131 34 136 35
132 12 143 12
132 22 143 22
132 27 143 27
132 30 137 31
132 49 135 51
132 52 137 53
133 0 138 1
133 2 144 2
133 17 144 17
133 20 138 21
134 11 145 11
134 16 145 16
134 56 137 58
135 3 140 4
135 7 140 8
135 13 146 13
135 23 146 23
135 33 146 33
135 54 146 54
136 45 147 45
136 48 147 48
136 49 139 51
136 55 147 55
137 28 142 29
137 34 142 35
137 44 148 44
137 59 148 59
138 30 143 31
138 56 141 58
139 0 144 1
139 36 144 37
139 41 142 43
140 14 151 14
140 19 143 21
140 50 143 52
141 7 152 7
141 40 152 40
142 4 147 5
142 8 147 9
142 15 153 15
142 25 147 26
142 46 153 46
142 56 153 56
143 6 154 6
143 18 154 18
143 28 148 29
143 32 154 32
143 34 154 34
143 35 154 35
144 19 155 19
144 20 147 22
144 27 155 27
144 31 155 31
144 49 149 50
145 0 150 1
145 3 156 3
145 36 147 39
145 41 156 41
146 10 149 12
146 51 151 52
147 33 158 33
147 53 158 53
147 57 152 58
148 2 159 2
148 4 153 5
148 8 159 8
148 9 159 9
148 21 153 22
148 23 151 25
148 38 153 39
148 42 159 42
149 28 160 28
149 29 154 30
149 44 154 45
150 10 155 11
150 20 161 20
150 47 152 50
151 1 162 1
151 55 162 55
152 24 157 25
152 37 163 37
153 51 164 51
153 57 158 58
154 7 165 7
154 14 159 15
155 4 166 4
155 23 166 23
155 29 166 29
155 34 166 34
155 43 157 46
155 49 160 50
155 54 166 54
156 5 161 6
156 10 159 12
156 17 167 17
156 22 167 22
156 26 161 27
156 30 161 31
156 35 167 35
156 40 167 40
156 47 167 47
157 36 168 36
158 13 169 13
158 16 169 16
158 18 163 19
158 41 169 41
159 24 164 25
159 43 170 43
159 44 164 45
159 46 170 46
159 52 164 53
159 56 162 58
159 59 170 59
160 2 165 3
160 8 163 10
160 11 165 12
160 14 171 14
161 33 172 33
161 38 166 39
161 48 166 49
162 5 167 6
162 20 167 21
162 27 167 28
162 30 167 31
163 0 168 1
163 50 174 50
163 56 168 57
164 58 175 58
165 8 170 9
165 24 168 26
165 45 176 45
165 51 170 52
166 11 171 12
167 2 172 3
167 23 178 23
167 37 178 37
167 44 178 44
167 48 178 48
167 49 178 49
168 18 173 19
168 22 179 22
168 27 170 30
168 31 173 32
168 35 179 35
168 38 171 40
168 47 179 47
168 55 179 55
169 0 174 1
169 4 172 6
169 56 174 57
170 41 175 42
171 7 173 10
171 15 176 16
171 26 173 29
171 51 173 54
172 11 174 14
173 3 175 6
173 24 178 25
174 7 179 8
174 18 177 20
174 26 175 31
174 32 179 33
174 51 177 53
175 9 176 14
176 2 179 4
176 27 179 29
176 41 179 43
176 57 179 59
177 10 178 15
178 16 179 21
4 59 15 59
12 56 23 56
41 5 46 6
49 33 60 33
63 39 74 39
146 16 157 16
172 38 175 40
5 53 16 53
40 43 51 43
77 44 88 44
156 32 167 32
176 38 179 40
117 42 122 43
12 8 23 8
143 43 154 43
87 22 97 22
7 35 17 35
34 42 44 42
82 31 92 31
36 3 46 3
145 17 155 17
160 15 170 15
48 2 58 2
35 50 44 50
135 39 144 39
149 59 158 59
121 18 130 18
142 57 146 58
36 0 45 0
113 47 121 47
67 19 75 19
138 53 146 53
141 47 149 47
100 58 108 58
106 26 109 27
153 47 154 50
37 25 40 26
98 56 101 57
56 25 62 25
65 53 71 53
79 36 79 42
103 8 109 8
152 52 158 52
164 10 170 10
67 16 68 18
67 31 69 32
148 54 150 55
174 54 179 54
50 27 55 27
120 51 125 51
155 48 160 48
69 35 73 35
95 26 99 26
125 9 129 9
135 19 139 19
2 55 6 55
0 7 3 7
6 45 9 45
14 11 17 11
30 7 33 7
44 47 45 48
75 56 78 56
141 3 144 3
158 43 158 46
60 36 63 36
144 51 145 52
17 53 19 53
127 25 129 25
