765
0 1 1 6
0 8 11 8
0 9 5 10
0 11 1 16
0 17 2 20
0 21 0 32
0 33 3 35
0 36 11 36
0 37 3 39
0 40 11 40
0 41 3 43
0 45 1 50
0 51 3 53
0 54 1 59
1 21 12 21
1 23 6 24
1 25 12 25
1 26 4 28
1 29 6 30
2 1 3 6
2 12 4 15
2 44 5 46
2 47 7 48
2 57 13 57
2 58 7 59
3 11 14 11
3 16 14 16
3 17 6 19
3 54 14 54
4 0 5 5
4 7 15 7
4 31 6 34
4 35 15 35
4 37 15 37
4 38 15 38
4 41 15 41
4 42 9 43
4 50 9 51
5 13 16 13
5 26 8 28
6 0 17 0
6 1 11 2
6 9 17 9
6 10 17 10
6 12 17 12
6 22 17 22
7 17 12 18
7 19 18 19
7 24 18 24
7 29 18 29
7 32 10 34
7 44 12 45
7 55 18 55
8 31 19 31
8 46 19 46
8 47 13 48
8 52 13 53
8 58 19 58
9 26 20 26
9 27 14 28
9 49 20 49
10 23 21 23
10 42 21 42
10 43 21 43
10 51 21 51
11 5 22 5
11 32 22 32
11 33 22 33
12 30 23 30
12 34 23 34
12 36 23 36
12 40 23 40
13 4 24 4
13 21 24 21
13 25 24 25
13 44 24 44
13 45 24 45
14 1 19 2
14 20 25 20
14 47 25 47
14 57 25 57
15 15 17 18
15 52 18 54
16 6 21 7
16 28 27 28
16 37 27 37
16 41 27 41
18 0 29 0
18 11 21 13
18 15 29 15
18 17 23 18
18 35 29 35
19 10 30 10
19 52 30 52
19 54 30 54
19 55 30 55
19 59 30 59
20 8 25 9
20 14 31 14
20 19 31 19
20 39 31 39
20 48 31 48
21 1 24 3
22 6 27 7
22 11 33 11
22 22 33 22
22 23 27 24
22 42 27 43
22 49 25 51
23 12 28 13
24 18 35 18
24 26 35 26
24 36 35 36
25 1 27 4
25 21 36 21
25 25 36 25
25 33 36 33
25 56 36 56
26 9 37 9
26 29 31 30
26 49 29 51
26 53 37 53
27 16 32 17
27 20 38 20
27 38 38 38
28 1 33 2
28 3 39 3
28 5 33 6
28 23 39 23
28 24 39 24
28 28 39 28
28 32 39 32
28 43 39 43
28 57 39 57
29 27 40 27
29 40 34 41
29 42 40 42
29 47 40 47
29 58 40 58
30 12 35 13
30 50 41 50
31 51 36 52
31 55 42 55
32 14 43 14
32 48 43 48
33 17 44 17
34 5 39 6
34 7 39 8
34 29 45 29
34 34 39 35
35 2 46 2
35 10 46 10
35 16 46 16
35 41 46 41
35 54 46 54
36 4 47 4
36 11 39 13
36 18 41 19
36 30 47 30
36 45 47 45
36 49 47 49
37 0 42 1
37 44 48 44
37 46 48 46
38 15 49 15
38 33 49 33
38 40 49 40
39 20 50 20
39 37 42 39
39 52 44 53
40 7 51 7
40 8 45 9
40 21 43 23
40 34 43 36
41 24 52 24
41 25 43 28
41 57 52 57
43 19 54 19
43 32 54 32
43 38 48 39
43 58 54 58
44 11 46 14
44 21 49 22
44 25 55 25
44 26 49 27
44 31 55 31
45 35 48 37
45 42 56 42
45 50 47 53
45 55 56 55
46 0 57 0
46 28 51 29
46 47 51 48
47 3 58 3
47 8 52 9
47 10 50 12
47 54 58 54
48 1 59 1
48 16 51 18
48 49 53 50
48 51 53 52
49 5 54 6
49 34 60 34
49 35 60 35
49 36 51 39
49 41 60 41
49 44 54 45
49 46 60 46
50 4 61 4
50 21 55 22
51 10 56 11
51 13 56 14
51 20 62 20
52 15 54 18
52 26 54 29
52 36 57 37
52 43 63 43
52 47 63 47
53 24 64 24
53 38 56 40
53 56 58 57
54 8 59 9
54 12 65 12
54 49 56 52
55 5 60 6
55 16 60 17
55 18 60 19
55 26 58 28
55 32 66 32
55 45 66 45
56 30 61 31
57 40 68 40
57 42 68 42
57 48 59 51
57 55 68 55
58 13 63 14
58 21 61 23
58 38 63 39
58 44 69 44
59 2 70 2
59 3 70 3
59 11 70 11
59 26 62 28
59 52 64 53
59 54 70 54
60 0 71 0
60 8 71 8
60 50 65 51
60 59 71 59
61 5 64 7
61 15 72 15
61 16 64 18
61 19 72 19
61 29 72 29
61 34 66 35
61 41 72 41
62 21 65 23
62 37 73 37
62 46 73 46
62 56 65 58
63 9 68 10
63 25 68 26
64 1 75 1
64 20 75 20
64 27 69 28
64 30 69 31
64 33 75 33
64 43 75 43
65 4 68 6
65 7 76 7
65 16 68 18
65 36 76 36
65 38 70 39
65 48 76 48
66 12 71 13
66 49 69 51
66 56 71 57
67 21 78 21
67 34 72 35
67 52 72 53
69 4 72 6
69 9 80 9
69 14 80 14
69 16 72 18
69 22 71 25
69 40 80 40
69 55 80 55
70 26 73 28
70 30 73 32
70 50 81 50
71 2 76 3
71 10 82 10
72 0 83 0
72 22 83 22
72 25 83 25
72 51 83 51
72 57 83 57
72 59 83 59
73 4 76 6
73 15 78 16
73 17 78 18
73 23 84 23
73 34 78 35
73 41 78 42
73 53 78 54
74 12 85 12
74 26 77 28
74 29 77 31
74 44 77 46
75 11 86 11
75 52 86 52
76 19 81 20
76 24 87 24
76 32 81 33
76 37 87 37
76 43 87 43
77 1 79 4
77 6 82 7
77 13 88 13
77 47 80 49
78 26 80 29
78 39 89 39
79 15 81 18
79 34 90 34
79 35 84 36
79 46 90 46
79 53 84 54
79 56 90 56
80 1 85 2
80 3 91 3
80 30 91 30
80 41 85 42
80 44 85 45
81 9 92 9
81 28 86 29
81 38 92 38
81 47 84 49
82 15 83 20
83 5 85 8
83 14 94 14
83 21 94 21
83 26 94 26
83 55 94 55
84 15 95 15
84 17 86 20
84 32 95 32
84 57 95 57
84 59 95 59
85 47 96 47
85 51 96 51
85 53 90 54
86 0 91 1
86 6 97 6
86 22 97 22
86 23 97 23
86 40 91 41
86 44 91 45
87 7 92 8
87 10 90 12
87 17 89 20
87 35 98 35
87 42 98 42
88 2 99 2
88 27 93 28
88 43 99 43
88 49 99 49
88 58 99 58
89 13 100 13
89 25 100 25
89 29 100 29
90 16 93 18
90 39 101 39
90 52 101 52
91 19 96 20
91 46 102 46
91 53 96 54
92 3 103 3
92 10 103 10
92 11 103 11
92 24 103 24
92 40 97 41
92 50 103 50
93 0 98 1
93 31 104 31
93 36 96 38
94 7 97 9
94 16 105 16
94 17 105 17
94 27 99 28
94 44 99 45
95 4 106 4
95 33 100 34
96 21 107 21
96 55 101 56
97 18 100 20
97 30 108 30
97 36 108 36
98 5 103 6
98 7 103 8
98 9 109 9
98 22 103 23
98 37 103 38
99 40 104 41
99 51 110 51
100 2 111 2
100 26 105 27
100 48 111 48
100 54 111 54
100 59 111 59
101 12 103 15
101 18 106 19
101 20 112 20
101 28 106 29
101 32 104 34
101 42 104 44
101 47 112 47
102 49 113 49
102 52 113 52
102 55 107 56
103 45 108 46
104 1 115 1
104 13 115 13
104 22 107 24
104 25 115 25
104 37 109 38
105 3 116 3
105 5 116 5
105 6 116 6
105 7 116 7
105 32 108 34
105 41 110 42
106 11 117 11
106 12 117 12
106 15 111 16
106 31 117 31
107 4 118 4
107 17 118 17
107 28 118 28
107 29 118 29
107 35 118 35
108 0 119 0
108 18 119 18
108 23 119 23
108 39 119 39
108 53 119 53
109 21 120 21
109 44 114 45
109 56 114 57
110 9 121 9
110 14 121 14
110 26 121 26
110 36 113 38
110 46 121 46
111 19 122 19
111 27 122 27
111 32 116 33
111 42 116 43
111 51 122 51
112 15 123 15
112 54 117 55
113 8 124 8
113 16 124 16
113 47 118 48
113 58 118 59
114 37 125 37
114 41 125 41
115 10 126 10
115 34 126 34
115 44 120 45
115 57 126 57
116 1 127 1
116 13 127 13
116 38 127 38
116 49 121 50
116 52 127 52
117 5 122 6
117 32 128 32
117 40 128 40
118 12 129 12
118 24 123 25
118 33 129 33
118 36 129 36
118 55 123 56
119 11 130 11
119 20 130 20
119 30 130 30
120 2 131 2
120 17 125 18
120 31 131 31
120 54 131 54
121 21 132 21
121 28 126 29
121 43 124 45
122 3 133 3
122 7 133 7
122 26 133 26
122 46 133 46
122 48 127 49
123 5 128 6
123 19 134 19
123 39 134 39
124 15 135 15
124 50 129 51
124 59 135 59
125 14 136 14
125 22 127 25
125 44 130 45
125 47 136 47
125 56 136 56
126 4 137 4
126 43 137 43
127 8 130 10
127 16 138 16
127 27 130 29
127 41 138 41
127 42 138 42
128 0 133 1
128 22 130 25
128 34 133 35
128 38 139 38
128 48 133 49
128 57 133 58
129 5 140 5
129 40 140 40
130 12 135 13
130 37 141 37
130 50 141 50
130 51 135 52
131 8 134 10
131 18 142 18
131 20 142 20
131 25 142 25
131 28 136 29
132 22 143 22
132 27 143 27
132 30 135 32
132 54 143 54
133 2 144 2
133 17 144 17
134 0 139 1
134 11 145 11
134 34 139 35
134 44 137 46
134 53 145 53
135 6 137 9
135 23 146 23
135 33 146 33
135 48 146 48
135 57 140 58
136 12 147 12
136 55 147 55
137 13 148 13
137 28 148 28
137 30 142 31
137 59 148 59
138 6 141 8
138 9 143 10
138 29 149 29
138 44 143 45
138 46 149 46
139 16 150 16
139 41 142 43
140 14 151 14
140 19 151 19
140 21 151 21
141 0 146 1
141 15 152 15
141 40 152 40
141 56 144 58
142 4 144 7
142 34 153 34
142 35 153 35
142 37 147 38
142 49 145 51
143 18 154 18
143 24 148 25
143 30 146 32
144 22 155 22
144 27 155 27
145 2 148 4
145 5 148 7
145 56 156 56
146 8 148 11
146 41 148 44
146 49 149 51
146 52 151 53
147 31 150 33
147 39 158 39
147 57 152 58
149 0 151 3
149 4 154 5
149 6 151 9
149 10 160 10
149 23 152 25
149 28 160 28
149 30 160 30
149 41 160 41
149 42 160 42
150 11 155 12
150 20 161 20
150 44 155 45
150 46 151 51
151 33 162 33
151 55 162 55
152 0 154 3
152 6 163 6
152 8 157 9
152 19 163 19
152 37 163 37
152 46 154 49
152 51 154 54
153 15 156 17
153 23 156 25
153 31 164 31
153 57 158 58
154 7 165 7
154 29 165 29
154 34 165 34
155 1 166 1
155 2 166 2
155 4 166 4
155 49 160 50
155 51 166 51
155 53 160 54
156 11 161 12
156 14 167 14
156 26 161 27
156 35 167 35
156 40 167 40
156 45 167 45
156 47 167 47
157 17 168 17
157 21 162 22
157 24 162 25
158 8 169 8
158 13 169 13
158 16 169 16
158 23 169 23
159 43 170 43
159 46 170 46
159 56 162 58
159 59 170 59
160 5 171 5
160 52 171 52
161 38 166 39
161 48 166 49
161 54 172 54
162 9 173 9
162 11 173 11
162 27 167 28
163 12 174 12
163 20 168 21
163 24 168 25
163 33 174 33
163 36 174 36
163 41 174 41
163 50 174 50
163 56 168 57
164 58 175 58
165 22 176 22
165 30 170 31
167 0 170 2
167 37 178 37
167 44 178 44
167 48 178 48
167 49 178 49
168 18 173 19
168 27 179 27
168 35 179 35
168 38 171 40
168 47 179 47
168 55 179 55
169 3 174 4
169 14 174 15
169 56 174 57
170 7 175 8
171 0 174 2
171 29 173 32
171 45 176 46
172 5 177 6
172 16 177 17
173 23 176 25
174 18 177 20
174 29 176 32
174 51 177 53
175 2 178 4
175 9 176 14
176 41 179 43
176 57 179 59
177 7 178 12
177 21 178 26
178 15 179 20
3 56 14 56
41 5 46 6
50 33 61 33
78 31 89 31
137 47 148 47
159 32 170 32
172 38 175 40
40 43 51 43
72 38 77 39
96 57 107 57
176 38 179 40
28 7 33 8
161 10 172 10
136 51 141 52
157 15 168 15
168 28 179 28
47 2 58 2
100 58 111 58
134 3 144 3
28 37 38 37
124 55 134 55
135 39 145 39
8 59 18 59
156 44 166 44
144 41 145 45
149 59 158 59
119 58 123 59
117 42 126 42
126 17 130 18
149 43 158 43
15 56 23 56
119 35 127 35
4 52 7 53
70 44 73 45
105 43 108 44
12 8 19 8
58 36 61 37
104 8 111 8
106 26 109 27
145 17 152 17
37 25 40 26
151 32 158 32
2 49 8 49
19 53 25 53
28 4 34 4
56 25 62 25
72 56 78 56
167 51 173 51
173 54 179 54
40 3 46 3
143 20 149 20
30 49 35 49
84 16 89 16
109 34 114 34
119 47 124 47
148 54 150 55
43 0 45 1
155 48 160 48
55 29 60 29
44 34 48 34
95 26 99 26
113 20 117 20
155 52 159 52
2 55 6 55
125 8 126 9
136 19 139 19
138 4 141 4
142 52 145 52
145 57 146 58
73 19 75 19
78 38 80 38
109 55 111 55
122 14 124 14
