723
179 48 179 59
179 32 179 43
179 20 179 31
178 43 178 54
178 31 178 42
178 19 178 30
178 2 178 13
177 48 177 59
177 17 177 28
177 5 177 16
176 48 176 59
176 40 177 45
176 34 177 39
176 22 176 33
176 9 176 20
175 48 175 59
175 36 175 47
175 24 175 35
175 7 175 18
175 1 176 6
174 35 174 46
174 20 174 31
174 8 174 19
173 51 174 56
173 19 173 30
173 7 173 18
173 1 174 6
172 47 174 50
172 39 173 44
172 14 172 25
171 46 171 57
171 32 171 43
171 5 172 10
170 46 170 57
170 34 170 45
170 28 172 31
170 8 170 19
169 48 169 59
169 36 169 47
169 24 169 35
169 10 169 21
168 34 168 45
168 22 168 33
168 10 168 21
168 4 169 9
167 52 168 57
167 40 167 51
167 28 167 39
167 16 167 27
167 2 172 3
166 48 166 59
166 36 166 47
166 23 166 34
166 11 166 22
165 48 165 59
165 36 165 47
165 24 165 35
165 11 165 22
165 7 167 10
165 1 166 6
164 48 164 59
164 7 164 18
163 33 163 44
163 27 164 32
163 15 163 26
163 3 163 14
162 50 163 55
162 22 162 33
162 4 162 15
161 56 163 59
161 44 161 55
161 0 164 2
160 48 160 59
160 34 160 45
160 23 161 28
160 14 161 19
160 8 161 13
159 48 159 59
159 36 159 47
159 24 159 35
159 12 159 23
159 4 161 7
158 48 158 59
158 36 158 47
158 24 158 35
158 12 158 23
157 48 157 59
157 31 157 42
157 11 157 22
157 5 158 10
156 45 156 56
156 32 156 43
155 48 155 59
155 36 155 47
155 26 156 31
155 14 155 25
155 8 156 13
154 48 154 59
154 36 154 47
154 24 154 35
154 10 154 21
153 48 153 59
153 36 153 47
153 16 153 27
153 4 154 9
152 48 152 59
152 36 152 47
152 20 152 31
152 1 152 12
151 44 151 55
151 25 151 36
151 14 152 19
150 48 150 59
150 38 151 43
150 26 150 37
150 3 150 14
149 48 149 59
149 36 149 47
149 24 149 35
149 20 151 23
149 7 149 18
148 45 148 56
148 31 148 42
148 19 148 30
148 7 148 18
148 1 149 6
147 48 147 59
147 27 147 38
147 15 147 26
147 2 147 13
146 48 146 59
146 42 147 47
146 30 146 41
146 18 146 29
146 6 146 17
145 48 145 59
145 36 145 47
145 17 145 28
145 3 145 14
144 48 144 59
144 36 144 47
144 21 144 32
144 0 144 11
143 48 143 59
143 32 143 43
143 20 143 31
143 4 143 15
142 48 142 59
142 36 142 47
142 24 142 35
142 4 142 15
141 48 141 59
141 36 141 47
141 19 141 30
141 7 141 18
141 0 143 3
140 26 140 37
140 4 140 15
139 47 139 58
139 30 139 41
139 20 140 25
139 8 139 19
138 48 138 59
138 42 140 45
138 18 138 29
138 6 138 17
137 48 137 59
137 36 137 47
137 12 137 23
137 0 137 11
136 48 136 59
136 19 136 30
135 41 136 46
135 29 135 40
135 9 135 20
135 1 136 6
134 54 135 59
134 48 135 53
134 36 134 47
134 20 134 31
133 37 133 48
133 25 133 36
133 14 134 19
133 8 134 13
133 2 134 7
131 48 132 53
131 42 132 47
131 21 131 32
131 15 132 20
131 9 132 14
131 3 132 8
130 57 133 59
130 43 130 54
130 28 130 39
130 15 130 26
129 48 129 59
129 36 129 47
129 24 129 35
129 12 129 23
129 0 132 2
128 48 128 59
128 36 128 47
128 24 128 35
128 12 128 23
128 4 129 9
127 35 127 46
127 21 127 32
127 9 127 20
126 54 127 59
126 40 126 51
126 23 126 34
126 3 127 8
125 43 125 54
125 31 125 42
125 17 126 22
125 5 125 16
125 0 128 2
124 47 124 58
124 35 124 46
124 25 125 30
124 10 124 21
123 48 123 59
123 36 123 47
123 14 123 25
123 4 124 9
122 48 122 59
122 35 122 46
122 31 124 34
122 19 122 30
122 7 122 18
122 0 124 3
121 48 121 59
121 36 121 47
121 11 121 22
120 48 120 59
120 36 120 47
120 26 121 31
120 7 120 18
119 48 119 59
119 23 119 34
119 8 119 19
118 48 118 59
118 42 119 47
118 30 118 41
118 18 118 29
118 6 118 17
117 31 117 42
117 19 117 30
117 7 117 18
116 44 116 55
116 14 116 25
116 2 116 13
116 0 121 1
115 48 115 59
115 20 115 31
115 8 115 19
114 47 114 58
114 39 115 44
114 33 115 38
114 19 114 30
114 7 114 18
114 1 115 6
113 48 113 59
113 31 113 42
113 19 113 30
112 48 112 59
112 36 112 47
112 24 112 35
112 13 113 18
111 48 111 59
111 36 111 47
111 24 111 35
111 8 113 11
110 48 110 59
110 36 110 47
110 24 110 35
110 5 110 16
110 2 113 4
109 48 109 59
109 36 109 47
109 24 109 35
109 20 111 23
108 48 108 59
108 26 108 37
108 13 108 24
108 0 108 11
107 41 108 46
107 29 107 40
107 7 107 18
106 23 106 34
106 7 106 18
106 1 107 6
105 56 107 59
105 50 106 55
105 44 106 49
105 36 106 41
105 22 105 33
105 3 105 14
104 48 104 59
104 36 104 47
104 3 104 14
103 48 103 59
103 26 103 37
103 6 103 17
102 48 102 59
102 28 102 39
102 22 104 25
102 19 105 21
102 7 102 18
102 0 103 5
101 48 101 59
101 36 101 47
101 24 101 35
101 12 101 23
101 0 101 11
100 48 100 59
100 30 100 41
100 18 100 29
99 48 99 59
99 36 99 47
99 20 99 31
99 8 99 19
99 1 100 6
98 33 98 44
98 21 98 32
97 54 98 59
97 46 98 51
97 34 97 45
97 22 97 33
97 6 98 11
96 44 96 55
96 25 96 36
96 17 98 20
96 13 98 16
96 1 96 12
95 31 95 42
95 19 95 30
95 7 95 18
94 49 95 54
94 43 95 48
94 31 94 42
94 19 94 30
94 7 94 18
93 56 95 59
93 44 93 55
93 31 93 42
93 19 93 30
93 7 93 18
93 1 94 6
92 47 92 58
92 35 92 46
92 23 92 34
92 11 92 22
91 48 91 59
91 18 91 29
91 6 91 17
90 39 91 44
90 30 91 35
90 18 90 29
90 1 92 4
89 54 90 59
89 42 89 53
89 30 89 41
89 18 89 29
89 12 90 17
89 0 89 11
88 36 88 47
88 24 88 35
88 8 88 19
87 54 88 59
87 28 87 39
87 14 87 25
87 2 87 13
86 48 86 59
86 42 87 47
86 20 86 31
86 5 86 16
85 40 85 51
85 32 86 37
85 20 85 31
85 6 85 17
84 52 85 57
84 39 84 50
84 27 84 38
83 47 83 58
83 32 83 43
83 20 83 31
82 48 82 59
82 36 82 47
82 24 82 35
82 12 82 23
82 8 84 11
82 0 85 2
81 38 81 49
81 26 81 37
81 14 81 25
80 44 80 55
80 32 80 43
80 17 80 28
79 46 79 57
79 34 79 45
79 22 79 33
79 11 80 16
79 6 84 7
78 48 78 59
78 36 78 47
78 24 78 35
78 12 78 23
78 1 80 4
77 48 77 59
77 36 77 47
77 24 77 35
77 12 77 23
76 48 76 59
76 8 76 19
75 48 75 59
75 39 76 44
75 32 76 37
75 21 76 26
75 9 75 20
75 2 77 5
74 48 74 59
74 36 74 47
74 24 74 35
74 12 74 23
74 0 74 11
73 39 73 50
73 27 73 38
73 15 73 26
73 3 73 14
72 43 72 54
72 31 72 42
71 48 71 59
71 36 71 47
71 25 72 30
71 15 72 20
71 4 72 9
70 34 70 45
70 22 70 33
70 9 70 20
70 0 72 3
69 35 69 46
69 23 69 34
69 11 69 22
68 39 68 50
68 22 68 33
68 10 68 21
68 3 69 8
67 57 70 59
67 54 70 56
67 51 70 53
67 39 67 50
67 12 67 23
67 0 67 11
66 42 66 53
66 33 67 38
66 26 67 31
66 10 66 21
65 54 66 59
65 42 65 53
65 30 65 41
65 6 65 17
65 0 66 5
64 26 64 37
64 20 65 25
64 6 64 17
63 52 64 57
63 45 64 50
63 33 63 44
63 11 63 22
62 48 62 59
62 36 62 47
62 19 62 30
62 7 62 18
61 43 61 54
61 31 61 42
61 19 61 30
61 7 61 18
60 36 60 47
60 24 60 35
59 29 59 40
59 9 59 20
59 4 62 6
58 55 60 58
58 47 59 52
58 35 58 46
58 23 58 34
58 11 58 22
57 45 57 56
57 33 57 44
57 20 57 31
57 8 57 19
57 2 58 7
56 48 56 59
56 36 56 47
56 24 56 35
56 9 56 20
55 48 55 59
55 35 55 46
55 23 55 34
55 11 55 22
55 1 56 6
54 32 54 43
54 20 54 31
53 53 54 58
53 24 53 35
53 14 54 19
53 2 53 13
52 49 54 52
52 44 54 47
52 29 52 40
52 17 52 28
52 5 52 16
51 27 51 38
51 0 51 11
50 54 52 57
50 43 51 48
50 31 50 42
50 21 51 26
50 15 51 20
50 3 50 14
49 49 51 52
49 37 49 48
49 25 49 36
49 13 49 24
49 1 49 12
48 46 48 57
48 34 48 45
48 18 48 29
48 5 48 16
47 43 47 54
47 31 47 42
47 19 47 30
47 7 47 18
46 48 46 59
46 36 46 47
46 24 46 35
46 12 46 23
46 1 47 6
45 48 45 59
45 36 45 47
45 24 45 35
45 5 45 16
44 47 44 58
44 35 44 46
44 23 44 34
44 0 44 11
43 48 43 59
43 17 43 28
43 5 43 16
42 48 42 59
42 42 43 47
42 36 43 41
42 24 42 35
42 12 42 23
42 0 42 11
41 29 41 40
41 16 41 27
41 4 41 15
40 53 41 58
40 47 41 52
40 35 40 46
40 23 40 34
40 11 40 22
39 44 39 55
39 32 39 43
39 20 39 31
39 8 39 19
39 2 40 7
37 49 38 54
37 38 38 43
37 32 38 37
37 25 38 30
37 18 38 23
37 6 37 17
37 0 38 5
36 48 36 59
36 22 36 33
36 10 36 21
35 48 35 59
35 33 35 44
35 21 35 32
35 9 35 20
35 3 36 8
34 36 34 47
34 13 34 24
33 54 34 59
33 48 34 53
33 20 33 31
33 7 33 18
33 1 34 6
32 48 32 59
32 40 33 45
32 14 32 25
31 48 31 59
31 36 31 47
31 29 32 34
31 17 31 28
31 7 32 12
31 1 32 6
30 48 30 59
30 36 30 47
30 19 30 30
30 5 30 16
29 48 29 59
29 26 29 37
29 14 29 25
29 2 29 13
28 48 28 59
28 15 28 26
27 41 28 46
27 26 27 37
27 14 27 25
27 5 28 10
26 41 26 52
26 24 26 35
26 12 26 23
25 56 27 59
25 44 25 55
25 32 25 43
25 5 26 10
25 2 28 4
25 0 36 0
24 20 25 25
24 8 24 19
23 37 24 42
23 30 24 35
23 18 23 29
23 6 23 17
22 56 24 59
22 50 23 55
22 46 24 49
22 7 22 18
22 2 24 5
21 48 21 59
21 20 21 31
21 7 21 18
20 40 20 51
20 35 22 38
20 18 20 29
20 6 20 17
20 0 21 5
19 48 19 59
19 36 19 47
19 24 19 35
19 9 19 20
18 48 18 59
18 31 18 42
18 13 18 24
18 1 18 12
17 42 17 53
17 26 17 37
17 14 17 25
17 2 17 13
16 54 17 59
16 42 16 53
16 30 16 41
16 18 16 29
16 6 16 17
15 45 15 56
15 29 15 40
14 46 14 57
14 34 14 45
14 22 14 33
14 10 14 21
13 35 13 46
12 54 13 59
12 48 13 53
12 8 12 19
12 0 17 1
11 48 11 59
11 42 12 47
11 23 11 34
11 11 11 22
10 48 10 59
10 36 10 47
10 24 10 35
10 12 10 23
10 5 11 10
9 48 9 59
9 9 9 20
9 2 12 4
8 48 8 59
8 42 9 47
8 30 8 41
8 24 9 29
8 12 8 23
8 0 8 11
7 46 7 57
7 34 7 45
7 12 7 23
7 0 7 11
6 48 6 59
6 36 6 47
5 48 5 59
5 36 5 47
5 13 5 24
5 7 6 12
4 48 4 59
4 36 4 47
4 32 6 35
4 16 4 27
4 4 4 15
3 48 3 59
3 23 3 34
3 8 3 19
2 48 2 59
2 42 3 47
2 36 3 41
2 24 2 35
2 12 2 23
2 2 3 7
1 30 1 41
1 18 1 29
1 6 1 17
0 54 1 59
0 46 1 51
0 34 0 45
0 22 0 33
0 10 0 21
0 0 0 9
92 5 92 10
155 32 155 35
