835
179 55 179 59
179 32 179 43
179 25 179 31
178 43 178 54
178 37 178 42
178 20 178 31
178 2 178 13
177 54 177 59
177 17 177 28
177 10 177 16
176 49 176 59
176 40 177 45
176 37 177 39
176 28 176 36
176 16 176 27
176 4 176 15
175 53 175 59
175 45 175 52
175 38 175 44
175 32 175 37
175 24 175 31
175 7 175 18
174 35 174 46
174 20 174 31
174 9 174 19
174 1 175 6
173 51 174 56
173 19 173 30
173 9 173 18
173 0 173 8
172 48 174 50
172 39 173 44
172 14 172 25
171 46 171 57
171 32 171 43
171 5 172 10
170 46 170 57
170 39 170 45
170 28 172 31
170 8 170 19
169 52 169 59
169 48 169 51
169 41 169 47
169 28 169 39
169 13 169 24
169 5 169 12
168 34 168 45
168 26 168 33
168 15 168 25
168 8 168 14
168 2 171 4
167 52 168 57
167 40 167 51
167 35 167 39
167 25 167 34
167 20 167 24
167 1 167 12
166 49 166 59
166 38 166 48
166 23 166 34
166 12 166 22
166 3 166 11
165 55 165 59
165 37 165 48
165 29 165 36
165 11 165 22
164 56 164 59
164 7 164 18
163 50 164 55
163 33 163 44
163 29 164 32
163 25 165 28
163 15 163 24
163 6 163 14
163 2 165 5
162 48 162 59
162 22 162 33
162 4 162 15
161 51 161 59
161 43 162 47
161 0 166 1
160 52 160 59
160 34 160 45
160 26 160 33
160 14 160 25
160 10 161 13
159 48 159 59
159 44 159 47
159 24 159 35
159 16 159 23
159 7 159 15
158 49 158 59
158 45 158 48
158 42 159 43
158 35 158 41
158 16 158 27
158 8 158 15
157 54 157 59
157 51 157 53
157 32 158 34
157 11 157 22
157 5 161 6
156 45 156 56
156 32 156 43
156 30 158 31
155 52 155 59
155 47 155 51
155 37 155 46
155 32 155 36
155 23 156 28
155 11 155 22
154 50 154 59
154 42 154 49
154 25 154 36
154 10 154 21
154 8 157 9
153 50 153 59
153 42 153 49
153 16 153 27
153 2 154 7
152 51 152 59
152 41 152 50
152 37 154 40
152 20 152 31
152 1 152 12
151 44 151 55
151 25 151 36
151 17 151 24
150 54 150 59
150 43 150 53
150 34 150 42
150 27 150 33
150 3 150 14
149 52 149 59
149 40 149 51
149 25 149 36
149 20 150 24
149 7 149 18
149 0 149 6
148 45 148 56
148 31 148 42
148 25 148 30
148 15 148 24
148 3 148 14
147 56 147 59
147 27 147 38
147 17 147 26
147 2 147 13
146 52 146 59
146 45 146 51
146 41 147 44
146 33 146 40
146 27 146 32
146 16 146 26
146 12 146 15
146 1 146 11
145 56 145 59
145 51 145 55
145 44 145 50
145 38 145 43
145 17 145 28
145 3 145 14
144 52 144 59
144 47 144 51
144 37 144 46
144 21 144 32
144 0 144 11
143 48 143 59
143 32 143 43
143 24 143 31
143 20 143 23
143 4 143 15
142 57 142 59
142 46 142 56
142 39 142 45
142 26 142 37
142 4 142 15
141 52 141 59
141 44 141 51
141 39 141 43
141 27 141 38
141 22 142 25
141 13 141 21
141 3 141 12
140 26 140 37
140 4 140 15
140 0 143 2
139 47 139 58
139 30 139 41
139 21 140 25
139 17 140 20
139 4 139 15
138 52 138 59
138 44 138 51
138 18 138 29
138 15 138 17
138 6 138 14
137 52 137 59
137 40 137 51
137 12 137 23
137 4 137 11
136 55 136 59
136 44 136 54
136 19 136 30
135 40 135 51
135 35 137 38
135 29 135 34
135 9 135 20
135 1 136 6
134 55 135 59
134 50 134 54
134 38 134 49
134 20 134 31
133 37 133 48
133 26 133 36
133 16 133 25
133 8 134 13
133 2 134 7
131 48 132 53
131 44 132 47
131 21 131 32
131 15 132 20
131 9 132 14
131 4 132 8
131 1 132 3
130 57 133 59
130 43 130 54
130 28 130 39
130 15 130 26
129 48 129 59
129 38 129 47
129 32 129 37
129 26 129 31
129 19 129 25
129 9 129 18
128 56 128 59
128 47 128 55
128 42 128 46
128 33 128 41
128 17 128 28
128 0 139 0
127 35 127 46
127 21 127 32
127 14 127 20
127 11 128 13
127 5 128 10
126 55 127 59
126 51 127 54
126 23 126 34
125 43 125 54
125 40 126 42
125 31 125 39
125 18 126 22
125 8 126 13
124 47 124 58
124 35 124 46
124 26 124 34
124 14 124 25
124 6 124 13
124 0 127 2
123 55 123 59
123 51 123 54
123 42 123 50
123 38 123 41
123 33 123 37
123 14 123 25
122 50 122 59
122 45 122 49
122 30 122 41
122 19 122 29
122 14 122 18
122 3 123 8
121 51 121 59
121 44 121 50
121 38 121 43
121 11 121 22
120 51 120 59
120 42 120 50
120 27 120 38
120 7 120 18
119 49 119 59
119 23 119 34
119 8 119 19
119 0 122 2
118 49 118 59
118 43 119 48
118 39 119 42
118 26 118 37
118 21 118 25
118 13 118 20
117 31 117 42
117 22 117 30
117 11 117 21
117 5 118 10
116 44 116 55
116 14 116 25
116 6 116 13
115 52 115 59
115 20 115 31
115 13 115 19
115 1 115 12
114 47 114 58
114 39 115 44
114 34 115 38
114 19 114 30
114 11 114 18
114 4 114 10
113 53 113 59
113 31 113 42
113 19 113 30
112 55 112 59
112 48 113 52
112 37 112 47
112 32 112 36
112 15 112 26
112 8 113 13
111 55 111 59
111 46 111 54
111 42 111 45
111 35 111 41
111 22 111 33
111 0 114 2
110 52 110 59
110 44 110 51
110 27 110 38
110 5 110 16
109 48 109 59
109 42 109 47
109 25 109 36
109 20 110 24
109 1 110 4
108 50 108 59
108 26 108 37
108 13 108 24
108 0 108 11
107 41 108 46
107 33 107 40
107 7 107 18
106 23 106 34
106 7 106 18
106 3 107 6
105 56 107 59
105 50 106 55
105 44 106 49
105 36 106 41
105 22 105 33
105 3 105 14
104 48 104 59
104 42 104 47
104 3 104 14
103 51 103 59
103 26 103 37
103 6 103 17
102 57 102 59
102 28 102 39
102 24 104 25
102 19 105 21
102 13 102 18
102 2 103 5
101 56 101 59
101 52 102 55
101 41 101 51
101 34 101 40
101 27 101 33
101 18 101 26
101 10 101 17
101 3 101 9
100 57 100 59
100 52 100 56
100 30 100 41
100 27 100 29
100 8 100 19
99 54 99 59
99 38 99 49
99 26 99 37
99 16 99 25
99 2 99 13
98 33 98 44
98 23 98 32
97 56 98 59
97 46 98 51
97 40 97 45
97 30 97 39
97 20 97 29
97 6 98 11
97 0 102 1
96 44 96 55
96 25 96 36
96 17 96 24
96 13 98 16
96 3 96 12
95 31 95 42
95 20 95 30
95 13 95 19
94 49 95 54
94 43 95 48
94 34 94 42
94 21 94 32
94 10 94 20
93 56 95 59
93 46 93 55
93 38 93 45
93 23 93 34
93 16 93 22
93 8 93 15
93 1 94 6
92 47 92 58
92 41 92 46
92 34 92 40
92 24 92 33
92 14 92 23
92 6 92 13
91 54 91 59
91 18 91 29
91 10 91 17
90 39 91 44
90 30 91 35
90 25 90 29
90 17 90 24
90 1 92 4
89 55 90 59
89 43 89 54
89 31 89 42
89 19 89 30
89 15 89 18
89 8 90 13
89 0 89 7
88 36 88 47
88 25 88 35
88 8 88 19
87 55 88 59
87 47 87 54
87 28 87 39
87 14 87 25
87 8 87 13
86 54 86 59
86 20 86 31
86 5 86 16
85 43 86 48
85 37 86 42
85 29 85 36
85 21 85 28
85 6 85 17
85 1 88 3
84 52 85 57
84 39 84 50
84 31 84 38
83 47 83 58
83 32 83 43
83 25 84 30
83 20 85 20
82 51 82 59
82 39 82 50
82 30 82 38
82 19 82 29
82 10 84 13
82 0 82 9
81 38 81 49
81 28 81 37
81 14 81 25
80 44 80 55
80 35 80 43
80 17 80 28
79 46 79 57
79 39 79 45
79 30 80 34
79 11 79 22
79 2 80 7
78 50 78 59
78 43 78 49
78 33 78 42
78 28 78 32
78 20 78 27
78 13 78 19
77 53 77 59
77 45 77 52
77 40 77 44
77 30 77 39
77 22 77 29
77 11 77 21
76 51 76 59
76 41 76 50
76 8 76 19
76 1 78 4
75 55 75 59
75 47 75 54
75 37 76 40
75 23 75 34
75 17 75 22
75 0 75 11
74 52 74 59
74 38 74 49
74 28 74 37
74 18 74 27
74 11 74 17
74 4 74 10
73 39 73 50
73 31 73 38
73 15 73 26
73 11 73 14
72 43 72 54
72 35 72 42
72 2 73 7
71 53 71 59
71 46 71 52
71 39 71 45
71 25 72 30
71 17 71 24
71 1 71 12
70 36 71 38
70 29 70 35
70 25 70 28
70 9 70 20
69 35 69 46
69 31 69 34
69 14 69 25
69 4 69 13
69 2 70 3
68 39 68 50
68 22 68 33
68 19 68 21
68 14 68 18
67 57 70 59
67 54 70 56
67 51 70 53
67 42 67 50
67 12 67 23
67 1 67 11
67 0 74 0
66 42 66 53
66 34 66 41
66 28 67 33
66 10 66 21
66 0 66 9
65 54 66 59
65 50 65 53
65 41 65 49
65 37 65 40
65 6 65 17
64 26 64 37
64 21 65 25
64 6 64 17
64 4 65 5
63 52 64 57
63 45 64 50
63 33 63 44
63 11 63 22
62 54 62 59
62 37 62 48
62 25 62 36
62 16 62 24
61 43 61 54
61 37 61 42
61 26 61 36
61 18 61 25
61 12 62 15
60 36 60 47
60 25 60 35
59 29 59 40
59 10 62 11
59 5 60 9
58 55 60 58
58 47 59 52
58 37 58 46
58 25 58 36
58 21 60 24
58 17 60 20
58 4 58 15
57 45 57 56
57 33 57 44
57 20 57 31
57 10 57 19
57 2 62 3
56 52 56 59
56 43 56 51
56 35 56 42
56 32 56 34
56 27 56 31
56 9 56 20
55 53 55 59
55 35 55 46
55 27 55 34
55 16 55 26
55 1 56 6
54 32 54 43
54 21 54 31
53 53 54 58
53 24 53 35
53 16 54 20
53 10 55 13
53 2 54 7
52 50 55 52
52 44 53 49
52 29 52 40
52 17 52 28
52 9 52 16
51 27 51 38
51 1 52 6
50 54 52 57
50 44 50 53
50 42 53 43
50 32 50 41
50 24 50 31
50 19 51 23
50 9 50 18
49 49 49 59
49 40 49 48
49 34 49 39
49 20 49 31
49 10 49 19
49 4 50 8
48 46 48 57
48 41 48 45
48 29 48 40
48 16 48 27
48 2 48 13
48 0 59 0
47 43 47 54
47 34 47 42
47 30 47 33
47 20 47 29
47 8 47 19
47 1 47 7
46 50 46 59
46 42 46 49
46 33 46 41
46 21 46 32
46 14 46 20
46 3 46 13
45 50 45 59
45 44 45 49
45 29 45 40
45 5 45 16
44 47 44 58
44 36 44 46
44 25 44 35
44 0 44 11
43 49 43 59
43 21 45 24
43 14 44 19
43 5 43 13
42 53 42 59
42 45 42 52
42 40 43 44
42 27 42 38
42 20 42 26
42 7 42 18
42 0 43 4
41 29 41 40
41 16 41 27
41 8 41 15
40 53 41 58
40 47 41 52
40 36 40 46
40 24 40 35
40 12 40 23
40 5 40 11
39 44 39 55
39 35 39 43
39 27 39 34
39 23 39 26
39 8 39 19
39 2 41 4
37 49 38 54
37 38 38 43
37 32 38 37
37 25 38 30
37 18 38 23
37 6 37 17
37 1 38 5
36 50 36 59
36 22 36 33
36 12 36 21
36 3 36 11
36 0 41 0
35 52 35 59
35 33 35 44
35 26 35 32
35 12 35 23
35 2 35 11
34 36 34 47
34 13 34 24
33 55 34 59
33 50 34 54
33 20 33 31
33 8 34 12
33 2 34 7
32 53 32 59
32 48 36 49
32 40 33 45
32 14 32 25
31 55 31 59
31 46 31 54
31 39 31 45
31 29 32 34
31 17 31 28
31 7 32 12
31 4 32 6
30 49 30 59
30 38 30 48
30 36 33 37
30 19 30 30
30 5 30 16
29 51 29 59
29 26 29 37
29 14 29 25
29 7 29 13
29 0 31 3
28 55 28 59
28 15 28 26
27 41 28 46
27 26 27 37
27 15 27 25
27 5 28 10
26 48 28 51
26 35 26 46
26 23 26 34
25 56 27 59
25 53 28 54
25 33 25 44
25 20 26 22
25 5 26 10
25 2 28 4
24 11 24 22
24 0 24 10
23 49 25 52
23 37 24 42
23 30 24 35
23 24 24 29
23 12 23 23
23 4 23 11
22 56 24 59
22 50 22 55
22 7 22 18
21 55 21 59
21 50 21 54
21 20 21 31
21 7 21 18
21 2 22 6
20 44 22 47
20 35 21 40
20 18 20 29
20 8 20 17
20 0 23 1
19 52 19 59
19 42 19 51
19 31 19 41
19 25 19 30
19 9 19 20
18 53 18 59
18 31 18 42
18 13 18 24
18 5 18 12
17 44 18 49
17 35 17 43
17 19 17 30
17 14 17 18
17 9 17 13
17 4 17 8
17 1 19 3
16 56 17 59
16 53 17 55
16 40 16 51
16 29 16 39
16 16 16 27
16 6 16 15
15 45 15 56
15 29 15 40
14 46 14 57
14 36 14 45
14 28 14 35
14 11 14 22
13 35 13 46
12 55 13 59
12 48 13 53
12 8 12 19
11 49 11 59
11 43 12 47
11 24 14 26
11 21 13 23
10 56 10 59
10 43 10 54
10 36 12 39
10 33 12 35
10 23 10 32
10 7 11 12
10 0 12 3
9 51 9 59
9 43 9 50
9 16 11 19
9 3 9 14
8 53 8 59
8 48 8 52
8 37 8 47
8 26 9 31
8 21 10 22
8 13 8 20
8 1 8 12
7 46 7 57
7 34 7 45
7 12 7 23
7 5 7 11
6 55 6 59
6 46 6 54
6 34 6 45
5 53 5 59
5 41 5 52
5 13 5 24
5 8 6 12
4 50 4 59
4 36 4 47
4 33 5 35
4 16 4 27
4 4 4 15
3 54 3 59
3 48 3 53
3 23 3 34
3 8 3 19
2 49 2 59
2 45 2 48
2 40 3 44
2 38 3 39
2 28 2 37
2 16 2 27
2 6 2 15
1 30 1 41
1 25 1 29
1 6 1 17
0 56 1 59
0 46 1 51
0 42 1 45
0 23 0 34
0 13 0 22
0 9 0 12
0 3 3 5
