789
0 1 2 4
0 6 11 6
0 8 11 8
0 9 5 10
0 11 11 11
0 12 2 15
0 16 1 21
0 22 5 23
0 24 11 24
0 25 11 25
0 26 5 27
0 28 1 33
0 34 2 37
0 38 5 39
0 40 11 40
0 41 3 43
0 44 11 44
0 45 1 50
0 51 1 56
0 57 3 59
2 16 3 21
2 28 13 28
2 45 5 47
2 50 7 51
2 52 7 53
3 1 5 4
3 13 14 13
3 31 4 36
3 37 14 37
3 48 14 48
3 54 14 54
4 7 15 7
4 14 5 19
4 21 15 21
4 41 15 41
4 42 9 43
4 56 9 57
5 5 16 5
5 31 6 36
6 0 17 0
6 1 11 2
6 9 17 9
6 10 17 10
6 12 17 12
6 14 7 19
6 22 17 22
6 29 17 29
6 38 17 38
6 46 11 47
6 58 17 58
7 32 10 34
7 55 18 55
8 14 9 19
8 31 19 31
8 35 13 36
8 51 19 51
8 52 19 52
9 23 20 23
9 26 20 26
9 49 14 50
10 16 12 19
10 42 21 42
10 43 21 43
10 45 21 45
10 57 21 57
11 32 14 34
12 4 23 4
12 25 23 25
12 30 23 30
12 40 23 40
12 44 23 44
12 47 23 47
13 6 24 6
13 18 18 19
14 1 19 2
14 14 17 16
14 20 25 20
14 28 25 28
14 36 25 36
14 46 25 46
15 32 20 33
15 34 26 34
15 54 26 54
16 37 27 37
16 41 27 41
17 24 28 24
17 49 22 50
18 0 29 0
18 7 29 7
18 10 29 10
18 11 19 16
18 21 23 22
18 35 29 35
18 58 29 58
19 9 30 9
19 17 24 18
19 55 30 55
19 59 30 59
20 2 25 3
20 11 31 11
20 12 25 13
20 14 31 14
20 15 31 15
20 19 31 19
20 39 31 39
20 48 31 48
20 52 25 53
22 42 27 43
23 49 26 51
24 8 35 8
24 25 35 25
24 26 35 26
25 18 36 18
25 21 36 21
25 33 36 33
25 56 36 56
26 1 31 2
26 3 29 5
26 20 37 20
26 23 37 23
26 29 31 30
26 36 37 36
26 52 31 53
27 16 32 17
27 38 38 38
27 49 30 51
27 54 38 54
28 22 39 22
28 28 39 28
28 32 39 32
28 41 33 42
28 43 39 43
28 57 39 57
29 6 40 6
29 24 40 24
29 27 40 27
29 47 40 47
30 3 41 3
30 12 35 13
31 40 42 40
31 49 34 51
31 55 42 55
31 58 36 59
32 4 37 5
32 9 35 11
32 14 43 14
32 48 43 48
33 1 44 1
33 17 44 17
33 52 38 53
34 29 45 29
34 34 39 35
34 41 45 41
35 2 46 2
35 16 46 16
36 7 39 9
36 10 38 13
36 30 47 30
36 45 47 45
36 49 47 49
37 18 42 19
37 33 48 33
37 44 48 44
37 46 48 46
38 15 49 15
38 20 43 21
38 23 49 23
39 10 50 10
39 11 44 12
39 37 42 39
39 52 44 53
40 7 51 7
40 8 45 9
40 34 43 36
40 56 42 59
41 4 46 5
41 24 52 24
41 25 43 28
41 54 52 54
43 19 54 19
43 31 54 31
43 32 54 32
43 38 48 39
43 55 46 57
43 58 54 58
44 13 49 14
44 20 55 20
44 21 49 22
44 25 55 25
44 26 49 27
45 11 56 11
45 35 48 37
45 42 56 42
45 50 47 53
46 0 57 0
46 9 57 9
46 28 51 29
46 40 51 41
46 47 51 48
47 3 58 3
47 55 58 55
47 57 58 57
48 1 59 1
48 16 51 18
48 49 53 50
48 51 59 51
48 52 53 53
49 5 54 6
49 33 52 35
49 36 51 39
49 44 54 45
49 46 60 46
50 4 61 4
50 21 53 23
51 10 62 10
51 13 56 14
51 26 62 26
52 15 54 18
52 28 55 30
52 36 57 37
52 40 57 41
52 43 63 43
52 47 63 47
53 24 64 24
54 12 65 12
54 21 59 22
54 52 59 53
55 5 60 6
55 16 58 18
55 31 66 31
55 32 66 32
55 34 66 34
55 45 66 45
55 50 66 50
56 19 61 20
56 27 67 27
56 28 59 30
56 56 67 56
57 35 68 35
57 42 68 42
57 44 68 44
58 13 63 14
58 36 59 41
58 54 69 54
59 2 70 2
59 3 70 3
59 8 70 8
59 11 70 11
59 16 64 17
60 0 71 0
60 1 71 1
60 21 65 22
60 28 71 28
60 37 62 40
60 41 71 41
60 53 71 53
60 55 71 55
60 59 71 59
61 5 64 7
61 15 72 15
61 29 72 29
62 18 65 20
62 46 73 46
62 57 67 58
63 9 68 10
63 25 74 25
63 37 68 38
63 40 74 40
64 33 75 33
64 36 75 36
64 43 75 43
65 4 68 6
65 7 76 7
65 26 76 26
65 48 76 48
65 51 76 51
66 12 71 13
66 20 77 20
66 30 77 30
66 49 77 49
67 21 78 21
67 50 78 50
67 52 78 52
68 57 79 57
69 4 72 6
69 9 80 9
69 14 80 14
69 16 71 19
69 34 80 34
69 37 74 38
70 22 81 22
70 23 75 24
70 31 75 32
71 2 76 3
71 10 76 11
71 47 82 47
72 0 83 0
72 16 75 18
72 44 83 44
72 53 74 56
72 59 83 59
73 4 84 4
73 6 84 6
73 15 84 15
73 27 78 28
73 41 78 42
74 12 85 12
74 29 85 29
74 35 85 35
75 25 86 25
75 45 80 46
75 53 78 55
76 8 87 8
76 16 81 17
76 19 87 19
76 24 87 24
76 31 81 32
76 36 79 38
76 43 87 43
77 10 88 10
77 11 88 11
77 13 88 13
77 26 88 26
77 39 88 39
77 51 88 51
78 1 81 3
79 33 90 33
79 53 84 54
79 56 90 56
80 30 91 30
80 36 85 37
80 40 83 42
80 57 91 57
81 9 92 9
81 23 92 23
81 34 92 34
81 38 92 38
81 45 86 46
82 1 93 1
82 2 87 3
82 14 93 14
82 16 87 17
82 52 93 52
83 21 94 21
83 47 88 48
83 55 94 55
84 27 89 28
84 32 95 32
84 40 89 41
84 59 95 59
85 4 88 6
85 53 90 54
86 22 97 22
86 42 97 42
87 35 92 36
87 46 98 46
88 2 99 2
88 7 93 8
88 18 93 19
88 43 99 43
88 49 99 49
88 58 99 58
89 3 94 4
89 6 100 6
89 12 94 13
89 25 100 25
89 29 100 29
89 39 100 39
89 51 100 51
90 15 93 17
90 26 95 27
90 28 101 28
90 44 101 44
91 40 96 41
91 47 96 48
91 53 96 54
92 10 103 10
92 11 103 11
92 24 103 24
92 50 103 50
92 56 97 57
93 23 104 23
93 31 104 31
93 33 96 35
93 36 96 38
94 1 105 1
94 7 97 9
94 14 95 19
94 52 105 52
95 4 106 4
95 21 106 21
96 12 97 17
96 18 99 20
97 30 108 30
97 33 98 38
97 53 100 55
98 7 103 8
98 9 109 9
98 12 99 17
98 22 109 22
99 32 101 35
99 36 110 36
99 37 104 38
99 40 104 41
99 46 110 46
99 48 110 48
99 59 110 59
100 2 111 2
100 12 102 15
100 16 103 18
100 20 111 20
100 26 105 27
100 49 111 49
101 5 106 6
101 42 106 43
101 47 112 47
101 53 104 55
102 28 107 29
102 32 113 32
102 33 113 33
102 34 113 34
102 44 107 45
102 56 113 56
102 57 113 57
103 19 114 19
103 25 114 25
103 35 114 35
104 13 115 13
104 15 107 17
104 51 115 51
105 3 116 3
105 7 116 7
105 37 110 38
105 54 110 55
106 11 117 11
106 12 117 12
106 31 117 31
107 4 118 4
107 5 112 6
107 21 118 21
107 39 109 42
107 53 118 53
108 0 119 0
108 15 113 16
108 17 119 17
108 18 119 18
108 23 119 23
108 28 119 28
108 29 119 29
109 44 114 45
110 8 113 10
110 14 121 14
110 26 121 26
110 39 121 39
111 27 122 27
111 36 114 38
111 42 116 43
111 48 122 48
111 59 122 59
112 1 117 2
112 46 123 46
112 49 123 49
112 54 117 55
113 5 124 5
113 6 124 6
114 8 117 10
114 16 125 16
114 41 125 41
114 56 117 58
115 19 120 20
115 25 126 25
115 33 120 34
115 37 126 37
115 44 120 45
116 13 127 13
116 38 127 38
116 50 121 51
116 52 127 52
117 32 128 32
117 35 122 36
117 40 128 40
118 7 119 12
118 15 129 15
118 54 120 57
119 1 122 3
119 30 130 30
120 7 123 9
120 10 131 10
120 11 125 12
120 17 125 18
120 21 131 21
120 31 131 31
121 20 132 20
121 28 126 29
121 43 124 45
121 53 124 55
121 57 126 58
122 26 133 26
123 2 134 2
123 19 134 19
123 33 128 34
123 36 134 36
123 39 134 39
124 1 135 1
124 42 135 42
124 46 125 51
124 59 135 59
125 3 126 8
125 14 136 14
125 44 130 45
125 53 130 54
125 56 136 56
126 11 137 11
126 23 131 24
126 43 137 43
126 46 137 46
126 47 129 49
126 50 131 51
127 3 132 4
127 5 132 6
127 7 130 9
127 16 132 17
127 27 130 29
127 37 138 37
127 41 138 41
128 0 139 0
128 12 133 13
128 38 139 38
128 57 133 58
129 34 134 35
129 40 140 40
130 15 141 15
130 25 141 25
130 47 133 49
131 7 136 8
131 18 142 18
131 28 136 29
131 53 134 55
132 9 137 10
132 21 143 21
132 22 143 22
132 27 143 27
132 30 137 31
133 3 136 5
133 17 144 17
133 50 144 50
134 12 139 13
134 16 145 16
134 47 145 47
134 48 145 48
135 20 146 20
135 23 146 23
135 33 146 33
135 34 138 36
135 44 140 45
135 52 140 53
135 54 146 54
135 57 140 58
136 1 147 1
136 2 147 2
136 55 147 55
137 3 139 6
137 7 142 8
137 28 142 29
137 59 148 59
138 9 149 9
138 10 143 11
138 30 143 31
138 46 149 46
139 34 142 36
139 41 142 43
140 13 145 14
140 19 151 19
140 37 143 39
141 0 152 0
141 40 152 40
141 44 152 44
141 56 152 56
142 4 145 6
142 15 153 15
142 25 147 26
143 7 154 7
143 18 154 18
143 28 148 29
143 32 154 32
143 34 154 34
143 35 154 35
144 10 147 12
144 22 155 22
144 27 155 27
144 31 155 31
144 36 147 38
145 3 156 3
145 41 156 41
146 4 149 6
146 13 151 14
146 47 148 50
146 51 151 52
147 8 158 8
147 33 158 33
147 39 158 39
147 53 158 53
147 57 152 58
148 2 159 2
148 23 151 25
148 42 159 42
149 10 160 10
149 28 160 28
149 29 154 30
149 47 151 50
150 1 161 1
150 6 161 6
150 11 155 12
150 20 155 21
150 46 161 46
151 5 162 5
151 55 162 55
152 19 163 19
152 24 157 25
152 37 163 37
153 4 164 4
153 45 164 45
153 51 164 51
153 56 158 57
153 58 164 58
154 14 159 15
155 23 166 23
155 29 166 29
155 34 158 36
155 49 160 50
155 54 166 54
156 11 161 12
156 17 167 17
156 22 167 22
156 26 161 27
156 30 161 31
156 40 167 40
156 47 167 47
158 13 169 13
158 16 169 16
158 41 169 41
159 7 164 8
159 24 164 25
159 32 161 35
159 43 170 43
159 52 164 53
159 59 170 59
160 2 165 3
160 14 171 14
161 38 166 39
161 48 166 49
162 0 167 1
162 9 164 12
162 20 167 21
162 27 167 28
162 30 167 31
162 32 164 35
162 36 173 36
162 46 173 46
162 57 173 57
163 5 174 5
163 50 174 50
165 6 170 7
165 8 170 9
165 12 176 12
165 24 168 26
165 45 176 45
165 51 170 52
165 56 176 56
165 58 176 58
166 33 171 34
167 2 178 2
167 23 178 23
167 37 178 37
167 44 178 44
167 48 172 49
168 1 179 1
168 3 173 4
168 18 173 19
168 22 179 22
168 27 179 27
168 28 170 31
168 35 179 35
168 38 171 40
168 47 179 47
168 55 179 55
170 41 175 42
171 7 173 10
171 15 176 16
171 29 176 30
171 31 176 32
171 51 173 54
173 24 178 25
173 48 178 49
174 7 179 8
174 18 177 20
174 51 177 53
175 4 178 6
176 41 179 43
177 10 178 15
177 56 179 59
178 16 179 21
4 59 15 59
12 56 23 56
30 0 41 0
52 38 57 39
63 39 74 39
141 45 152 45
146 16 157 16
153 43 158 44
165 11 176 11
172 38 175 40
8 53 19 53
40 43 51 43
66 16 68 19
78 20 89 20
132 51 143 51
152 47 154 50
176 38 179 40
141 57 146 58
12 8 23 8
102 58 113 58
47 2 58 2
28 37 38 37
34 42 44 42
53 33 63 33
113 47 123 47
82 31 92 31
145 17 155 17
160 15 170 15
35 50 44 50
60 51 64 52
95 3 104 3
149 59 158 59
106 52 115 52
143 42 147 43
36 25 40 26
141 52 145 53
17 5 25 5
171 28 179 28
131 44 134 45
140 3 141 6
67 45 74 45
96 26 99 27
106 26 109 27
117 42 120 43
98 56 101 57
159 44 166 44
2 49 8 49
56 25 62 25
152 52 158 52
12 11 17 11
30 7 35 7
38 4 40 5
47 4 48 6
67 31 69 32
90 20 95 20
104 8 109 8
123 35 128 35
148 54 150 55
165 10 170 10
174 9 176 10
174 54 179 54
50 27 55 27
84 44 89 44
88 15 89 17
147 20 149 21
155 48 160 48
44 34 48 34
69 35 73 35
75 40 79 40
126 18 130 18
135 19 139 19
148 43 152 43
2 55 6 55
42 3 46 3
0 7 3 7
6 45 9 45
30 4 31 5
42 0 45 0
44 47 45 48
72 19 75 19
75 56 78 56
155 32 158 32
60 36 63 36
3 12 5 12
122 14 124 14
127 25 129 25
144 39 146 39
