782
0 1 2 4
0 6 11 6
0 8 11 8
0 9 5 10
0 11 1 16
0 17 2 20
0 21 0 32
0 33 2 36
0 37 3 39
0 40 11 40
0 41 3 43
0 44 11 44
0 45 1 50
0 51 3 53
0 54 1 59
1 21 12 21
1 23 6 24
1 25 12 25
1 26 4 28
1 29 6 30
2 11 13 11
2 12 4 15
2 45 5 47
2 57 13 57
2 58 7 59
3 1 5 4
3 16 14 16
3 17 6 19
3 31 4 36
3 48 6 50
3 54 14 54
4 7 15 7
4 37 15 37
4 38 15 38
4 41 15 41
4 42 9 43
4 51 15 51
5 5 16 5
5 13 16 13
5 22 16 22
5 26 8 28
5 31 7 34
5 35 10 36
6 0 9 2
6 9 17 9
6 10 17 10
6 12 17 12
6 46 11 47
7 17 12 18
7 19 18 19
7 24 18 24
7 29 18 29
7 55 18 55
8 31 19 31
8 32 19 32
8 34 19 34
8 52 13 53
8 58 19 58
9 23 20 23
9 26 20 26
9 27 14 28
9 48 14 49
10 0 12 3
10 42 21 42
10 43 21 43
10 45 21 45
11 33 22 33
11 35 16 36
12 4 23 4
12 30 23 30
12 40 23 40
12 44 23 44
12 47 23 47
13 0 24 0
13 6 24 6
13 21 24 21
13 25 24 25
14 1 19 2
14 20 25 20
14 46 25 46
14 57 25 57
15 14 17 17
15 52 18 54
16 28 27 28
16 37 27 37
16 41 27 41
17 49 22 50
18 7 29 7
18 10 29 10
18 11 20 14
18 15 29 15
18 17 23 18
18 35 29 35
19 9 30 9
19 36 30 36
19 52 24 53
19 54 30 54
19 55 30 55
19 59 30 59
20 2 25 3
20 19 31 19
20 39 31 39
20 48 31 48
21 11 32 11
21 12 26 13
21 23 26 24
22 22 33 22
22 42 27 43
23 31 25 34
23 49 26 51
24 8 35 8
24 18 35 18
24 26 35 26
25 0 36 0
25 21 36 21
25 25 36 25
25 56 36 56
26 1 27 6
26 20 37 20
26 29 31 30
26 52 31 53
27 12 30 14
27 16 32 17
27 23 32 24
27 38 38 38
27 49 30 51
28 1 33 2
28 3 33 4
28 5 33 6
28 28 39 28
28 32 39 32
28 41 33 42
28 43 39 43
28 57 39 57
29 27 40 27
29 47 40 47
29 58 40 58
31 12 33 15
31 33 36 34
31 40 42 40
31 49 34 51
31 55 42 55
32 48 43 48
33 9 36 11
33 17 44 17
33 35 36 37
33 52 38 53
34 1 35 6
34 12 36 15
34 22 37 24
34 29 45 29
34 41 39 42
35 16 46 16
35 54 46 54
36 1 41 2
36 4 47 4
36 18 41 19
36 30 47 30
36 45 47 45
36 49 47 49
37 5 38 10
37 11 40 13
37 14 42 15
37 33 48 33
37 34 40 36
37 44 48 44
37 46 48 46
38 20 43 21
38 22 43 23
38 24 49 24
39 6 50 6
39 7 41 10
39 37 42 39
39 52 44 53
40 41 43 43
41 25 43 28
41 34 44 36
41 57 52 57
42 1 47 2
42 7 43 12
43 13 48 14
43 15 54 15
43 19 54 19
43 31 54 31
43 32 54 32
43 38 48 39
43 58 54 58
44 7 46 10
44 11 55 11
44 20 55 20
44 21 47 23
44 25 46 28
44 40 47 42
45 35 56 35
45 50 47 53
45 55 56 55
46 0 57 0
46 36 51 37
46 47 51 48
47 3 58 3
47 8 52 9
47 25 52 26
47 27 52 28
47 54 58 54
48 1 59 1
48 16 51 18
48 29 53 30
48 40 53 41
48 49 53 50
48 51 59 51
48 52 53 53
49 21 54 22
49 33 54 34
49 42 54 43
49 44 54 45
49 46 60 46
50 4 61 4
50 5 61 5
50 23 55 24
51 10 62 10
51 13 56 14
51 38 56 39
52 6 63 6
52 17 63 17
52 36 57 37
52 47 63 47
53 25 55 28
53 56 58 57
54 8 59 9
54 12 65 12
54 16 65 16
54 40 59 41
54 52 59 53
55 18 60 19
55 30 60 31
55 32 66 32
55 34 66 34
55 43 66 43
55 45 66 45
55 50 66 50
56 20 59 22
56 23 61 24
56 25 59 27
56 42 67 42
57 28 62 29
57 35 68 35
57 44 68 44
57 55 68 55
58 13 63 14
58 38 63 39
59 2 70 2
59 3 70 3
59 11 70 11
59 54 70 54
60 0 71 0
60 1 71 1
60 8 71 8
60 20 63 22
60 40 71 40
60 41 71 41
60 53 71 53
60 59 71 59
61 15 72 15
61 18 66 19
61 31 72 31
62 4 67 5
62 23 64 26
62 37 73 37
62 46 73 46
62 56 65 58
63 7 74 7
63 9 68 10
63 28 68 29
64 6 75 6
64 20 75 20
64 33 75 33
64 36 75 36
65 21 76 21
65 25 76 25
65 26 76 26
65 38 70 39
65 48 76 48
65 51 76 51
66 12 71 13
66 30 77 30
66 49 77 49
66 56 71 57
67 50 78 50
67 52 78 52
68 42 73 43
69 9 80 9
69 14 80 14
69 16 72 18
69 27 74 28
69 34 80 34
69 55 80 55
70 22 81 22
70 23 75 24
71 2 76 3
71 10 76 11
71 47 82 47
72 0 83 0
72 32 83 32
72 44 83 44
72 57 83 57
72 59 83 59
73 4 84 4
73 15 78 16
73 17 78 18
73 53 78 54
74 12 85 12
74 29 85 29
74 35 85 35
74 37 75 42
74 43 85 43
75 27 80 28
75 45 80 46
76 6 81 7
76 8 87 8
76 19 81 20
76 24 87 24
76 36 78 39
77 10 88 10
77 11 88 11
77 13 88 13
77 25 82 26
77 51 88 51
78 1 81 3
78 41 89 41
79 15 81 18
79 33 90 33
79 53 84 54
79 56 90 56
80 30 91 30
80 36 85 37
80 39 91 39
81 9 92 9
81 23 92 23
81 34 92 34
81 38 92 38
81 45 86 46
82 1 93 1
82 2 87 3
82 6 87 7
82 14 93 14
82 15 83 20
82 52 93 52
83 21 94 21
83 26 94 26
83 47 88 48
83 55 94 55
84 15 95 15
84 17 86 20
84 27 89 28
84 32 95 32
84 57 95 57
84 59 95 59
85 53 90 54
86 22 97 22
86 42 97 42
86 43 97 43
87 17 89 20
87 35 98 35
87 46 98 46
88 2 91 4
88 6 99 6
88 7 93 8
88 49 99 49
88 58 99 58
89 12 94 13
89 25 100 25
89 29 100 29
89 51 100 51
90 16 92 19
90 28 101 28
90 44 101 44
91 40 96 41
91 47 96 48
91 53 96 54
92 2 97 3
92 10 103 10
92 11 103 11
92 24 103 24
92 50 103 50
93 16 95 19
93 23 104 23
93 31 104 31
93 36 96 38
94 1 105 1
94 4 105 4
94 7 97 9
94 52 105 52
95 21 106 21
95 33 100 34
96 12 97 17
96 18 101 19
96 20 107 20
96 55 101 56
97 30 108 30
97 36 108 36
97 39 102 40
98 2 103 3
98 7 103 8
98 9 109 9
98 12 99 17
98 22 109 22
98 37 103 38
99 41 102 43
99 46 110 46
99 48 110 48
99 59 110 59
100 12 103 14
100 26 105 27
100 35 111 35
100 49 111 49
100 54 111 54
101 5 106 6
101 16 112 16
101 17 112 17
101 32 112 32
101 33 112 33
101 47 112 47
102 28 107 29
102 34 113 34
102 44 107 45
102 55 107 56
102 57 113 57
103 19 114 19
103 25 114 25
103 41 108 42
104 2 109 3
104 13 115 13
104 37 109 38
104 51 115 51
105 7 116 7
106 4 117 4
106 11 117 11
106 12 117 12
106 31 117 31
107 5 112 6
107 21 118 21
107 53 118 53
108 0 119 0
108 18 119 18
108 23 119 23
108 28 113 29
108 39 119 39
109 40 112 42
109 44 114 45
110 1 113 3
110 8 113 10
110 14 121 14
110 26 121 26
110 36 113 38
111 15 122 15
111 27 122 27
111 48 122 48
111 59 122 59
112 46 123 46
112 49 123 49
112 54 117 55
113 5 124 5
113 6 124 6
113 16 118 17
113 43 124 43
114 1 117 3
114 8 117 10
114 28 119 29
114 33 117 35
114 37 125 37
114 41 125 41
114 56 117 58
115 19 126 19
115 25 126 25
115 44 120 45
116 13 127 13
116 38 127 38
116 50 121 51
116 52 127 52
117 32 128 32
117 40 128 40
118 7 119 12
118 20 129 20
118 33 129 33
118 34 121 36
118 54 120 57
119 1 124 2
119 16 124 17
119 30 130 30
120 7 122 10
120 11 125 12
120 21 131 21
120 31 131 31
121 28 126 29
121 44 132 44
121 53 123 56
121 57 126 58
122 3 133 3
122 26 133 26
122 36 133 36
123 7 134 7
123 14 128 15
123 39 134 39
123 45 134 45
124 10 135 10
124 42 135 42
124 46 125 51
124 53 129 54
124 59 135 59
125 0 128 2
125 4 128 6
125 34 130 35
125 56 136 56
126 11 137 11
126 23 131 24
126 37 137 37
126 43 137 43
126 46 137 46
126 47 129 49
126 50 131 51
127 16 132 17
127 19 138 19
127 27 130 29
127 41 138 41
128 12 133 13
128 38 139 38
128 57 133 58
129 0 140 0
129 1 134 2
129 4 134 5
129 14 140 14
129 40 140 40
130 9 141 9
130 15 141 15
130 20 141 20
130 25 141 25
130 47 133 49
130 54 141 54
131 18 142 18
131 28 136 29
131 34 136 35
132 21 143 21
132 22 143 22
132 27 143 27
132 30 137 31
132 50 134 53
133 17 144 17
134 12 139 13
134 16 145 16
134 47 145 47
134 48 145 48
135 1 136 6
135 7 140 8
135 23 146 23
135 33 146 33
135 44 140 45
135 50 146 50
135 52 140 53
135 57 140 58
136 55 147 55
137 2 142 3
137 28 148 28
137 29 148 29
137 34 142 35
137 59 148 59
138 10 143 11
138 30 143 31
138 46 149 46
139 36 144 37
139 41 142 43
140 13 151 13
140 19 151 19
141 0 146 1
141 7 152 7
141 14 152 14
141 40 152 40
141 44 152 44
141 56 144 58
142 4 145 6
142 8 147 9
142 15 153 15
142 25 147 26
143 18 154 18
143 32 154 32
143 34 148 35
144 10 147 12
144 20 147 22
144 27 155 27
144 31 155 31
145 3 156 3
145 36 147 39
145 41 156 41
145 53 150 54
145 56 156 56
146 4 149 6
146 51 151 52
147 33 158 33
147 47 150 49
147 57 152 58
148 2 159 2
148 8 159 8
148 9 159 9
148 21 151 23
148 24 151 26
148 38 153 39
148 42 159 42
149 10 160 10
149 28 160 28
149 29 154 30
149 34 154 35
149 50 160 50
150 1 161 1
150 6 161 6
150 11 155 12
150 20 161 20
150 46 161 46
151 5 162 5
151 53 162 53
151 55 162 55
152 19 163 19
152 24 157 25
152 37 163 37
153 4 164 4
153 45 164 45
153 51 164 51
153 57 156 59
154 7 165 7
154 14 159 15
155 23 166 23
155 29 166 29
155 34 158 36
155 49 166 49
155 54 166 54
156 11 161 12
156 17 167 17
156 22 167 22
156 26 161 27
156 30 161 31
156 40 167 40
156 47 167 47
157 56 162 57
157 58 168 58
158 13 169 13
158 16 169 16
158 41 169 41
159 24 164 25
159 32 161 35
159 43 170 43
159 59 170 59
160 2 165 3
160 8 171 8
160 14 171 14
160 52 171 52
161 38 166 39
162 0 167 1
162 9 165 11
162 20 167 21
162 27 167 28
162 30 167 31
162 32 164 35
162 36 173 36
162 46 173 46
163 5 174 5
163 12 174 12
163 50 174 50
163 56 168 57
165 24 168 26
165 45 176 45
165 48 176 48
166 33 171 34
167 2 178 2
167 23 178 23
167 37 178 37
167 44 178 44
167 49 178 49
168 1 179 1
168 3 173 4
168 18 173 19
168 22 179 22
168 27 179 27
168 28 170 31
168 35 179 35
168 38 171 40
168 47 179 47
168 55 179 55
169 56 172 58
170 41 175 42
171 15 176 16
171 29 173 32
171 53 176 54
172 8 177 9
173 24 178 25
173 56 176 58
174 18 177 20
174 28 175 33
175 4 178 6
175 10 178 12
176 28 179 30
176 41 179 43
177 14 179 17
177 51 179 54
177 56 179 59
3 56 14 56
74 31 85 31
79 40 90 40
123 8 128 9
137 4 140 6
141 45 152 45
146 16 157 16
151 47 154 49
153 43 158 44
165 51 176 51
166 7 177 7
166 9 169 11
172 38 175 40
124 55 135 55
176 38 179 40
141 51 144 53
12 8 23 8
102 58 113 58
113 42 123 42
113 47 123 47
120 18 130 18
8 59 18 59
36 3 46 3
145 17 155 17
160 15 170 15
39 5 49 5
48 2 58 2
35 50 44 50
60 51 64 52
68 4 72 5
135 39 144 39
106 52 115 52
143 42 147 43
170 10 174 11
15 56 24 56
95 26 99 27
103 43 112 43
108 20 117 20
155 48 164 48
17 5 25 5
55 33 63 33
67 19 75 19
37 0 45 0
4 52 7 53
72 38 73 41
178 18 179 21
58 36 61 37
67 45 74 45
106 26 109 27
108 55 111 56
152 52 159 52
37 25 40 26
159 44 166 44
72 56 78 56
86 31 92 31
30 7 36 7
60 25 61 27
67 16 68 18
76 40 77 42
83 25 88 25
84 16 89 16
90 20 95 20
96 57 101 57
104 8 109 8
122 34 124 35
129 8 134 8
7 48 8 50
84 44 89 44
135 51 140 51
69 35 73 35
148 43 152 43
2 55 6 55
0 7 3 7
6 45 9 45
14 11 17 11
44 47 45 48
45 34 48 34
145 57 146 58
155 32 158 32
127 25 129 25
