780
0 1 1 6
0 8 11 8
0 9 5 10
0 11 11 11
0 12 1 17
0 18 1 23
0 24 11 24
0 25 11 25
0 26 5 27
0 28 1 33
0 34 3 36
0 37 3 39
0 40 11 40
0 41 3 43
0 44 11 44
0 45 1 50
0 51 1 56
0 57 3 59
2 1 4 4
2 12 2 23
2 28 13 28
2 45 5 47
2 50 4 53
3 5 8 6
3 12 3 23
3 33 14 33
3 48 14 48
3 54 14 54
4 7 15 7
4 13 15 13
4 14 5 19
4 21 15 21
4 23 15 23
4 32 15 32
4 35 6 38
4 41 15 41
4 42 9 43
4 56 9 57
5 1 10 2
5 22 16 22
5 34 16 34
5 49 8 51
6 0 17 0
6 9 17 9
6 10 17 10
6 12 17 12
6 14 7 19
6 29 17 29
6 46 11 47
6 58 17 58
7 36 12 37
7 38 18 38
7 55 18 55
8 14 9 19
8 31 19 31
8 52 19 52
9 26 20 26
9 49 20 49
9 51 20 51
10 16 12 19
10 42 21 42
10 43 21 43
10 45 21 45
10 57 21 57
11 5 22 5
12 4 23 4
12 25 23 25
12 30 23 30
12 40 23 40
12 44 23 44
12 47 23 47
13 6 24 6
13 18 18 19
13 36 24 36
13 37 24 37
14 1 19 2
14 14 17 16
14 20 25 20
14 28 25 28
14 46 25 46
15 33 26 33
15 54 26 54
16 41 27 41
17 24 28 24
17 34 28 34
18 0 29 0
18 7 29 7
18 10 29 10
18 11 21 13
18 15 29 15
18 21 23 22
18 23 29 23
18 35 29 35
18 58 29 58
19 9 30 9
19 17 24 18
19 55 30 55
19 59 30 59
20 2 25 3
20 14 31 14
20 19 31 19
20 39 31 39
20 48 31 48
20 52 31 52
20 53 31 53
21 50 26 51
22 11 33 11
22 42 27 43
23 12 28 13
24 8 35 8
24 25 35 25
24 26 35 26
25 18 36 18
25 21 36 21
25 36 30 37
25 56 36 56
26 1 27 6
26 20 37 20
26 29 31 30
27 16 32 17
27 38 38 38
27 49 30 51
27 54 38 54
28 1 33 2
28 3 33 4
28 5 33 6
28 22 39 22
28 28 39 28
28 32 39 32
28 41 33 42
28 43 39 43
28 57 39 57
29 24 40 24
29 27 40 27
29 47 40 47
30 12 35 13
31 23 42 23
31 33 36 34
31 40 42 40
31 49 34 51
31 55 42 55
31 58 36 59
32 14 43 14
32 48 43 48
33 17 44 17
33 35 36 37
33 52 38 53
34 0 35 5
34 6 39 7
34 9 39 10
34 29 45 29
34 41 45 41
35 16 46 16
36 1 41 2
36 4 47 4
36 11 39 13
36 30 47 30
36 45 47 45
36 49 47 49
37 18 48 18
37 33 48 33
37 34 42 35
37 44 48 44
37 46 48 46
38 15 49 15
38 19 41 21
39 37 42 39
39 52 42 54
40 6 41 11
40 56 42 59
41 24 43 27
42 1 47 2
42 6 44 9
42 19 45 21
43 31 54 31
43 32 54 32
43 34 45 37
43 38 48 39
43 50 45 53
43 54 54 54
43 55 46 57
43 58 54 58
44 10 49 11
44 12 47 14
44 22 45 27
45 6 48 8
45 9 56 9
45 42 56 42
46 0 57 0
46 19 47 24
46 25 51 26
46 27 49 29
46 36 51 37
46 40 51 41
46 47 51 48
46 50 57 50
46 51 57 51
47 3 58 3
47 34 52 35
47 55 58 55
47 57 58 57
48 1 59 1
48 19 50 22
48 24 59 24
48 52 53 53
49 5 54 6
49 16 60 16
49 44 54 45
49 46 60 46
50 4 61 4
50 10 53 12
50 17 61 17
50 28 55 29
51 13 56 14
51 18 56 19
51 20 62 20
51 21 62 21
51 38 56 39
52 25 63 25
52 26 63 26
52 36 57 37
52 40 57 41
52 43 63 43
52 47 63 47
54 10 65 10
54 11 59 12
54 52 59 53
55 5 66 5
55 30 60 31
55 32 66 32
55 34 66 34
55 45 66 45
56 27 67 27
56 56 67 56
57 6 59 9
57 28 62 29
57 35 68 35
57 42 68 42
57 44 68 44
58 13 63 14
58 18 63 19
58 36 59 41
58 50 69 50
58 51 69 51
58 54 69 54
59 2 70 2
59 3 70 3
60 0 71 0
60 1 71 1
60 8 71 8
60 22 63 24
60 37 63 39
60 40 71 40
60 41 71 41
60 53 71 53
60 55 71 55
60 59 71 59
61 15 72 15
61 31 72 31
62 11 73 11
62 17 73 17
62 46 73 46
62 57 67 58
63 7 74 7
63 28 66 30
64 6 75 6
64 18 66 21
64 23 66 26
64 33 75 33
64 36 75 36
64 37 67 39
64 43 75 43
65 9 76 9
65 48 76 48
66 10 77 10
66 12 71 13
66 49 77 49
67 4 72 5
67 19 72 20
67 21 78 21
67 24 72 25
67 28 72 29
67 52 78 52
68 57 79 57
69 14 80 14
69 18 80 18
69 34 80 34
69 37 74 38
70 22 81 22
70 50 81 50
71 2 76 3
71 23 82 23
71 26 82 26
71 47 82 47
71 51 82 51
72 0 77 1
72 32 83 32
72 44 83 44
72 53 74 56
72 59 83 59
73 4 84 4
73 15 84 15
73 25 84 25
73 27 78 28
73 29 78 30
73 39 75 42
74 12 85 12
74 16 79 17
74 35 85 35
75 11 86 11
75 45 80 46
75 53 78 55
76 6 81 7
76 8 87 8
76 19 81 20
76 24 87 24
76 36 79 38
76 43 87 43
77 13 88 13
77 39 88 39
78 0 81 2
78 9 83 10
78 41 89 41
79 27 81 30
79 33 90 33
79 53 84 54
79 56 90 56
80 3 91 3
80 36 83 38
80 57 91 57
81 16 86 17
81 34 92 34
81 45 86 46
82 0 85 2
82 6 87 7
82 14 93 14
82 18 84 21
82 27 84 30
82 52 93 52
83 23 94 23
83 26 94 26
83 47 88 48
83 55 94 55
84 9 95 9
84 32 95 32
84 36 87 38
84 59 95 59
85 18 87 21
85 27 88 29
85 30 90 31
85 51 96 51
85 53 90 54
86 0 89 2
86 22 97 22
86 42 97 42
87 10 90 12
87 35 98 35
87 46 98 46
88 6 99 6
88 7 93 8
88 18 93 19
88 20 93 21
88 37 93 38
88 43 99 43
88 49 99 49
88 58 99 58
89 13 100 13
89 25 100 25
89 27 100 27
89 28 94 29
89 39 100 39
90 0 95 1
90 15 93 17
90 44 101 44
91 2 102 2
91 40 96 41
91 47 96 48
91 53 96 54
92 3 103 3
92 10 103 10
92 11 103 11
92 24 103 24
92 50 103 50
92 56 97 57
93 31 104 31
94 4 105 4
94 7 99 8
94 14 95 19
94 36 105 36
94 52 105 52
95 21 106 21
95 23 106 23
95 29 106 29
95 33 100 34
96 9 107 9
96 14 99 16
96 17 98 20
96 28 107 28
97 0 102 1
97 30 108 30
97 53 100 55
98 22 109 22
98 37 103 38
98 51 109 51
99 17 110 17
99 18 110 18
99 19 104 20
99 40 104 41
99 46 110 46
99 48 110 48
99 59 110 59
100 5 102 8
100 35 111 35
100 49 111 49
101 12 103 15
101 16 112 16
101 25 104 27
101 32 112 32
101 33 112 33
101 42 106 43
101 47 112 47
101 53 106 54
102 34 113 34
102 44 107 45
102 55 107 56
102 57 113 57
103 5 108 6
104 0 106 3
104 13 115 13
104 37 109 38
105 7 116 7
105 24 108 26
106 4 117 4
106 11 117 11
106 12 117 12
106 31 117 31
107 0 110 2
107 19 110 21
107 29 118 29
107 39 109 42
107 53 118 53
108 23 119 23
108 28 119 28
109 5 120 5
109 6 120 6
109 24 114 25
109 44 114 45
110 8 113 10
110 14 121 14
110 26 121 26
110 36 113 38
110 39 121 39
110 50 113 52
111 0 114 2
111 15 122 15
111 17 122 17
111 18 122 18
111 19 122 19
111 20 116 21
111 27 122 27
111 42 116 43
111 48 122 48
111 59 122 59
112 46 123 46
112 49 123 49
112 54 117 55
113 16 124 16
114 8 117 10
114 33 117 35
114 37 125 37
114 41 125 41
114 51 119 52
114 56 117 58
115 1 120 2
115 25 126 25
115 44 120 45
116 0 127 0
116 13 127 13
116 38 127 38
117 20 122 21
117 32 128 32
117 40 128 40
118 7 119 12
118 33 123 34
118 36 129 36
118 54 121 56
119 30 130 30
119 50 130 50
120 7 122 10
120 11 125 12
120 31 131 31
120 52 131 52
121 1 122 6
121 28 126 29
121 43 124 45
121 57 126 58
122 26 133 26
122 53 127 54
122 55 127 56
123 2 134 2
123 3 124 8
123 14 128 15
123 17 124 22
123 39 134 39
124 1 135 1
124 10 135 10
124 42 135 42
124 48 135 48
124 59 135 59
125 3 126 8
125 16 126 21
125 33 128 35
125 44 130 45
125 47 136 47
126 11 131 12
126 23 131 24
126 37 137 37
126 43 137 43
126 46 137 46
127 3 128 8
127 16 132 17
127 19 129 22
127 27 130 29
127 41 138 41
128 0 139 0
128 38 139 38
128 53 130 56
128 57 133 58
129 3 132 5
129 7 134 8
129 13 134 14
129 34 134 35
129 40 140 40
130 9 141 9
130 15 141 15
130 18 132 21
130 25 141 25
131 28 136 29
131 49 134 51
131 53 134 55
132 12 143 12
132 22 143 22
132 27 143 27
132 30 137 31
133 3 136 5
133 17 144 17
133 18 136 20
134 11 145 11
134 16 145 16
134 56 137 58
135 7 140 8
135 13 146 13
135 23 146 23
135 33 137 36
135 44 140 45
135 49 136 54
136 1 147 1
136 2 147 2
136 48 147 48
136 55 147 55
137 3 139 6
137 18 148 18
137 28 148 28
137 29 148 29
137 49 140 51
137 52 140 54
137 59 148 59
138 30 143 31
138 34 149 34
138 35 149 35
138 46 149 46
138 56 143 57
138 58 149 58
139 36 144 37
139 41 142 43
140 14 151 14
140 19 143 21
140 32 145 33
141 0 152 0
141 7 152 7
141 40 152 40
141 44 152 44
141 49 142 54
142 4 147 5
142 8 145 10
142 15 153 15
142 25 147 26
143 6 154 6
143 49 148 50
144 19 155 19
144 20 147 22
144 27 155 27
144 31 155 31
144 56 155 56
145 3 156 3
145 36 147 39
145 41 156 41
145 53 150 54
146 8 148 11
146 51 151 52
147 33 158 33
148 2 159 2
148 4 153 5
148 21 153 22
148 23 151 25
148 38 153 39
148 42 159 42
149 10 160 10
149 28 160 28
149 29 154 30
149 47 151 50
150 1 161 1
150 8 161 8
150 11 155 12
150 16 153 18
150 20 161 20
150 34 152 37
150 46 161 46
150 57 153 59
151 53 162 53
151 55 162 55
152 24 157 25
153 34 164 34
153 45 164 45
153 51 164 51
154 7 165 7
154 13 155 18
154 37 165 37
154 57 157 59
155 4 166 4
155 23 166 23
155 29 166 29
155 49 166 49
155 50 166 50
155 54 166 54
156 5 161 6
156 11 161 12
156 13 158 16
156 17 167 17
156 22 167 22
156 26 161 27
156 30 161 31
156 35 161 36
156 40 167 40
156 47 167 47
158 18 163 19
158 41 169 41
158 56 163 57
158 58 169 58
159 13 170 13
159 14 162 16
159 24 164 25
159 43 170 43
159 59 170 59
160 2 165 3
160 52 171 52
161 33 172 33
161 38 166 39
162 0 167 1
162 5 167 6
162 9 167 10
162 11 173 11
162 20 167 21
162 27 167 28
162 30 167 31
162 36 173 36
162 46 173 46
163 12 174 12
163 14 174 14
163 35 174 35
165 24 168 26
165 45 176 45
165 48 176 48
165 55 168 57
166 15 171 16
167 2 178 2
167 7 172 8
167 23 178 23
167 37 178 37
167 44 178 44
167 49 178 49
167 50 178 50
168 1 179 1
168 3 173 4
168 18 173 19
168 22 179 22
168 27 179 27
168 28 170 31
168 38 171 40
168 47 179 47
169 5 174 6
169 56 174 57
170 41 175 42
171 29 176 30
171 31 176 32
171 53 176 54
171 58 176 59
172 16 177 17
173 7 178 8
173 24 178 25
174 18 177 20
175 4 178 6
175 9 176 14
176 41 179 43
176 55 179 57
177 10 178 15
177 51 179 54
178 16 179 21
179 28 179 39
4 59 15 59
12 56 23 56
49 33 60 33
79 40 90 40
108 54 111 56
137 47 148 47
141 45 152 45
146 32 157 32
153 43 158 44
159 32 170 32
165 51 176 51
172 38 175 40
5 53 16 53
40 43 51 43
73 31 84 31
113 47 124 47
152 47 154 50
36 5 47 5
168 9 173 10
12 8 23 8
102 58 113 58
7 35 17 35
34 42 44 42
36 3 46 3
120 51 130 51
48 2 58 2
135 39 144 39
143 42 147 43
36 25 40 26
36 0 45 0
155 48 164 48
87 15 89 17
176 38 178 40
137 19 139 21
131 44 134 45
140 3 141 6
67 45 74 45
117 42 120 43
146 16 149 17
152 52 159 52
98 56 101 57
143 51 144 54
159 44 166 44
171 28 178 28
103 8 109 8
123 9 129 9
60 52 66 52
118 35 124 35
12 11 17 11
21 49 26 49
60 12 65 12
76 40 77 42
95 26 100 26
50 27 55 27
73 19 75 20
84 44 89 44
144 57 149 57
163 15 165 16
45 17 49 17
68 39 72 39
69 35 73 35
148 43 152 43
2 55 6 55
0 7 3 7
6 45 9 45
30 7 33 7
44 47 45 48
75 56 78 56
60 36 63 36
17 53 19 53
127 25 129 25
