786
0 1 3 3
0 4 3 6
0 8 11 8
0 9 5 10
0 11 11 11
0 12 2 15
0 16 3 18
0 19 2 22
0 23 0 34
0 35 11 35
0 36 11 36
0 37 3 39
0 40 11 40
0 41 3 43
0 44 11 44
0 45 1 50
0 51 3 53
0 54 1 59
1 23 6 24
1 25 12 25
1 26 4 28
1 29 6 30
1 32 4 34
2 45 5 47
2 57 13 57
2 58 7 59
3 13 14 13
3 21 14 21
3 48 14 48
3 54 14 54
4 0 5 5
4 7 15 7
4 14 6 17
4 18 15 18
4 37 15 37
4 38 15 38
4 41 15 41
4 42 9 43
4 50 9 51
5 22 16 22
5 26 8 28
5 31 7 34
6 0 9 2
6 9 17 9
6 10 17 10
6 12 17 12
6 19 17 19
6 46 11 47
7 5 18 5
7 14 10 16
7 24 18 24
7 29 18 29
7 55 18 55
8 31 19 31
8 32 19 32
8 34 19 34
8 52 13 53
8 58 19 58
9 23 20 23
9 26 14 27
9 28 20 28
9 49 20 49
10 0 12 3
10 42 21 42
10 43 21 43
10 45 21 45
10 50 15 51
11 33 22 33
12 4 23 4
12 16 17 17
12 30 23 30
12 36 23 36
12 40 23 40
12 44 23 44
12 47 23 47
13 0 18 1
13 6 24 6
13 25 24 25
14 2 25 2
14 20 25 20
14 46 25 46
14 57 25 57
15 52 18 54
16 37 27 37
16 41 27 41
17 14 22 15
17 50 22 51
18 7 29 7
18 10 29 10
18 11 21 13
18 17 23 18
18 19 29 19
18 21 23 22
18 35 29 35
19 0 30 0
19 1 30 1
19 9 30 9
19 52 24 53
19 54 24 55
19 59 30 59
20 39 31 39
20 48 31 48
21 23 26 24
22 11 33 11
22 42 27 43
23 12 28 13
23 15 28 16
23 28 34 28
23 31 25 34
23 49 26 51
24 3 27 5
24 8 35 8
24 18 35 18
24 26 35 26
24 36 35 36
25 21 36 21
25 25 36 25
25 52 27 55
25 56 36 56
26 20 37 20
26 29 31 30
27 23 32 24
27 38 38 38
27 49 30 51
28 2 31 4
28 5 33 6
28 22 39 22
28 32 39 32
28 41 33 42
28 43 39 43
28 52 31 54
28 57 39 57
29 12 31 15
29 16 34 17
29 27 40 27
29 47 40 47
29 58 40 58
30 19 41 19
30 55 41 55
31 0 36 1
31 33 36 34
31 40 42 40
31 49 34 51
32 12 34 15
32 48 43 48
33 4 44 4
33 52 38 53
34 5 37 7
34 9 39 10
34 29 45 29
34 35 45 35
34 41 45 41
35 2 46 2
35 11 37 14
35 16 46 16
35 23 40 24
35 54 46 54
36 17 41 18
36 30 47 30
36 45 47 45
36 49 47 49
37 0 42 1
37 33 48 33
37 44 48 44
37 46 48 46
38 5 41 7
38 11 43 12
38 13 41 15
38 20 43 21
39 37 42 39
39 52 44 53
40 8 45 9
40 10 51 10
41 22 42 27
41 57 52 57
42 7 53 7
42 13 47 14
42 15 53 15
43 19 54 19
43 23 48 24
43 26 54 26
43 31 54 31
43 32 54 32
43 36 46 38
43 39 54 39
43 58 54 58
44 11 55 11
44 20 55 20
44 21 49 22
44 25 55 25
45 4 56 4
45 42 56 42
45 50 47 53
45 55 56 55
46 0 57 0
46 9 57 9
46 27 49 29
46 40 51 41
46 47 51 48
47 3 58 3
47 34 52 35
47 37 58 37
47 54 58 54
48 1 59 1
48 16 51 18
48 49 53 50
48 51 59 51
48 52 53 53
49 5 54 6
49 23 54 24
49 44 60 44
49 45 54 46
50 21 55 22
50 28 55 29
51 13 56 14
52 10 63 10
52 17 63 17
52 40 57 41
52 43 63 43
52 47 63 47
53 35 58 36
53 56 58 57
54 12 65 12
54 16 65 16
54 52 59 53
55 5 66 5
55 18 60 19
55 30 60 31
55 32 66 32
55 34 66 34
55 45 66 45
55 50 66 50
56 20 59 22
56 23 61 24
56 25 59 27
57 28 62 29
57 42 68 42
57 46 68 46
57 55 68 55
58 13 63 14
58 38 61 40
58 41 69 41
59 2 70 2
59 3 70 3
59 6 64 7
59 8 70 8
59 11 70 11
59 54 70 54
60 0 71 0
60 1 71 1
60 20 63 22
60 35 71 35
60 53 71 53
60 59 71 59
61 15 72 15
61 18 66 19
61 31 72 31
61 44 72 44
62 23 64 26
62 36 64 39
62 40 73 40
62 56 65 58
63 28 68 29
64 9 69 10
64 20 75 20
64 33 75 33
64 43 75 43
65 6 70 7
65 21 70 22
65 25 76 25
65 26 76 26
65 36 76 36
65 37 76 37
65 38 70 39
65 48 76 48
65 51 76 51
66 12 71 13
66 30 77 30
66 49 77 49
66 56 71 57
67 4 72 5
67 50 78 50
67 52 78 52
69 14 80 14
69 16 71 19
69 27 74 28
69 34 80 34
69 45 72 47
69 55 80 55
70 9 81 9
70 23 75 24
70 41 81 41
71 2 76 3
71 7 82 7
71 10 76 11
71 22 82 22
72 0 77 1
72 6 83 6
72 16 75 18
72 32 83 32
72 57 75 59
73 4 78 5
73 15 84 15
73 44 76 46
73 53 78 54
74 12 85 12
74 21 85 21
74 29 85 29
74 35 85 35
75 27 80 28
76 8 87 8
76 16 81 17
76 18 79 20
76 24 87 24
76 43 87 43
77 10 88 10
77 11 88 11
77 13 88 13
77 25 82 26
77 37 88 37
77 39 88 39
77 45 88 45
77 46 80 48
77 51 88 51
78 0 80 3
78 56 80 59
79 33 90 33
79 53 84 54
80 19 91 19
80 30 91 30
81 1 92 1
81 2 92 2
81 3 92 3
81 23 92 23
81 34 92 34
81 38 92 38
81 46 83 49
81 57 92 57
81 59 92 59
82 14 93 14
82 16 87 17
82 41 87 42
82 52 93 52
82 56 93 56
83 9 94 9
83 26 94 26
83 55 94 55
84 4 86 7
84 27 89 28
84 32 95 32
84 46 89 47
85 53 90 54
86 22 97 22
87 35 92 36
88 6 99 6
88 7 93 8
88 20 93 21
88 40 91 42
88 43 99 43
88 49 99 49
88 58 99 58
89 12 94 13
89 17 94 18
89 25 100 25
89 29 100 29
89 39 100 39
89 51 100 51
90 15 101 15
90 28 101 28
90 44 93 46
91 47 96 48
91 53 96 54
92 10 97 11
92 24 103 24
92 40 103 40
92 50 103 50
93 0 95 3
93 23 104 23
93 31 104 31
93 33 96 35
93 36 96 38
93 41 104 41
94 4 105 4
94 7 99 8
94 16 105 16
94 19 97 21
94 44 99 45
94 52 105 52
94 56 99 57
95 9 106 9
95 42 106 42
95 46 106 46
96 0 98 3
96 13 107 13
96 17 107 17
97 18 108 18
97 30 108 30
97 33 108 33
97 34 102 35
97 36 102 37
97 53 100 55
98 10 103 11
98 19 101 21
98 22 109 22
99 1 104 2
99 48 110 48
99 59 110 59
100 5 102 8
100 26 105 27
100 38 111 38
100 44 105 45
100 49 111 49
101 32 112 32
101 47 112 47
101 53 104 55
102 19 105 21
102 28 107 29
102 56 113 56
102 57 113 57
103 5 108 6
103 25 114 25
103 34 105 37
104 51 115 51
105 3 116 3
105 7 116 7
105 54 110 55
106 1 111 2
106 4 117 4
106 11 117 11
106 12 117 12
106 15 111 16
106 20 111 21
106 31 117 31
106 34 111 35
107 39 108 44
107 46 118 46
107 53 118 53
108 0 119 0
108 17 119 17
108 23 119 23
108 28 119 28
108 29 119 29
109 5 120 5
109 6 120 6
109 18 120 18
109 39 110 44
110 8 113 10
110 13 115 14
110 26 121 26
111 19 122 19
111 27 122 27
111 39 122 39
111 42 116 43
111 48 122 48
111 59 122 59
112 1 117 2
112 15 117 16
112 33 123 33
112 34 115 36
112 37 123 37
112 44 117 45
112 49 123 49
112 54 117 55
113 20 116 22
114 8 117 10
114 41 125 41
114 56 117 58
115 25 126 25
116 13 127 13
116 34 119 36
116 38 127 38
116 50 121 51
116 52 127 52
117 20 120 22
117 32 128 32
117 40 128 40
118 7 119 12
118 14 121 16
118 44 123 45
118 54 121 56
119 1 122 3
119 30 130 30
120 7 122 10
120 11 131 11
120 12 131 12
120 31 131 31
120 34 123 36
121 5 132 5
121 17 126 18
121 20 132 20
121 21 132 21
121 28 126 29
121 57 126 58
122 26 133 26
122 46 133 46
122 53 127 54
122 55 127 56
123 2 134 2
123 7 134 7
123 14 128 15
123 19 134 19
123 39 134 39
124 1 135 1
124 10 135 10
124 33 126 36
124 42 135 42
124 44 129 45
124 48 126 51
124 59 135 59
125 37 136 37
125 47 136 47
126 3 131 4
126 23 131 24
126 43 137 43
127 16 132 17
127 27 130 29
127 33 130 35
127 36 138 36
127 41 138 41
127 48 132 49
127 50 132 51
128 0 139 0
128 38 139 38
128 53 130 56
128 57 133 58
129 13 134 14
129 40 140 40
130 9 141 9
130 15 141 15
130 25 141 25
130 44 135 45
131 18 142 18
131 28 136 29
131 34 136 35
131 53 134 55
132 3 143 3
132 12 143 12
132 22 143 22
132 27 143 27
132 30 137 31
133 4 138 5
133 17 144 17
133 20 138 21
133 48 144 48
133 49 135 52
134 11 145 11
134 16 145 16
134 56 137 58
135 7 140 8
135 13 146 13
135 23 146 23
135 33 146 33
135 54 146 54
136 1 147 1
136 2 147 2
136 45 141 46
136 49 139 51
136 55 147 55
137 28 142 29
137 34 142 35
137 44 148 44
137 59 148 59
138 30 143 31
138 56 141 58
139 36 144 37
139 41 142 43
140 14 151 14
140 19 145 20
140 21 151 21
140 50 151 50
141 0 152 0
141 7 152 7
141 40 152 40
142 4 147 5
142 8 147 9
142 15 153 15
142 25 147 26
142 46 153 46
142 56 153 56
143 6 154 6
143 18 154 18
143 28 148 29
143 32 154 32
143 34 154 34
143 35 154 35
144 22 155 22
144 27 155 27
144 31 155 31
145 3 156 3
145 36 147 39
145 41 156 41
146 10 149 12
146 51 151 52
147 33 158 33
147 47 150 49
147 53 158 53
147 57 152 58
148 2 159 2
148 4 153 5
148 8 159 8
148 9 159 9
148 23 151 25
148 38 153 39
148 42 159 42
149 28 160 28
149 29 154 30
149 44 154 45
150 1 161 1
150 10 155 11
150 20 161 20
151 55 162 55
152 19 163 19
152 24 157 25
152 37 163 37
153 51 164 51
153 57 158 58
154 7 165 7
154 14 159 15
155 4 166 4
155 23 166 23
155 29 166 29
155 34 158 36
155 43 157 46
155 49 166 49
155 50 166 50
155 54 166 54
156 5 161 6
156 10 159 12
156 17 167 17
156 22 167 22
156 26 161 27
156 30 161 31
156 40 167 40
156 47 167 47
158 13 169 13
158 16 169 16
158 41 169 41
159 24 164 25
159 32 162 34
159 35 170 35
159 43 170 43
159 44 164 45
159 46 170 46
159 52 164 53
159 56 162 58
159 59 170 59
160 2 165 3
160 8 162 11
160 12 171 12
160 14 171 14
161 38 166 39
162 0 167 1
162 5 167 6
162 20 167 21
162 27 167 28
162 30 167 31
162 36 173 36
163 8 165 11
163 33 174 33
163 56 168 57
164 58 175 58
165 24 170 25
165 45 176 45
165 48 176 48
165 51 170 52
166 8 168 11
167 2 178 2
167 23 178 23
167 37 178 37
167 44 178 44
167 49 178 49
167 50 178 50
168 1 179 1
168 3 171 5
168 18 173 19
168 22 179 22
168 27 170 30
168 31 173 32
168 38 171 40
168 47 179 47
168 55 179 55
169 6 171 9
169 56 174 57
170 41 175 42
171 15 176 16
171 26 173 29
171 51 173 54
172 3 174 6
172 7 173 12
173 24 178 25
174 7 179 8
174 9 175 14
174 18 177 20
174 26 175 31
174 34 177 36
174 51 177 53
175 4 178 6
176 10 178 13
176 27 179 29
176 30 179 32
176 41 179 43
176 57 179 59
177 14 179 17
3 56 14 56
42 17 47 18
49 33 60 33
74 31 85 31
123 8 128 9
135 53 146 53
146 16 157 16
151 47 154 49
172 38 175 40
32 3 43 3
40 43 51 43
42 5 47 6
74 40 85 40
77 44 88 44
113 47 124 47
176 38 179 40
117 42 122 43
12 8 23 8
71 38 76 39
102 58 113 58
140 51 145 52
47 2 58 2
143 43 154 43
28 37 38 37
34 42 44 42
47 38 57 38
8 59 18 59
145 17 155 17
160 15 170 15
35 50 44 50
60 51 64 52
135 39 144 39
137 47 146 47
149 59 158 59
57 4 66 4
106 52 115 52
15 56 24 56
95 26 99 27
142 57 146 58
155 48 164 48
139 4 141 6
4 52 7 53
76 56 77 59
178 18 179 21
67 16 68 19
80 20 87 20
106 26 109 27
146 19 149 20
37 25 40 26
2 49 8 49
86 31 92 31
103 8 109 8
142 45 148 45
152 52 158 52
12 11 17 11
12 35 17 35
47 36 52 36
59 36 61 37
60 25 61 27
83 25 88 25
93 59 98 59
129 8 134 8
148 54 150 55
169 10 171 11
174 54 179 54
43 0 45 1
50 27 55 27
100 56 101 58
135 19 139 19
2 55 6 55
0 7 3 7
6 45 9 45
30 7 33 7
44 47 45 48
72 19 75 19
77 38 80 38
127 18 130 18
136 52 139 52
155 32 158 32
158 43 158 46
3 12 5 12
122 14 122 16
127 25 129 25
