789
0 1 2 4
0 6 11 6
0 8 11 8
0 9 5 10
0 11 11 11
0 12 1 17
0 18 2 21
0 22 2 25
0 26 5 27
0 28 1 33
0 34 2 37
0 38 5 39
0 40 11 40
0 41 3 43
0 44 11 44
0 45 1 50
0 51 1 56
0 57 3 59
2 12 4 15
2 28 13 28
2 45 5 47
2 50 5 52
3 1 5 4
3 16 4 21
3 22 6 24
3 31 4 36
3 37 14 37
3 48 14 48
3 54 14 54
4 7 15 7
4 41 15 41
4 42 9 43
4 56 9 57
5 5 16 5
5 12 6 17
5 18 16 18
5 21 16 21
5 31 6 36
6 0 17 0
6 1 11 2
6 9 17 9
6 10 17 10
6 19 17 19
6 25 9 27
6 29 17 29
6 38 17 38
6 46 11 47
6 49 8 52
6 58 17 58
7 12 18 12
7 14 10 16
7 22 10 24
7 32 10 34
7 55 18 55
8 31 19 31
8 35 13 36
9 13 20 13
9 49 14 50
9 51 20 51
9 52 20 52
10 25 13 27
10 42 21 42
10 43 21 43
10 45 21 45
10 57 21 57
11 22 16 23
11 32 14 34
12 4 23 4
12 16 17 17
12 30 23 30
12 40 23 40
12 44 23 44
12 47 23 47
13 6 24 6
14 1 19 2
14 20 25 20
14 28 25 28
14 36 25 36
14 46 25 46
15 25 26 25
15 32 20 33
15 34 26 34
15 54 26 54
16 37 27 37
16 41 27 41
17 14 22 15
17 24 28 24
17 49 22 50
18 0 29 0
18 7 29 7
18 10 29 10
18 17 23 18
18 19 29 19
18 21 23 22
18 23 29 23
18 35 29 35
18 58 29 58
19 9 30 9
19 11 30 11
19 55 30 55
19 59 30 59
20 2 25 3
20 39 31 39
20 48 31 48
20 53 31 53
21 12 26 13
21 52 32 52
22 42 27 43
23 15 28 16
23 49 26 51
24 8 35 8
24 18 35 18
24 26 35 26
25 21 36 21
25 33 36 33
25 56 36 56
26 1 27 6
26 20 37 20
26 29 31 30
26 36 37 36
27 12 30 14
27 38 38 38
27 49 30 51
27 54 38 54
28 1 33 2
28 3 39 3
28 5 33 6
28 22 39 22
28 28 39 28
28 32 39 32
28 41 33 42
28 43 39 43
28 57 39 57
29 16 34 17
29 24 40 24
29 27 40 27
29 47 40 47
30 19 41 19
31 9 34 11
31 12 33 15
31 23 42 23
31 40 42 40
31 49 34 51
31 55 42 55
31 58 36 59
32 48 43 48
33 4 44 4
33 52 38 53
34 5 37 7
34 12 36 15
34 29 45 29
34 34 39 35
34 41 45 41
35 1 46 1
35 2 46 2
35 10 40 11
35 16 46 16
36 17 41 18
36 30 47 30
36 45 47 45
36 49 39 51
37 8 42 9
37 12 40 14
37 33 48 33
37 44 48 44
37 46 48 46
38 5 41 7
38 15 49 15
38 20 43 21
39 37 42 39
39 52 42 54
40 34 43 36
40 49 51 49
40 56 42 59
41 10 52 10
41 12 44 14
41 24 43 27
42 7 53 7
43 19 54 19
43 31 54 31
43 32 54 32
43 38 48 39
43 50 45 53
43 54 54 54
43 55 46 57
43 58 54 58
44 11 55 11
44 20 46 23
44 24 46 27
45 4 56 4
45 9 56 9
45 13 56 13
45 35 48 37
45 42 56 42
46 0 57 0
46 28 51 29
46 40 51 41
46 47 51 48
46 50 57 50
46 51 51 52
47 3 58 3
47 20 48 25
47 26 58 26
47 55 58 55
47 57 58 57
48 1 59 1
48 16 51 18
49 5 54 6
49 20 51 23
49 24 54 25
49 33 54 34
49 35 60 35
49 36 51 39
49 44 60 44
49 45 54 46
52 15 54 18
52 20 55 22
52 28 55 30
52 36 57 37
52 40 57 41
52 43 63 43
52 47 63 47
52 51 63 51
54 10 65 10
54 12 65 12
54 52 59 53
55 5 66 5
55 16 60 17
55 18 60 19
55 24 60 25
55 31 66 31
55 32 66 32
55 34 66 34
55 45 66 45
56 20 59 22
56 27 58 30
56 56 67 56
57 6 59 9
57 42 68 42
57 46 68 46
58 13 63 14
58 36 59 41
58 50 69 50
58 54 69 54
59 2 70 2
59 3 70 3
59 11 70 11
59 26 62 28
59 29 64 30
60 0 71 0
60 1 71 1
60 8 71 8
60 20 63 22
60 37 63 39
60 40 71 40
60 41 71 41
60 53 71 53
60 55 71 55
60 59 71 59
61 15 72 15
61 16 64 18
61 19 72 19
61 24 66 25
61 44 72 44
62 57 67 58
63 7 74 7
63 26 68 27
63 35 68 36
64 6 75 6
64 20 75 20
64 33 75 33
64 37 69 38
64 43 75 43
65 9 76 9
65 16 68 18
65 21 76 21
65 28 68 30
65 48 76 48
65 51 76 51
66 10 77 10
66 12 71 13
66 49 77 49
67 4 72 5
67 24 72 25
67 52 78 52
68 57 79 57
69 14 80 14
69 16 72 18
69 27 71 30
69 34 80 34
69 36 80 36
69 45 72 47
70 22 81 22
70 31 75 32
70 50 81 50
71 2 76 3
71 23 82 23
71 26 82 26
71 37 76 38
72 0 77 1
72 27 74 30
72 53 74 56
72 59 83 59
73 4 78 5
73 15 78 16
73 17 78 18
73 25 84 25
73 39 75 42
73 44 76 46
74 12 85 12
74 35 85 35
75 11 86 11
75 27 80 28
75 29 80 30
75 53 78 55
76 6 79 8
76 19 81 20
76 24 87 24
76 31 81 32
76 43 87 43
77 13 88 13
77 37 88 37
77 39 88 39
77 45 80 47
77 51 88 51
78 0 81 2
78 9 83 10
78 41 89 41
79 15 81 18
79 33 90 33
79 53 82 55
79 56 90 56
80 3 91 3
80 5 85 6
80 57 91 57
81 28 86 29
81 30 92 30
81 34 92 34
81 38 92 38
81 44 82 49
82 0 85 2
82 14 93 14
82 15 83 20
82 52 93 52
83 7 88 8
83 21 94 21
83 23 94 23
83 26 94 26
83 44 86 46
83 47 88 48
83 53 94 53
83 54 94 54
83 55 94 55
84 9 95 9
84 15 85 20
84 32 95 32
84 59 95 59
86 0 89 2
86 6 97 6
86 15 91 16
86 17 89 19
86 22 97 22
86 42 97 42
87 10 90 12
87 35 92 36
87 46 98 46
88 27 93 28
88 43 91 45
88 49 99 49
88 58 99 58
89 13 100 13
89 25 100 25
89 29 100 29
89 39 100 39
89 51 100 51
90 0 93 2
90 17 95 18
91 7 96 8
91 19 96 20
91 40 96 41
91 47 96 48
92 3 103 3
92 10 103 10
92 11 103 11
92 15 103 15
92 24 103 24
92 44 103 44
92 50 103 50
92 56 97 57
93 31 104 31
93 33 96 35
93 36 96 38
94 0 97 2
94 4 105 4
94 16 105 16
94 27 99 28
94 52 105 52
95 21 106 21
95 23 106 23
95 53 106 53
96 9 107 9
96 17 107 17
96 54 101 55
97 7 102 8
97 18 102 19
97 30 108 30
97 33 108 33
97 34 102 35
97 36 108 36
98 0 101 2
98 5 103 6
98 20 109 20
98 22 109 22
98 37 103 38
98 40 100 43
99 46 110 46
99 48 110 48
99 59 110 59
100 26 105 27
100 49 111 49
101 12 104 14
101 28 106 29
101 32 112 32
101 40 104 42
101 47 112 47
102 2 113 2
102 54 104 57
103 19 114 19
103 25 114 25
103 35 114 35
104 1 115 1
104 37 109 38
104 44 109 45
104 51 115 51
105 3 116 3
105 5 116 5
105 6 116 6
105 7 116 7
105 40 107 43
105 54 110 55
105 56 116 56
106 4 117 4
106 11 117 11
106 12 117 12
106 13 108 16
106 31 117 31
107 21 118 21
107 28 118 28
107 29 118 29
107 53 118 53
108 0 119 0
108 17 119 17
108 18 119 18
108 23 119 23
108 39 119 39
108 40 110 43
109 14 112 16
109 57 114 58
110 8 113 10
110 26 121 26
110 36 113 38
111 27 122 27
111 33 116 34
111 42 116 43
111 44 114 46
111 48 122 48
111 59 122 59
112 49 123 49
112 54 117 55
113 13 115 16
114 8 117 10
114 37 125 37
114 41 125 41
115 19 126 19
115 25 126 25
115 44 120 45
115 46 126 46
115 57 126 57
116 1 127 1
116 13 127 13
116 14 121 15
116 38 127 38
116 50 121 51
116 52 127 52
116 58 127 58
117 5 128 5
117 6 128 6
117 32 128 32
117 33 122 34
117 35 122 36
117 40 128 40
118 7 119 12
118 20 129 20
118 54 121 56
119 30 130 30
120 2 131 2
120 7 122 10
120 11 125 12
120 16 125 17
120 21 131 21
120 31 131 31
121 28 126 29
121 43 124 45
122 3 133 3
122 26 133 26
122 53 127 54
122 55 127 56
123 7 134 7
123 14 128 15
123 33 128 34
123 36 134 36
123 39 134 39
124 10 135 10
124 42 135 42
124 48 126 51
124 59 135 59
125 44 130 45
125 47 136 47
126 4 137 4
126 11 137 11
126 23 131 24
126 37 137 37
126 43 137 43
127 16 138 16
127 19 138 19
127 27 130 29
127 41 138 41
127 46 138 46
127 48 132 49
127 50 132 51
128 0 139 0
128 1 139 1
128 12 133 13
128 38 139 38
128 53 130 56
128 57 133 58
129 5 140 5
129 14 140 14
129 34 134 35
129 40 140 40
130 9 141 9
130 15 141 15
130 20 141 20
130 25 141 25
131 18 142 18
131 28 136 29
131 53 134 55
132 21 143 21
132 22 143 22
132 27 143 27
132 30 135 32
133 2 144 2
133 17 144 17
133 48 144 48
133 49 136 51
134 12 139 13
134 56 137 58
135 7 140 8
135 23 146 23
135 33 137 36
135 44 140 45
135 52 140 53
135 54 146 54
136 55 147 55
137 28 148 28
137 29 148 29
137 30 142 31
137 49 140 51
137 59 148 59
138 10 143 11
138 34 141 36
138 56 141 58
139 16 150 16
139 41 142 43
140 13 151 13
140 19 151 19
140 32 145 33
140 37 143 39
141 0 152 0
141 7 146 8
141 14 152 14
141 40 152 40
141 44 152 44
141 50 143 53
142 4 147 5
142 9 153 9
142 15 153 15
142 25 147 26
142 34 153 34
142 35 153 35
142 46 153 46
142 56 153 56
143 6 154 6
143 18 154 18
143 31 154 31
144 1 155 1
144 10 147 12
144 20 147 22
144 27 155 27
144 36 147 38
144 49 149 50
145 3 156 3
145 41 156 41
146 51 151 52
147 8 158 8
147 33 158 33
147 39 158 39
147 53 158 53
147 57 152 58
148 2 159 2
148 4 153 5
148 21 153 22
148 23 151 25
148 42 159 42
149 10 160 10
149 28 160 28
149 29 154 30
150 11 155 12
150 20 161 20
150 47 152 50
151 55 162 55
152 19 163 19
152 24 157 25
152 37 163 37
153 45 164 45
153 51 164 51
153 57 156 59
154 7 165 7
154 14 159 15
154 34 159 35
155 4 166 4
155 23 166 23
155 29 166 29
155 30 160 31
155 49 166 49
155 50 166 50
155 54 166 54
156 1 167 1
156 5 161 6
156 11 161 12
156 17 167 17
156 22 167 22
156 26 161 27
156 40 167 40
156 47 167 47
157 36 168 36
157 56 160 58
158 13 169 13
158 16 169 16
158 41 169 41
159 8 170 8
159 24 164 25
159 43 170 43
159 46 170 46
159 52 164 53
159 59 170 59
160 2 165 3
160 14 171 14
160 34 171 34
160 35 171 35
161 30 164 32
161 33 172 33
161 38 166 39
161 58 172 58
162 5 167 6
162 9 164 12
162 20 167 21
162 27 167 28
162 57 173 57
165 9 167 12
165 24 168 26
165 30 170 31
165 45 176 45
165 48 176 48
165 51 170 52
165 56 176 56
167 2 172 3
167 23 178 23
167 37 178 37
167 44 178 44
167 49 178 49
167 50 178 50
168 1 179 1
168 18 173 19
168 22 179 22
168 27 179 27
168 38 171 40
168 47 179 47
168 55 179 55
169 4 172 6
169 10 172 12
170 41 175 42
171 15 176 16
171 29 173 32
171 51 173 54
172 8 177 9
172 34 175 36
173 2 174 7
173 11 175 14
173 24 178 25
173 58 178 59
174 18 177 20
174 28 175 33
174 51 177 53
175 2 176 7
176 10 178 13
176 28 177 33
176 41 179 43
177 2 178 7
177 14 179 17
179 28 179 39
2 53 13 53
4 59 15 59
12 56 23 56
27 25 38 25
30 0 41 0
42 17 47 18
52 38 57 39
79 40 90 40
123 8 128 9
137 47 148 47
141 45 152 45
146 32 157 32
153 43 158 44
172 38 175 40
40 43 51 43
42 5 47 6
113 47 124 47
12 8 23 8
153 48 164 48
47 2 58 2
134 3 144 3
28 37 38 37
34 42 44 42
120 18 130 18
82 31 92 31
145 17 155 17
160 15 170 15
57 4 66 4
106 52 115 52
143 42 147 43
142 57 146 58
17 5 25 5
64 39 72 39
55 33 63 33
176 38 178 40
47 27 55 27
100 58 108 58
131 44 134 45
178 18 179 21
106 26 109 27
110 20 117 20
117 42 120 43
98 56 101 57
159 44 166 44
103 8 109 8
126 17 132 17
152 52 158 52
12 11 18 11
40 3 46 3
60 52 66 52
67 31 69 32
76 40 77 42
123 35 128 35
129 8 134 8
148 54 150 55
174 54 179 54
14 53 19 53
168 28 173 28
144 51 145 53
44 34 48 34
69 35 73 35
95 26 99 26
148 43 152 43
2 55 6 55
0 7 3 7
6 45 9 45
30 7 33 7
39 25 40 26
42 0 45 0
44 47 45 48
61 35 62 36
75 56 78 56
77 38 80 38
138 4 141 4
154 46 155 47
73 19 75 19
127 25 129 25
144 39 146 39
