775
0 1 3 3
0 4 11 4
0 6 11 6
0 8 11 8
0 9 11 9
0 11 11 11
0 12 2 15
0 16 3 18
0 19 1 24
0 25 11 25
0 26 5 27
0 28 1 33
0 34 2 37
0 38 11 38
0 39 5 40
0 41 3 43
0 44 11 44
0 45 1 50
0 51 3 53
0 54 1 59
1 10 12 10
2 19 13 19
2 21 13 21
2 22 5 24
2 28 13 28
2 45 5 47
2 57 13 57
2 58 7 59
3 13 14 13
3 31 4 36
3 37 14 37
3 48 14 48
3 54 14 54
4 1 9 2
4 7 15 7
4 14 6 17
4 18 15 18
4 41 15 41
4 42 9 43
4 50 9 51
5 5 16 5
5 31 6 36
6 0 17 0
6 12 17 12
6 22 17 22
6 24 17 24
6 29 17 29
6 46 11 47
7 14 10 16
7 32 18 32
7 33 12 34
7 55 18 55
8 31 19 31
8 35 13 36
8 52 19 52
8 58 19 58
9 23 20 23
9 26 14 27
9 49 20 49
10 42 21 42
10 43 21 43
10 45 21 45
10 50 15 51
11 40 22 40
12 4 23 4
12 9 23 9
12 16 17 17
12 25 23 25
12 30 23 30
12 44 23 44
12 47 23 47
13 6 24 6
13 33 24 33
13 34 24 34
14 1 19 2
14 19 19 20
14 28 25 28
14 36 25 36
14 46 25 46
14 57 25 57
15 54 26 54
16 37 27 37
16 41 27 41
17 10 28 10
17 14 22 15
17 50 22 51
18 0 29 0
18 7 29 7
18 11 21 13
18 17 23 18
18 21 23 22
18 35 29 35
19 55 30 55
19 59 30 59
20 2 25 3
20 19 31 19
20 39 31 39
20 48 31 48
20 52 25 53
21 23 26 24
22 11 33 11
22 42 27 43
23 12 28 13
23 15 28 16
23 49 26 51
24 8 35 8
24 9 35 9
24 18 35 18
24 20 29 21
24 25 29 26
25 33 36 33
25 56 36 56
26 1 27 6
26 29 31 30
26 36 37 36
26 52 31 53
27 23 32 24
27 38 38 38
27 49 30 51
27 54 38 54
28 1 33 2
28 3 33 4
28 5 33 6
28 22 39 22
28 28 39 28
28 32 39 32
28 41 33 42
28 43 39 43
28 57 39 57
29 12 31 15
29 16 34 17
29 27 40 27
29 47 40 47
29 58 40 58
30 20 41 20
30 21 41 21
30 25 35 26
31 40 42 40
31 49 34 51
31 55 42 55
32 12 34 15
32 48 43 48
33 52 38 53
34 0 35 5
34 6 39 7
34 29 45 29
34 34 39 35
34 41 39 42
35 10 36 15
35 16 46 16
35 23 40 24
36 1 41 2
36 4 47 4
36 17 41 18
36 30 47 30
36 45 47 45
36 49 47 49
37 8 42 9
37 10 39 13
37 14 42 15
37 33 48 33
37 44 48 44
37 46 48 46
39 37 42 39
39 52 44 53
40 7 51 7
40 10 51 10
40 34 43 36
40 41 43 43
41 22 42 27
41 54 52 54
41 57 52 57
42 1 47 2
42 17 44 20
43 13 48 14
43 15 54 15
43 21 48 22
43 23 48 24
43 26 54 26
43 31 54 31
43 32 54 32
43 38 48 39
43 58 54 58
44 11 55 11
44 25 55 25
44 40 47 42
45 9 56 9
45 17 47 20
45 35 48 37
45 50 47 53
45 55 56 55
46 0 57 0
46 27 49 29
46 47 51 48
47 3 58 3
48 1 59 1
48 16 51 18
48 19 53 20
48 40 53 41
48 49 53 50
48 51 59 51
48 52 53 53
49 5 54 6
49 21 54 22
49 23 54 24
49 33 52 35
49 36 51 39
49 42 54 43
49 44 54 45
49 46 60 46
50 4 61 4
50 28 55 29
51 13 56 14
52 10 63 10
52 17 63 17
52 36 57 37
52 47 63 47
53 56 58 57
54 12 65 12
54 16 65 16
54 40 59 41
54 52 59 53
55 5 66 5
55 18 60 19
55 20 60 21
55 30 60 31
55 32 66 32
55 34 66 34
55 43 58 45
55 50 66 50
56 23 61 24
56 25 59 27
56 42 67 42
57 6 59 9
57 28 62 29
57 35 68 35
57 54 62 55
58 13 63 14
58 38 63 39
59 2 70 2
59 3 70 3
59 11 70 11
59 43 70 43
59 44 70 44
59 45 70 45
60 0 71 0
60 1 71 1
60 8 71 8
60 40 71 40
60 41 71 41
60 53 71 53
60 59 71 59
61 15 72 15
61 18 66 19
61 21 66 22
61 31 72 31
62 23 64 26
62 37 73 37
62 46 73 46
62 56 65 58
63 7 74 7
63 28 68 29
63 54 74 54
63 55 74 55
64 6 75 6
64 9 69 10
64 20 75 20
64 33 75 33
64 36 75 36
65 25 76 25
65 26 76 26
65 38 70 39
65 48 76 48
65 51 76 51
66 12 71 13
66 30 77 30
66 49 77 49
66 56 71 57
67 4 72 5
67 21 78 21
67 50 78 50
67 52 78 52
69 14 80 14
69 16 71 19
69 27 74 28
69 34 80 34
70 9 75 10
70 22 81 22
70 23 75 24
71 2 76 3
71 43 82 43
71 47 82 47
72 0 77 1
72 16 75 18
72 32 83 32
72 44 83 44
72 57 75 59
73 4 78 5
73 15 84 15
73 39 75 42
74 12 85 12
74 29 85 29
74 35 85 35
75 11 86 11
75 27 80 28
75 45 80 46
75 53 78 55
76 6 81 7
76 8 79 10
76 16 81 17
76 18 79 20
76 24 87 24
76 36 78 39
77 13 88 13
77 25 82 26
77 51 88 51
78 0 81 2
78 41 89 41
78 56 80 59
79 33 90 33
79 53 84 54
80 3 91 3
80 19 91 19
80 30 91 30
80 36 85 37
80 39 91 39
81 9 92 9
81 23 92 23
81 34 92 34
81 38 92 38
81 45 86 46
81 57 92 57
81 59 92 59
82 0 85 2
82 6 87 7
82 14 93 14
82 16 87 17
82 52 93 52
82 56 93 56
83 21 94 21
83 26 94 26
83 47 88 48
83 55 94 55
84 27 89 28
84 32 95 32
84 42 87 44
85 53 90 54
86 0 91 1
86 22 97 22
87 10 90 12
87 35 98 35
87 46 98 46
88 2 99 2
88 6 99 6
88 7 93 8
88 42 90 45
88 49 99 49
88 58 99 58
89 13 100 13
89 17 94 18
89 25 100 25
89 29 100 29
89 51 100 51
90 15 101 15
90 28 101 28
91 40 96 41
91 44 102 44
91 47 96 48
91 53 96 54
92 3 103 3
92 10 97 11
92 19 97 20
92 24 103 24
92 50 103 50
93 0 98 1
93 23 104 23
93 31 104 31
93 36 95 39
93 42 98 43
94 4 105 4
94 7 97 9
94 16 105 16
94 52 105 52
94 56 99 57
95 21 106 21
95 33 100 34
96 17 107 17
96 36 107 36
97 18 108 18
97 30 108 30
97 39 102 40
97 53 100 55
98 7 103 8
98 9 100 12
98 19 103 20
98 22 109 22
98 37 103 38
99 41 102 43
99 46 110 46
99 48 110 48
99 59 110 59
100 2 111 2
100 26 105 27
100 35 111 35
100 49 111 49
101 5 106 6
101 9 103 12
101 13 106 14
101 32 104 34
101 47 112 47
101 53 104 55
102 28 107 29
102 56 113 56
102 57 113 57
103 25 114 25
103 39 104 44
104 1 115 1
104 7 105 12
104 20 115 20
104 37 109 38
104 51 115 51
105 3 116 3
105 32 108 34
105 40 106 45
105 54 110 55
106 4 117 4
106 7 117 7
106 8 111 9
106 11 117 11
106 12 117 12
106 15 111 16
106 31 117 31
107 5 112 6
107 21 118 21
107 39 109 42
107 43 110 45
107 53 118 53
108 0 119 0
108 17 119 17
108 23 119 23
108 28 119 28
108 29 119 29
109 18 120 18
109 32 114 33
110 13 115 14
110 26 121 26
110 36 113 38
110 39 121 39
111 19 122 19
111 27 122 27
111 42 116 43
111 44 114 46
111 48 122 48
111 59 122 59
112 8 115 10
112 15 117 16
112 49 123 49
112 54 117 55
113 5 124 5
113 6 124 6
114 34 117 36
114 37 125 37
114 41 125 41
114 56 117 58
115 25 126 25
115 44 117 47
116 1 127 1
116 8 119 10
116 13 127 13
116 38 127 38
116 50 121 51
116 52 127 52
117 32 128 32
117 33 128 33
117 40 128 40
118 12 129 12
118 14 121 16
118 20 129 20
118 34 121 36
118 44 123 45
118 54 121 56
119 11 130 11
119 30 130 30
120 2 131 2
120 7 122 10
120 21 131 21
120 31 131 31
121 17 126 18
121 28 126 29
121 57 126 58
122 3 133 3
122 26 133 26
122 36 133 36
122 46 133 46
122 53 127 54
122 55 127 56
123 7 134 7
123 14 128 15
123 19 134 19
123 39 134 39
124 10 135 10
124 42 135 42
124 44 129 45
124 48 135 48
124 50 129 51
124 59 135 59
125 4 128 6
125 34 130 35
125 47 136 47
126 23 131 24
126 37 137 37
126 43 137 43
127 16 132 17
127 27 130 29
127 41 138 41
128 0 133 1
128 38 139 38
128 53 130 56
128 57 133 58
129 4 134 5
129 13 134 14
129 40 140 40
130 9 141 9
130 12 141 12
130 15 141 15
130 20 141 20
130 25 141 25
130 44 135 45
130 49 135 50
130 51 135 52
131 18 142 18
131 28 136 29
131 34 136 35
131 53 134 55
132 21 143 21
132 22 143 22
132 27 143 27
132 30 137 31
133 2 144 2
133 17 144 17
134 0 139 1
134 11 145 11
134 16 145 16
134 56 139 57
135 3 140 4
135 7 140 8
135 13 146 13
135 23 146 23
135 33 146 33
135 54 146 54
135 58 146 58
136 45 141 46
136 48 138 51
136 55 147 55
137 28 142 29
137 34 142 35
137 44 148 44
137 59 148 59
138 30 143 31
139 36 144 37
139 41 142 43
139 47 142 49
139 50 144 51
140 14 151 14
140 19 151 19
141 0 146 1
141 7 152 7
141 40 152 40
141 56 152 56
142 4 147 5
142 8 145 10
142 15 153 15
142 25 147 26
142 46 153 46
143 6 154 6
143 18 154 18
143 28 148 29
143 32 154 32
143 34 148 35
143 47 146 49
144 20 147 22
144 27 155 27
144 31 155 31
145 3 156 3
145 36 147 39
145 41 156 41
146 8 148 11
146 50 151 51
146 52 151 53
147 33 158 33
147 47 150 49
147 57 152 58
148 2 159 2
148 4 153 5
148 21 151 23
148 24 151 26
148 38 153 39
148 42 159 42
149 10 160 10
149 28 160 28
149 29 154 30
149 34 151 37
149 44 154 45
150 1 161 1
150 8 161 8
150 11 155 12
150 20 161 20
151 55 162 55
152 19 163 19
152 24 157 25
152 34 163 34
152 37 163 37
152 49 153 54
153 56 158 57
153 58 164 58
154 7 165 7
154 14 159 15
154 51 165 51
155 4 166 4
155 23 166 23
155 29 166 29
155 43 157 46
155 49 160 50
155 53 160 54
156 5 161 6
156 11 161 12
156 17 167 17
156 22 167 22
156 26 161 27
156 30 161 31
156 35 161 36
156 40 167 40
156 47 167 47
158 13 169 13
158 16 169 16
158 41 169 41
159 24 164 25
159 43 170 43
159 44 164 45
159 46 170 46
159 59 170 59
160 2 165 3
160 14 171 14
160 52 171 52
161 33 172 33
161 38 166 39
161 48 166 49
161 54 172 54
162 0 167 1
162 5 167 6
162 9 173 9
162 11 173 11
162 20 167 21
162 27 167 28
162 30 167 31
162 36 173 36
162 57 173 57
163 12 174 12
163 35 174 35
163 50 174 50
165 24 170 25
165 45 176 45
165 56 176 56
165 58 176 58
167 2 178 2
167 7 172 8
167 23 178 23
167 37 178 37
167 44 178 44
167 48 172 49
168 1 179 1
168 3 171 5
168 18 173 19
168 22 179 22
168 27 170 30
168 31 173 32
168 38 171 40
168 47 179 47
168 55 179 55
170 41 175 42
171 15 176 16
171 26 173 29
172 3 174 6
172 52 177 53
173 7 178 8
173 24 178 25
173 48 178 49
174 18 177 20
174 26 175 31
174 32 179 33
175 4 178 6
175 9 176 14
176 27 179 29
176 41 179 43
177 10 178 15
177 56 179 59
178 16 179 21
3 56 14 56
4 53 15 53
41 5 46 6
52 38 57 39
74 31 85 31
79 40 90 40
123 8 128 9
136 52 141 53
146 16 157 16
166 51 177 51
172 38 175 40
80 20 91 20
156 32 167 32
176 38 179 40
117 42 122 43
161 10 172 10
12 8 23 8
102 58 113 58
143 43 154 43
28 37 38 37
53 33 63 33
8 59 18 59
36 3 46 3
145 17 155 17
160 15 170 15
48 2 58 2
35 50 44 50
60 51 64 52
135 39 144 39
149 59 158 59
106 52 115 52
15 56 24 56
36 25 40 26
95 26 99 27
36 0 45 0
151 47 155 48
17 5 25 5
13 10 16 11
76 56 77 59
118 46 121 47
58 36 61 37
67 16 68 19
106 26 109 27
142 52 145 53
2 49 8 49
86 31 92 31
142 45 148 45
173 54 179 54
140 57 146 57
60 25 61 27
76 40 77 42
83 25 88 25
93 59 98 59
122 34 124 35
129 8 134 8
148 54 150 55
154 52 159 52
50 27 55 27
100 56 101 58
44 34 48 34
69 35 73 35
135 19 139 19
156 48 160 48
2 55 6 55
0 7 3 7
6 45 9 45
30 7 33 7
44 47 45 48
71 38 72 39
71 45 74 45
72 19 75 19
127 18 130 18
141 3 144 3
158 43 158 46
16 53 19 53
3 12 5 12
122 14 122 16
127 25 129 25
