779
0 1 1 6
0 8 11 8
0 9 5 10
0 11 11 11
0 12 1 17
0 18 2 21
0 22 2 25
0 26 5 27
0 28 1 33
0 34 2 37
0 38 5 39
0 40 11 40
0 41 3 43
0 44 11 44
0 45 1 50
0 51 1 56
0 57 3 59
2 1 3 6
2 12 4 15
2 28 13 28
2 45 5 47
2 50 5 52
3 16 14 16
3 17 6 19
3 20 4 25
3 31 4 36
3 37 14 37
3 48 14 48
3 54 14 54
4 0 5 5
4 7 15 7
4 41 15 41
4 42 9 43
4 56 9 57
5 13 16 13
5 21 16 21
5 22 16 22
5 23 10 24
5 31 6 36
6 0 9 2
6 9 17 9
6 10 17 10
6 12 17 12
6 25 9 27
6 29 17 29
6 38 17 38
6 46 11 47
6 49 8 52
6 58 17 58
7 5 18 5
7 17 12 18
7 19 18 19
7 32 18 32
7 33 12 34
7 55 18 55
8 31 19 31
8 35 13 36
9 49 14 50
9 51 20 51
9 52 20 52
10 0 12 3
10 25 13 27
10 42 21 42
10 43 21 43
10 45 21 45
10 57 21 57
11 23 16 24
12 4 23 4
12 30 23 30
12 40 23 40
12 44 23 44
12 47 23 47
13 0 24 0
13 6 24 6
13 33 24 33
13 34 24 34
14 1 19 2
14 20 25 20
14 28 25 28
14 36 25 36
14 46 25 46
15 14 17 17
15 25 26 25
15 54 26 54
16 37 27 37
16 41 27 41
17 24 28 24
17 49 22 50
18 7 29 7
18 10 29 10
18 11 19 16
18 17 23 18
18 21 21 23
18 35 29 35
18 58 29 58
19 9 30 9
19 55 30 55
19 59 30 59
20 2 25 3
20 11 31 11
20 12 25 13
20 14 31 14
20 15 31 15
20 19 31 19
20 39 31 39
20 48 31 48
20 53 31 53
21 52 32 52
22 21 33 21
22 22 27 23
22 42 27 43
23 49 26 51
24 8 35 8
24 18 35 18
24 26 35 26
25 0 36 0
25 33 36 33
25 56 36 56
26 1 27 6
26 20 37 20
26 29 31 30
26 36 37 36
27 16 32 17
27 38 38 38
27 49 30 51
27 54 38 54
28 1 33 2
28 3 39 3
28 5 33 6
28 22 39 22
28 23 39 23
28 28 39 28
28 32 39 32
28 41 33 42
28 43 39 43
28 57 39 57
29 24 40 24
29 27 40 27
29 47 40 47
30 12 35 13
31 40 42 40
31 49 34 51
31 55 42 55
31 58 36 59
32 9 35 11
32 14 43 14
32 48 43 48
33 4 44 4
33 17 44 17
33 52 38 53
34 5 37 7
34 29 45 29
34 34 39 35
34 41 39 42
35 1 46 1
35 2 46 2
35 16 46 16
36 8 39 10
36 11 39 13
36 18 41 19
36 30 47 30
36 45 47 45
36 49 39 51
37 33 48 33
37 44 48 44
37 46 48 46
38 5 41 7
38 15 49 15
38 20 43 21
39 37 42 39
39 52 44 53
40 8 45 9
40 10 51 10
40 23 51 23
40 34 43 36
40 41 43 43
40 49 51 49
40 56 42 59
41 24 52 24
41 25 43 28
41 54 52 54
42 7 53 7
43 19 54 19
43 31 54 31
43 32 54 32
43 38 48 39
43 55 45 58
44 11 55 11
44 12 47 14
44 20 55 20
44 21 49 22
44 25 46 28
44 40 47 42
45 4 56 4
45 35 48 37
45 50 47 53
46 0 57 0
46 9 57 9
46 47 51 48
46 57 57 57
47 3 58 3
47 25 52 26
47 27 52 28
47 55 58 55
48 1 59 1
48 16 51 18
48 29 53 30
48 40 53 41
48 50 51 52
49 5 54 6
49 33 52 35
49 36 51 39
49 42 54 43
49 44 54 45
49 46 60 46
50 21 55 22
51 13 56 14
52 10 63 10
52 15 57 16
52 17 63 17
52 36 57 37
52 47 63 47
52 48 53 53
53 24 64 24
53 25 55 28
54 12 65 12
54 40 59 41
54 49 56 52
55 5 66 5
55 18 60 19
55 30 60 31
55 32 66 32
55 34 66 34
55 43 66 43
55 45 66 45
56 20 58 23
56 25 59 27
56 42 67 42
56 56 67 56
57 28 62 29
57 35 68 35
57 44 68 44
57 48 59 51
58 13 63 14
58 38 63 39
58 54 69 54
59 2 70 2
59 3 70 3
59 6 64 7
59 8 70 8
59 11 70 11
59 52 64 53
60 0 71 0
60 1 71 1
60 20 63 22
60 40 71 40
60 41 71 41
60 50 65 51
60 55 71 55
60 59 71 59
61 15 72 15
61 18 66 19
61 31 72 31
62 26 67 27
62 37 73 37
62 46 73 46
62 57 67 58
63 25 74 25
63 28 66 30
64 9 69 10
64 20 75 20
64 33 75 33
64 36 75 36
65 6 70 7
65 21 76 21
65 38 70 39
65 48 76 48
66 12 71 13
66 49 69 51
67 4 72 5
67 28 72 29
67 52 78 52
68 42 73 43
68 57 79 57
69 14 80 14
69 16 71 19
69 34 80 34
70 9 75 10
70 22 81 22
70 23 75 24
70 50 81 50
70 53 75 54
71 2 76 3
71 7 82 7
71 26 82 26
71 47 82 47
71 51 82 51
72 0 77 1
72 6 83 6
72 16 75 18
72 32 83 32
72 44 83 44
72 55 83 55
72 59 83 59
73 4 84 4
73 15 84 15
73 27 78 28
73 29 78 30
74 12 85 12
74 35 85 35
74 37 75 42
74 43 85 43
75 11 86 11
75 25 86 25
75 45 80 46
76 8 79 10
76 16 81 17
76 18 79 20
76 24 87 24
76 36 79 38
76 54 87 54
77 13 88 13
77 39 88 39
77 48 82 49
78 0 81 2
78 41 89 41
79 27 81 30
79 33 90 33
79 56 90 56
80 3 91 3
80 19 91 19
80 36 85 37
80 53 91 53
80 57 91 57
81 9 92 9
81 23 92 23
81 34 92 34
81 38 92 38
81 45 86 46
82 0 85 2
82 14 93 14
82 16 87 17
82 27 84 30
82 52 93 52
83 7 88 8
83 21 94 21
83 26 94 26
83 47 88 48
84 5 89 6
84 32 95 32
84 55 95 55
84 59 95 59
85 27 88 29
85 30 96 30
85 51 96 51
86 0 89 2
86 22 97 22
86 42 97 42
86 43 97 43
87 10 90 12
87 35 92 36
87 46 98 46
88 49 99 49
88 58 99 58
89 13 100 13
89 17 94 18
89 25 100 25
89 27 100 27
89 28 94 29
89 39 100 39
89 54 100 54
90 0 93 2
90 15 101 15
90 44 95 45
91 7 96 8
91 40 96 41
91 47 96 48
92 3 103 3
92 10 97 11
92 19 97 20
92 24 103 24
92 50 103 50
92 56 97 57
93 23 104 23
93 31 104 31
93 33 96 35
93 36 96 38
93 53 104 53
94 0 97 2
94 4 105 4
94 9 105 9
94 16 105 16
94 52 105 52
95 21 106 21
95 29 106 29
96 5 101 6
96 17 107 17
96 28 107 28
97 7 102 8
97 18 108 18
97 30 108 30
97 33 98 38
97 44 108 44
98 0 101 2
98 10 103 11
98 19 103 20
98 22 109 22
98 40 100 43
98 51 109 51
99 32 101 35
99 36 104 37
99 46 110 46
99 48 110 48
99 55 110 55
99 59 110 59
100 38 111 38
100 49 111 49
101 12 104 14
101 25 104 27
101 40 104 42
101 47 112 47
102 2 113 2
102 5 107 6
102 32 113 32
102 33 113 33
102 34 113 34
102 56 113 56
102 57 113 57
103 35 114 35
104 1 115 1
104 20 115 20
105 3 116 3
105 7 116 7
105 23 107 26
105 40 107 43
106 4 117 4
106 8 111 9
106 11 117 11
106 12 117 12
106 13 108 16
106 31 117 31
107 21 118 21
107 29 118 29
107 53 118 53
108 0 119 0
108 5 119 5
108 6 119 6
108 17 119 17
108 23 111 25
108 28 119 28
108 39 119 39
108 40 110 43
109 14 112 16
109 18 120 18
109 44 114 45
110 26 121 26
110 50 113 52
111 19 122 19
111 27 122 27
111 42 116 43
111 48 122 48
111 59 122 59
112 8 115 10
112 23 123 23
112 36 115 38
112 46 123 46
112 49 123 49
112 54 117 55
113 13 115 16
113 25 124 25
114 41 125 41
114 51 119 52
114 56 117 58
115 33 118 35
115 44 120 45
116 1 127 1
116 8 119 10
116 13 127 13
116 14 121 15
116 37 121 38
117 32 128 32
117 40 128 40
118 12 129 12
118 20 129 20
118 36 129 36
118 54 121 56
119 11 130 11
119 30 130 30
119 33 122 35
119 50 130 50
120 2 122 5
120 7 123 9
120 10 131 10
120 16 125 17
120 21 131 21
120 31 131 31
120 52 131 52
121 28 126 29
121 43 124 45
121 57 126 58
122 26 133 26
122 38 133 38
122 53 127 54
122 55 127 56
123 2 134 2
123 5 134 5
123 14 128 15
123 19 134 19
123 33 128 34
123 39 134 39
124 42 135 42
124 48 135 48
124 59 135 59
125 22 127 25
125 37 136 37
125 44 130 45
125 47 136 47
126 3 131 4
126 6 128 9
126 43 137 43
126 46 137 46
127 16 138 16
127 27 130 29
127 41 138 41
128 0 139 0
128 1 139 1
128 22 130 25
128 53 130 56
128 57 133 58
129 7 134 8
129 13 134 14
129 34 134 35
129 40 140 40
130 9 141 9
130 12 141 12
130 15 141 15
130 20 141 20
131 18 142 18
131 25 142 25
131 28 136 29
131 49 134 51
131 53 134 55
132 3 143 3
132 10 137 11
132 21 143 21
132 22 143 22
132 27 143 27
132 30 135 32
133 17 144 17
134 38 145 38
134 56 139 57
135 4 138 6
135 7 140 8
135 13 146 13
135 23 146 23
135 33 146 33
135 34 138 36
135 44 140 45
135 49 136 54
135 58 146 58
136 2 147 2
136 48 147 48
136 55 147 55
137 28 142 29
137 30 142 31
137 49 140 51
137 52 140 54
137 59 148 59
138 10 143 11
138 46 149 46
139 16 150 16
139 34 142 36
139 41 142 43
140 14 151 14
140 19 151 19
141 0 152 0
141 7 146 8
141 37 152 37
141 40 152 40
141 44 152 44
141 49 142 54
141 56 152 56
142 4 147 5
142 9 153 9
142 15 153 15
143 6 154 6
143 18 154 18
143 24 148 25
143 28 146 30
143 31 154 31
143 32 154 32
143 34 154 34
143 35 154 35
143 49 148 50
144 1 155 1
144 10 147 12
144 20 147 22
144 27 155 27
145 3 156 3
145 41 156 41
145 53 150 54
146 51 151 52
147 8 158 8
147 33 158 33
147 39 158 39
147 57 152 58
148 2 159 2
148 4 153 5
148 21 153 22
148 42 159 42
149 10 160 10
149 23 152 25
149 28 160 28
149 29 154 30
149 47 151 50
150 11 155 12
150 20 161 20
150 46 161 46
151 53 162 53
151 55 162 55
152 19 163 19
153 23 156 25
153 45 164 45
153 51 164 51
153 56 158 57
153 58 164 58
154 7 165 7
154 14 159 15
154 37 165 37
155 4 166 4
155 29 166 29
155 30 160 31
155 34 158 36
155 49 160 50
155 54 166 54
156 1 167 1
156 5 161 6
156 11 161 12
156 17 167 17
156 22 167 22
156 26 161 27
156 40 167 40
156 47 167 47
157 23 168 23
157 24 162 25
158 13 169 13
158 16 169 16
158 41 169 41
159 8 170 8
159 32 161 35
159 43 170 43
159 59 170 59
160 2 165 3
160 14 171 14
160 52 171 52
161 31 172 31
161 38 166 39
161 48 166 49
162 5 167 6
162 9 167 10
162 11 173 11
162 20 167 21
162 27 167 28
162 32 164 35
162 36 173 36
162 46 173 46
162 57 173 57
163 12 174 12
163 24 168 25
163 50 174 50
165 45 176 45
165 56 176 56
165 58 176 58
166 33 171 34
167 2 178 2
167 37 178 37
167 44 178 44
167 48 172 49
168 1 179 1
168 3 171 5
168 18 173 19
168 22 179 22
168 27 170 30
168 35 179 35
168 38 171 40
168 47 179 47
168 55 179 55
170 41 175 42
171 7 173 10
171 15 176 16
171 23 176 24
171 26 173 29
171 53 176 54
172 3 174 6
173 30 176 32
173 48 178 49
174 7 179 8
174 18 177 20
174 25 179 26
175 4 178 6
175 9 176 14
175 27 178 29
176 41 179 43
177 10 178 15
177 51 179 54
177 56 179 59
178 16 179 21
2 53 13 53
4 59 15 59
12 56 23 56
27 25 38 25
52 38 57 39
74 31 85 31
79 40 90 40
137 47 148 47
141 45 152 45
153 43 158 44
165 51 176 51
172 38 175 40
42 5 47 6
80 20 91 20
113 47 124 47
135 39 146 39
152 47 154 50
176 38 179 40
12 8 23 8
102 58 113 58
47 2 58 2
28 37 38 37
53 33 63 33
68 56 78 56
120 51 130 51
145 17 155 17
160 15 170 15
149 59 158 59
57 4 66 4
121 18 130 18
143 42 147 43
139 4 141 6
37 0 45 0
72 38 73 41
131 44 134 45
165 32 172 32
179 27 179 34
58 36 61 37
67 16 68 19
67 45 74 45
117 42 120 43
152 52 159 52
98 56 101 57
124 6 125 9
143 51 144 54
159 44 166 44
86 31 92 31
126 17 132 17
40 3 46 3
140 57 146 57
12 11 17 11
60 25 61 27
76 40 77 42
95 26 100 26
123 35 128 35
168 9 170 10
14 53 19 53
84 44 89 44
155 48 160 48
44 34 48 34
69 35 73 35
135 19 139 19
148 43 152 43
2 55 6 55
0 7 3 7
6 45 9 45
30 7 33 7
39 25 40 26
44 47 45 48
72 19 75 19
108 26 109 27
155 32 158 32
